Ind	Sp	Gen	Line	CorollaWidth	CorollaThroat	CorollaLength	OverallCorollaLength	SepalLength	LongestStamenLength	PistilLength	SeedMass	SeedLength	SeedWidth	NectarVolume	SugarConcentration	NectarySize
1360	CL5	F5	1	20.35	6.44	21.89666667	25.13	11.60666667	14.45	10.84	0.036	4.75	4.27	1.622708333	320.9370922	0.118372912
280	CL5	F5	1	17.88666667	7.003333333	21.78	23.92333333	10.42333333	14.82666667	12.68333333	0.036	4.07	4.25	1.223958333	312.5756666	0.084372858
660	CL5	F5	7	20.34666667	5.863333333	23.16666667	25.97666667	11.05	15.86	14.2	0.03	4.5	3.84	0.970416667	316.5440849	0.047476381
875	CL5	F5	7	21.14	5.626666667	20.35666667	24.60333333	10.62333333	15.13333333	14.31333333	0.027	4.35	4.03	1.085625	277.3185365	0.052762154
590	CL5	F5	8	22.72333333	6.703333333	25.28333333	29.57	10.65666667	17.32	13.99	0.033	4.85	4.08	1.595625	313.421384	0.076981097
987	CL5	F5	8	18.5	6.63	22.86	25.46666667	10.09333333	14.52333333	12.39	0.036	4.82	4.14	1.279583333	299.1464047	0.064639039
1012	CL5	F5	9	22.27666667	6.323333333	23.61333333	26.95	12.26	16.10666667	14.08666667	0.02	3.53	3.51	1.598333333	344.5642826	0.105163944
827	CL5	F5	9	17.24333333	5.773333333	20.39	23.18333333	9.623333333	12.93333333	12.68333333	0.018	3.29	3.32	0.99875	340.2973648	0.053669677
525	CL5	F5	11	23.96	7.203333333	25.45333333	29.33	11.77666667	17.67333333	14.79333333	0.033	4.58	4.15	2.392708333	337.905913	0.100433951
805	CL5	F5	11	23.36	6.286666667	22.47333333	28.05	12.06666667	16.27333333	14.49666667	0.033	4.56	4.4	1.8825	310.7162175	0.093831387
1148	CL5	F5	12	22.01	7.093333333	22.31666667	25.81666667	10.16	17.02333333	14.61666667	0.031	4.06	3.98	2.615208333	288.2462471	0.106498865
231	CL5	F5	12	20.92333333	5.956666667	19.76	23.65333333	9.993333333	15.77333333	13.06333333	0.029	4.35	3.91	1.214791667	291.8527002	0.067267242
140	CL5	F5	13	22.02666667	6.51	23.3	27.34333333	10.45	16.52333333	14.66	0.024	4.18	3.59	1.808125	310.2234499	0.079106115
911	CL5	F5	13	22.01333333	7.17	24.66666667	28.25333333	10.5	17.50333333	14.97333333	0.03	4.35	3.83	1.422083333	360.9692465	0.095020187
1274	CL5	F5	15	24.81	7.24	26.72666667	31.34666667	12.59	17.84666667	15.47666667	0.025	3.8	3.76	2.525625	320.5366949	0.129329558
785	CL5	F5	15	24.62666667	6.873333333	25.4	30.09	13.32	17.23	13.99333333	0.021	3.77	3.65	1.509583333	287.4963479	0.125416945
1398	CL5	F5	18	24.31	7.77	24.74	28.34666667	11.09	18.43666667	16.15	0.026	4.6	4.05	2.764791667	372.6692161	0.225349686
1401	CL5	F5	18	24.81333333	7.91	25.52333333	29.65333333	12.64333333	19.26	16.77	0.023	4.58	3.79	1.939791667	358.3697981	0.228730324
722	CL5	F5	19	21.36333333	6.1	22.37333333	26.91666667	12.74333333	16.24666667	13.1	0.03	4.3	4.57	1.181875	305.719458	0.091591368
890	CL5	F5	19	19.84666667	5.57	19.76	23.74	10.81333333	14.35666667	12.03666667	0.031	4.56	4.18	1.596458333	291.761314	0.074895726
474	CL5	F5	21	22.79666667	6.856666667	22.60333333	27.18333333	9.323333333	16.61666667	13.46333333	0.028	4.9	4.29	1.863541667	337.9626782	0.08622267
550	CL5	F5	21	21.23666667	7.12	24.26333333	28.05666667	10.45666667	17.67333333	13.64333333	0.038	4.89	4.78	1.462083333	335.1879011	0.103437809
110	CL5	F5	24	21.77	6.43	21.69333333	26.66333333	10.20333333	15.42333333	13.46666667	0.032	3.91	4.09	2.419375	325.0083321	0.107925274
716	CL5	F5	24	21.71	6.423333333	22.59333333	26.51	10.63333333	16.24333333	14.19	0.024	3.78	3.94	2.963958333	350.2740371	0.133090822
1015	CL5	F5	27	23.26666667	6.97	23.18666667	27.85333333	12.44	17.26666667	14.93666667	0.027	4.26	4.01	1.84	341.8012361	0.107973928
1172	CL5	F5	27	21.32666667	5.946666667	20.26	24.57666667	12.34333333	14.59	13.04666667	0.031	4.61	4.18	2.279166667	311.6267322	0.100079229
643	CL5	F5	29	22.06666667	6.576666667	20.93	25.72	11.02	16.50666667	13.8	0.03	4.48	4.45	0.734166667	315.7039406	0.135489159
692	CL5	F5	29	20.70333333	6.37	21.82666667	24.53333333	10.79666667	15.92333333	12.59333333	0.028	4.13	4.06	1.34	325.8989836	0.124144103
1229	CL5	F5	30	22.45	6.85	23.77	28.19666667	11.17666667	16.12666667	14.94	0.027	4.22	4.02	2.910416667	336.6596365	0.120660913
19	CL5	F5	30	22.475	6.93	25.385	28.87	10.385	17.92	15.3	0.025	4.21	4.04	1.864375	286.41823	0.092160528
829	CL5	F5	33	23.24666667	6.533333333	21.65	26.39333333	11.17333333	16.25666667	14.77	0.022	3.93	3.45	2.078125	313.1399559	0.116940268
884	CL5	F5	33	23.85333333	7.31	25.83	29.47333333	11.43333333	17.02666667	16.96333333	0.021	4.18	3.71	2.320625	348.9529617	0.128777222
682	CL5	F5	36	19.47333333	6.136666667	22.16333333	25.05666667	10.95666667	15.78666667	12.85333333	0.032	4.6	4.35	1.567083333	264.2114692	0.095898645
932	CL5	F5	36	20.60666667	5.683333333	21.01666667	25.63333333	11.15666667	14.55333333	11.87666667	0.038	4.88	4.6	0.449583333	176.5101816	0.066556711
1337	CL5	F5	38	22.02333333	6.99	24.51666667	27.91333333	11.73333333	17.61	15.66333333	0.032	4.69	4.07	2.57625	350.0165146	0.171766897
691	CL5	F5	38	20.52	6.55	22.56	25.77333333	10.04666667	17.3	14.09	0.03	4.65	4.08	2.310625	349.6201053	0.150652655
1200	CL5	F5	40	20.59333333	6.576666667	23.03666667	26.66	11.79	16.7	13.19666667	0.036	4.9	4.19	1.97375	302.0036444	0.133195439
774	CL5	F5	40	22.90333333	6.29	22.26333333	26.25	11.84	15.92	12.44333333	0.029	4.42	4.02	1.422083333	321.3041948	0.102454076
130	CL5	F5	41	18.15666667	5.436666667	17.90333333	21.04	8.613333333	11.86666667	9.816666667	0.024	4.22	3.88	0.095625	327.4369713	0.058621196
872	CL5	F5	41	24.9	7.336666667	23.74	28.87666667	10.68333333	17.39666667	15.59666667	0.024	4.31	3.81	1.3275	283.9060463	0.060727704
263	CL5	F5	42	20.43666667	7.686666667	23.58	26.28	10.98	16.29333333	14.24333333	0.033	4.57	4.09	2.11875	353.1228406	0.124819407
57	CL5	F5	42	23.58666667	7.063333333	25.03333333	28.17666667	11.39	17.08	14.6	0.034	4.87	4.14	1.859791667	313.309645	0.111924663
366	CL5	F5	44	21.89666667	6.136666667	23.20333333	27.77666667	11.30333333	17.52333333	14.79666667	0.026	4.56	4.06	1.921458333	358.0558253	0.128879427
824	CL5	F5	44	22.25	6.853333333	25.3	28.39333333	11.45333333	18.14	14.83333333	0.039	5.01	4.47	1.694791667	366.637918	0.114785341
338	CL5	F5	45	17.16666667	5.283333333	19.2	22.21666667	10.82333333	13.6	11.11666667	0.035	4.87	4.32	1.509791667	313.6074017	0.073254102
393	CL5	F5	45	16.02333333	5.38	18.66666667	21.57666667	11.24666667	14.02666667	11.42333333	0.033	4.91	4.22	1.01875	368.3603766	0.056790971
1032	CL5	F5	46	24.46333333	7.943333333	25.04	28.53	11.53333333	16.96	15.67666667	0.034	4.81	4.37	1.26625	341.8345902	0.143692156
655	CL5	F5	46	19.90333333	6.793333333	19.38	22.96666667	9.56	14.14666667	13.19333333	0.032	4.56	4.46	0.413958333	298.9109489	0.086230979
56	CL5	F5	48	25.47666667	7.343333333	24.97333333	30.11333333	10.8	18.31666667	13.41333333	0.026	4.16	4.33	1.054791667	277.0033931	0.095630753
9	CL5	F5	48	24.27	6.74	23.61666667	28.17666667	10.26	16.95	13.72	0.034	4.36	4.35	1.108125	326.2434028	0.111979579
112	CL5	F5	49	27.04666667	7.713333333	27.38333333	31.78666667	11.52666667	18.74	15.05666667	0.04	5.1	4.33	2.040416667	375.9955991	0.12140664
199	CL5	F5	50	27.17333333	7.45	25.62666667	31.63	11.91	18.60333333	16.33666667	0.04	5.56	4.61	1.93	344.3930417	0.126082382
521	CL5	F5	50	24.00666667	6.196666667	23.38666667	27.68	11.69333333	17.72	15.95666667	0.033	5.52	4.46	1.094791667	303.5380067	0.089299944
1405	CL5	F5	52	24.67333333	6.8	25.39666667	27.39666667	11.21666667	16.53	13.92666667	0.021	3.95	3.58	1.160833333	345.4056297	0.095284959
1408	CL5	F5	52	23.63	6.466666667	22.57666667	26.64	11.17333333	15.23333333	12.36666667	0.022	3.88	3.63	1.082708333	366.3176278	0.08735059
1021	CL5	F5	53	23.35666667	7.236666667	24.12	26.89333333	10.55	17.40333333	14.49333333	0.025	4.19	4.05	2.67375	353.0559823	0.150616586
538	CL5	F5	53	21.47666667	6.093333333	21.62666667	26.03666667	10.56666667	15.56333333	12.29666667	0.025	4.18	4.06	1.486875	340.7510689	0.113283129
592	CL5	F5	55	24.68333333	6.253333333	26.21	30.67	13.14666667	17.08333333	15.79666667	0.027	4.54	3.93	1.667083333	355.3586601	0.114534429
996	CL5	F5	55	23.06	6.9	24.31	28.61666667	11.41666667	16.82666667	15.46666667	0.028	4.3	4.13	2.061041667	316.1954606	0.096892462
646	CL5	F5	56	20.26	6.32	20.13	24.37333333	11.96	14.86	12.16333333	0.026	4.23	3.99	0.654791667	300.3064566	0.0761535
847	CL5	F5	56	22.76666667	6.73	22.32	26.9	11.76333333	16.62333333	13.72333333	0.029	4.59	3.97	1.648333333	329.1627534	0.120434433
1004	CL5	F5	58	25.42333333	7.5	23.62	29.33666667	12.57666667	16.62666667	15.08666667	0.029	4.32	3.95	1.127083333	317.1546992	0.110886432
694	CL5	F5	58	23.71666667	6.823333333	20.88	25.16666667	13.34666667	14.26666667	13.71	0.032	4.62	4.1	1.210416667	321.6350306	0.146600681
355	CL5	F5	59	23.53	6.556666667	22.95333333	26.99666667	11.63	15.69	14.77333333	0.025	4.76	3.92	1.776458333	334.3504337	0.097029926
864	CL5	F5	59	21.62	6.226666667	22.05666667	25.86333333	12.61666667	14.68666667	12.33666667	0.024	4.61	3.87	1.98875	332.0550042	0.069368593
1111	CL5	F5	62	19.80666667	6.496666667	20.12333333	23.97333333	10.83666667	15.74	14.27	0.03	4.89	4.14	2.80125	309.3896984	0.10588329
463	CL5	F5	62	22.00666667	6.326666667	22.23333333	25.71333333	12.08	15.52	14.11	0.029	4.72	4.16	1.773958333	344.1933789	0.122730936
1322	CL5	F5	63	20.37	5.7	20.33333333	24.44666667	10.89	14.42	12.64	0.029	4.62	3.88	1.495833333	331.8969526	0.080874296
698	CL5	F5	63	20.32666667	6.343333333	21.57333333	24.81	11.23333333	14.88	13.36333333	0.028	4.3	3.88	0.925833333	263.5548965	0.058826661
457	CL5	F5	64	23.65333333	6.44	21.52333333	26.09666667	11.41	15.39666667	15.73666667	0.029	4.4	4.06	1.684791667	351.9607071	0.200118081
468	CL5	F5	64	22.71333333	6.28	21.24	25.09	11.50333333	15.71666667	16.07666667	0.031	4.71	4.26	1.472708333	331.8148199	0.120390618
1243	CL5	F5	69	22.38333333	6.74	23.31666667	26.36	11.99333333	16.85333333	14.59666667	0.035	5.1	4.2	2.492708333	335.2225317	0.10649429
873	CL5	F5	69	21.38333333	6.92	21.92	26.04333333	11.49	16.44333333	14.44666667	0.035	4.89	4.09	1.454583333	296.2629066	0.099118809
1069	CL5	F5	70	24.36666667	6.476666667	23.71666667	28.32666667	11.51333333	16.67	15.5	0.023	4.08	3.75	2.14	390.4342505	0.131564035
155	CL5	F5	70	21.31333333	6.51	21.88333333	25.58333333	9.843333333	15.18666667	14.08666667	0.025	4.1	3.52	1.340208333	382.5263751	0.110796604
233	CL5	F5	71	23.40666667	6.69	21.60666667	27.31	10.80666667	16.48	14.63666667	0.027	4.4	4.01	1.273541667	309.2083374	0.093931069
489	CL5	F5	71	24.30666667	6.406666667	23.76666667	28.14333333	12.61666667	16.56333333	14.70333333	0.03	4.67	4.05	1.202708333	282.3285609	0.156235294
1112	CL5	F5	72	18.67333333	5.353333333	19.31333333	22.81333333	10.29333333	15.24333333	12.35666667	0.034	4.68	4.16	1.190208333	320.7631508	0.052080388
954	CL5	F5	72	19.89	5.936666667	21.59333333	25.07333333	10.74333333	15.64	13.18333333	0.027	4.49	3.93	1.53875	315.2770461	0.105497096
362	CL5	F5	74	23.24	7.273333333	24.60666667	27.82666667	11.37333333	17.31	15.59	0.037	5.18	4.29	2.403541667	366.6735795	0.175933066
657	CL5	F5	74	23.02	6.506666667	21.37	26.20666667	10.69333333	16.17	12.72666667	0.037	4.87	4.43	2.01625	365.8195237	0.189824665
1282	CL5	F5	76	23.51333333	6.386666667	25.09	28.05666667	10.57666667	17.76666667	14.22666667	0.032	4.89	4.15	1.421041667	332.7186222	0.103039327
372	CL5	F5	76	24.29666667	6.376666667	21.26	27.84666667	11.76333333	15.88333333	12.98333333	0.033	4.96	4.07	1.57	328.9358241	0.140655435
1286	CL5	F5	80	22.48333333	7.183333333	20.8	25.14666667	10.29	15.64666667	12.49666667	0.027	4.2	4.86	0.58625	265.6743568	0.063143523
131	CL5	F5	80	21.89666667	6.32	21.39333333	25.20333333	11.49333333	15.45666667	13.04333333	0.029	4.2	3.85	0.141666667	258.2083638	0.063249627
1050	CL5	F5	83	19.96333333	6.02	21.91666667	25.78	11.08666667	15.95666667	13.15333333	0.029	4.58	3.92	0.994166667	323.7515691	0.067781171
751	CL5	F5	83	20.61666667	6.35	25.57333333	28.05333333	11.28	16.22333333	13.51	0.029	4.39	4.02	1.07375	282.8791453	0.062701439
1063	CL5	F5	84	23.43	6.866666667	24.45666667	29.16	12.25333333	16.38	14.64666667	0.03	3.99	3.88	1.780208333	350.5433947	0.108350645
1087	CL5	F5	84	22.77	6.7	25.16666667	28.25	12.43333333	17.09333333	15.83	0.027	4.35	3.8	2.019583333	326.2470487	0.123721232
1113	CL5	F5	86	25.77333333	6.79	23.40666667	29.12	10.77666667	17.55	15.89666667	0.029	4.47	3.76	2.799166667	336.655797	0.104190019
831	CL5	F5	86	23.59666667	6.993333333	22.79333333	26.79333333	10.38666667	16.61666667	15.80333333	0.034	4.6	4.08	2.26875	270.6213484	0.104714805
1358	CL5	F5	88	18.85	5.89	23.52	25.32	10.92	16.21	13.18	0.033	4.48	3.78	1.5025	292.846782	0.098660793
858	CL5	F5	88	18.59	5.213333333	19.82333333	23.93	10.23666667	14.85	12.31	0.031	4.65	3.86	1.063958333	323.7781242	0.082513654
1222	CL5	F5	91	23.07666667	6.943333333	23.32333333	28.17	11.47333333	16.54	15.64	0.029	4.53	4.04	0.711875	246.7464908	0.070759134
1325	CL5	F5	91	26.43	7.293333333	25.10666667	30.28	12.49	18.88333333	18.31	0.028	4.74	4.21	2.367083333	345.4641747	0.089695471
1056	CL5	F5	92	21.04333333	7.416666667	22.92	25.86666667	12.17666667	16.61666667	14.66333333	0.039	4.59	4.03	2.440833333	374.984114	0.117754033
686	CL5	F5	92	22.6	6.75	22.73333333	26.32666667	12.73333333	15.93333333	14.08666667	0.033	4.79	3.99	1.512916667	323.8860223	0.10477585
1213	CL5	F5	94	21.79333333	6.11	21.96	26.31	12.26	14.47	12.50333333	0.037	4.58	4	1.33875	306.3189652	0.09796262
1221	CL5	F5	94	21.34333333	6.476666667	22.13666667	26.87666667	12.08333333	15.35333333	12.48	0.032	4.47	4.3	0.52	272.5145055	0.052809985
1147	CL5	F5	95	21.99333333	6.65	24.62	27.36666667	11.78333333	16.17	17.00333333	0.025	4.64	3.88	3.0775	359.3842054	0.137556207
797	CL5	F5	95	25.925	6.61	23.12	28.645	11.985	14.995	16.175	0.032	4.8	4.67	2.8409375	314.8871979	0.136387711
60	CL5	F5	99	22.07666667	7.093333333	23.55666667	27.32666667	9.993333333	17.30666667	14.62333333	0.025	4.02	3.96	2.083958333	367.6676641	0.10387508
647	CL5	F5	99	20.9	6.456666667	23.75333333	26.95333333	10.29	15.1	13.69666667	0.027	4.22	3.97	1.449166667	315.1386372	0.101367534
1389	CL5	F5	104	25.49333333	7.92	25.15666667	29.98666667	13.27	16.36	15.23333333	0.032	4.71	3.9	2.046875	342.2351515	0.08925649
649	CL5	F5	104	24.27	8.34	24.98333333	28.63333333	12.3	16.79	14.57333333	0.036	5.14	4.25	1.464166667	294.5375284	0.091356233
1057	CL5	F5	105	24.64333333	6.99	24.15333333	29.7	12.17	16.07	15.75	0.03	4.64	3.97	1.14	327.2298751	0.081090987
495	CL5	F5	105	24.36	7.516666667	24.76333333	28.84	10.67333333	16.34	15.03	0.029	4.62	4.12	1.161041667	321.4390084	0.090450775
269	CL5	F5	106	16.53666667	5.196666667	19.41666667	22.61	8.926666667	12.52	10.88333333	0.025	4.06	3.9	0.349166667	241.6934319	0.078515623
54	CL5	F5	108	21.35333333	6.46	24.46666667	28.21	10.86666667	16.98	14.46333333	0.027	4.17	4.05	1.354375	283.0814958	0.070676431
907	CL5	F5	108	21.43333333	5.97	22.91666667	26.67333333	10.74	15.81333333	13.91333333	0.03	4.37	4.15	1.152708333	284.5664911	0.060152928
1151	CL5	F5	109	19.67666667	6.86	22.70333333	25.54666667	9.81	15.97	13.5	0.034	4.81	4.17	1.435833333	308.1189035	0.06727165
1164	CL5	F5	109	23.66	6.836666667	23.02333333	27.09666667	11.35666667	16.21666667	14.25666667	0.033	4.57	4.2	1.231458333	273.0100536	0.111740501
1335	CL5	F5	112	24.73333333	7.003333333	25.92	30.95666667	11.51333333	17.25666667	15.03333333	0.027	4.17	3.53	1.594375	307.0248847	0.072326334
82	CL5	F5	112	21.64666667	6.71	25.01	27.88	10.26	16.18	14.15333333	0.031	4.31	3.85	1.763333333	316.3739496	0.102880361
1333	CL5	F5	115	18.99666667	6.266666667	19.59333333	23.11666667	9.706666667	14.17666667	10.62	0.033	4.64	3.99	1.83125	264.1730851	0.086902841
885	CL5	F5	115	18.15	6.266666667	20.07666667	22.46333333	9.04	14.26666667	13.54	0.035	4.48	4.17	0.344375	278.2437893	0.04342189
1182	CL5	F5	118	18.13	6.17	19.86333333	23.66666667	10.63333333	15.05333333	13.58666667	0.034	4.61	4.08	1.1075	262.5491891	0.079222814
702	CL5	F5	118	19.09333333	5.766666667	21.32666667	24.29333333	10.93	16.07333333	13.98666667	0.032	4.65	4.01	0.666041667	300.0301563	0.053614338
1290	CL5	F5	120	20.59666667	6.896666667	21.03666667	24.97	12.31666667	14.86666667	12.66666667	0.038	5.04	4.3	1.340833333	269.5460616	0.123994965
688	CL5	F5	120	19.03666667	6.426666667	22.04333333	24.69666667	11.38333333	15.68	13.85666667	0.036	4.8	3.91	1.117916667	289.7713496	0.116232215
1093	CL5	F5	121	18.91666667	6.03	20.14666667	22.52	10.81333333	13.80333333	11.41333333	0.024	3.92	3.59	0.96375	296.3739303	0.045174747
297	CL5	F5	121	19.81666667	6.106666667	20.76	24.51	11.42666667	14.41666667	11.62	0.026	3.84	3.11	0.7475	264.3217132	0.052639444
1094	CL5	F5	122	23.11333333	6.546666667	24.03666667	28.88333333	11.57333333	17.12666667	14.65666667	0.027	4.29	3.84	1.395208333	268.1031603	0.099380097
1252	CL5	F5	122	21.60333333	6.78	22.06	26.22333333	11.06	15.50333333	12.63333333	0.028	4.27	4.07	0.468333333	225.8778245	0.072338152
236	CL5	F5	124	16.42666667	5.85	20.54666667	23.72	9.726666667	13.81	13.83666667	0.028	4.37	4.53	0.934375	336.1385372	0.093102626
599	CL5	F5	124	20.47333333	6.81	24.78333333	28.10333333	11.03	16.40666667	15.75666667	0.029	4.35	4.25	1.888125	298.6647057	0.093785713
1180	CL5	F5	125	19.35	6.07	19.82	23.43666667	11.41666667	15.13	13.42333333	0.025	4.12	3.95	1.063958333	274.4440992	0.070585137
844	CL5	F5	125	21.49666667	6.036666667	21.87	26.09	11.40333333	16.07333333	14.70333333	0.029	4.17	4.12	0.820833333	249.216905	0.059036112
369	CL5	F5	126	19.69	5.736666667	20.06666667	23.76	9.98	15.12	13.89666667	0.032	4.68	4.03	1.28875	333.5581763	0.069369229
625	CL5	F5	126	24.49666667	6.436666667	23.01333333	28.64666667	11.09	16.61	15.01	0.032	4.5	4.11	1.201666667	283.535425	0.11134167
1123	CL5	F5	128	22.76666667	7.546666667	26.22333333	29.14666667	11.63	17.16333333	16.94333333	0.027	4.29	4.31	1.994166667	296.0729663	0.125730611
559	CL5	F5	128	26.38333333	7.21	26.69666667	31.42666667	11.19333333	17.03333333	15.80333333	0.032	4.43	4.23	1.865833333	318.0956497	0.120712277
598	CL5	F5	130	27.54666667	7.423333333	22.09333333	28.18666667	11.95	15.30666667	13.50333333	0.034	4.45	4.54	1.537291667	303.8093059	0.207790478
966	CL5	F5	130	25.34	7.263333333	21.99333333	26.48	12.40666667	16.48	12.78333333	0.035	4.11	4.27	1.734166667	306.8118206	0.144621821
1011	CL5	F5	132	22.35	6.396666667	25.05333333	29.51666667	10.55333333	16.73333333	13.37333333	0.028	4.03	3.6	1.02125	289.9004919	0.082015089
103	CL5	F5	132	23.52666667	6.186666667	24.87	30.39	11.18333333	18.05	13.8	0.031	4.54	3.95	1.445416667	274.6411997	0.070617331
1306	CL5	F5	133	22.75333333	7.096666667	22.36	26.61333333	11.64	16.57	14.84333333	0.025	4.5	3.99	1.881041667	328.4282081	0.091903837
656	CL5	F5	133	21.42	7.033333333	22.77333333	25.94333333	10.50333333	16.6	14.03	0.025	4.41	3.93	0.585625	269.6732362	0.057639894
1028	CL5	F5	134	21.68	5.466666667	21.88666667	26.29333333	11.49666667	16.54333333	15.01	0.028	4.42	3.99	1.650625	349.1416489	0.119667079
653	CL5	F5	134	21.17666667	6.276666667	22.62	26.89666667	10.94333333	16.08666667	14.56666667	0.026	4.34	4.02	1.762291667	302.3916466	0.133036143
830	CL5	F5	135	22.69333333	6.87	22.66	27.18666667	12.56666667	14.51	12.50333333	0.033	4.74	4.01	0.979166667	305.5712228	0.099728693
968	CL5	F5	135	21.52333333	7.373333333	21.23	26.65333333	11.35333333	14.55666667	12.71666667	0.037	4.76	4.16	2.614791667	288.3227896	0.095382298
546	CL5	F5	136	23.00333333	6.203333333	20.87666667	25.81	11.21	13.40666667	11.96666667	0.029	4.76	3.88	1.621041667	269.3255322	0.095101219
626	CL5	F5	136	21.96333333	5.976666667	22.44666667	26.11333333	10.82	15.71333333	13.36333333	0.024	4.36	3.89	0.766666667	245.5366807	0.067613204
26	CL5	F5	137	20.85666667	6.026666667	21.76666667	25.61	11.01666667	15.53	13.08333333	0.029	3.96	3.69	1.231666667	266.2274656	0.085197193
992	CL5	F5	137	18.88666667	5.873333333	21.67666667	24.25666667	10.59666667	14.45333333	11.37666667	0.033	4.42	3.74	1.505416667	260.3769582	0.087633125
104	CL5	F5	138	21.47333333	6.206666667	22.21666667	26.07333333	9.763333333	14.09666667	12.96	0.03	4.17	4.22	1.137083333	261.9370026	0.06593406
191	CL5	F5	138	21.76	6.806666667	23.30666667	27.08666667	10.51333333	15.85666667	14.45	0.027	3.9	3.98	1.639583333	285.1620785	0.084569112
32	CL5	F5	139	21.14	6.776666667	24.16666667	27.26	10.63	17.03666667	13.43666667	0.027	4.12	3.83	1.552083333	295.4536551	0.077239323
740	CL5	F5	139	19.52	6.106666667	20.32	24.23333333	9.696666667	14.85333333	13.45333333	0.023	3.81	3.55	0.970625	302.346122	0.123548894
1311	CL5	F5	141	23.65	6.43	24.73	28.71333333	11.58333333	16.77333333	16.48666667	0.033	4.36	4.08	2.241875	299.397785	0.137715182
815	CL5	F5	141	21.87666667	6.393333333	22.49	25.61	10.35333333	15.10333333	14.80333333	0.032	4.4	3.89	0.932916667	352.5239471	0.098528173
346	CL5	F5	142	22.18333333	7.213333333	22.55	26.3	10.74333333	16.44	14.84	0.034	4.7	4.11	1.469791667	332.1538996	0.095236957
120	CL5	F5	143	26.78333333	6.676666667	24.98	30.41666667	11.72	17.43	16.01333333	0.03	4.37	4.04	1.735833333	278.2790151	0.095761157
552	CL5	F5	143	26.10333333	6.75	24.70666667	29.83666667	11.03333333	16.74	14.22	0.031	4.52	4.05	2.103333333	327.1470126	0.082526734
1102	CL5	F5	144	18.17333333	5.523333333	20.97	24.23333333	9.966666667	15.88666667	14.84666667	0.029	4.47	3.73	1.252708333	277.09779	0.051941212
928	CL5	F5	144	19.25	5.313333333	22.21333333	26.02666667	10.55333333	16.42666667	14.57666667	0.028	4.38	3.92	0.688958333	256.6939048	0.066671928
298	CL5	F5	145	24.89666667	7.7	25.46666667	29.7	12.21333333	17.48	15.90333333	0.03	4.9	3.96	1.039791667	341.3576864	0.140287623
313	CL5	F5	145	20.35333333	7.646666667	26.05333333	29.29	12.06	17.43	16.2	0.033	4.95	4.1	1.779375	362.8292016	0.120070328
1241	CL5	F5	146	24.58666667	6.8	23.15666667	27.81333333	12.06666667	15.47666667	14.36	0.03	4.14	3.66	2.307291667	344.0071303	0.103860509
973	CL5	F5	146	23.24333333	7.493333333	22.89	27.07333333	11.35	16.40333333	13.87666667	0.025	3.92	3.72	1.519375	329.7984652	0.080277198
1019	CL5	F5	147	22.62	6.173333333	22.49333333	26.64	10.79	16.93666667	13.95333333	0.031	4.24	4.11	2.946041667	330.7176921	0.121206963
1114	CL5	F5	147	20.3	5.96	21.33	25.31333333	8.49	16.63	12.94333333	0.025	3.95	3.81	2.014791667	316.7341247	0.085603419
1082	CL5	F5	148	24.12666667	7.336666667	21.95666667	27.30333333	10.46	15.21	12.93333333	0.028	4.17	4.28	1.63875	310.7056839	0.099868329
595	CL5	F5	148	24.2	7.576666667	23.16333333	27.37	10.21333333	15.24666667	13.74	0.026	3.99	3.71	1.973541667	285.1026263	0.0982588
499	CL5	F5	149	21.3	6.456666667	20.22333333	24.98666667	10.38333333	14.17333333	13.63	0.026	4.17	3.7	1.72375	280.5117889	0.091302367
533	CL5	F5	149	20.16666667	6.163333333	21.21666667	24.90666667	9.87	14.17666667	13.01666667	0.03	4.06	3.84	1.777083333	309.3720964	0.115271629
1206	CL5	F5	150	22.03666667	6.816666667	22.51	25.75	10.77333333	16.74333333	13.92333333	0.023	3.65	3.3	0.5675	235.3401012	0.088690838
518	CL5	F5	150	20.34333333	6.406666667	20.41	24.37333333	11.45666667	16.22	13.70666667	0.028	3.9	3.6	1.115	273.2136428	0.124398072
1277	CL5	F5	151	20.2	6.166666667	19.85666667	23.97333333	10.82333333	14.97333333	12.08666667	0.029	4.27	3.77	1.96375	303.269953	0.083840864
188	CL5	F5	151	20.20666667	6.193333333	20.18	23.67333333	10.75	14.82666667	13.26333333	0.033	4.86	3.95	1.400416667	320.7083399	0.085631288
152	CL5	F5	152	22.99	6.893333333	22.78666667	27.83	11.43666667	17.12333333	15.84333333	0.037	4.69	4.23	0.460208333	271.398015	0.062803168
729	CL5	F5	152	25.88333333	7.223333333	27.35	31.38666667	11.27666667	19.07	17.28	0.03	4.58	3.82	2.398958333	342.6007154	0.115346883
1174	CL5	F5	153	22.34	6.756666667	22.80666667	27.06666667	10.73666667	16.53333333	14.27666667	0.033	4.6	4.46	1.974375	323.1501094	0.103280183
1284	CL5	F5	153	23.69666667	6.283333333	22.51	26.92666667	10.87	16.03666667	13.87333333	0.034	4.37	4.34	2.031041667	316.7466551	0.116136793
126	CL5	F5	155	24.97333333	6.98	21.15333333	27.12333333	11.99	16.97333333	13.04666667	0.031	4.44	3.96	1.64875	352.2392376	0.132437246
424	CL5	F5	155	22.63	6.283333333	20.24	25.15333333	10.62	16.00333333	12.49666667	0.03	4.37	3.76	1.632916667	326.9562911	0.121336568
578	CL5	F5	156	19.31	5.826666667	19.35333333	23.27333333	10.43666667	13.40666667	9.793333333	0.03	4.34	4	0.830208333	258.5009972	0.067934335
609	CL5	F5	156	20.55	6.113333333	20.45	24.26666667	10.62	15.77333333	12.26333333	0.031	4.25	3.67	1.052916667	366.8038888	0.097830217
1045	CL5	F5	157	21.90333333	6.216666667	23.03	26.35333333	11.70666667	16.83666667	14.86	0.035	4.64	4.05	0.946458333	377.8062116	0.120046792
361	CL5	F5	157	17.78333333	5.776666667	18.19	21.51333333	10.85	13.97	12.61666667	0.032	4.65	3.99	0.551666667	364.337148	0.076001012
333	CL5	F5	158	21.11333333	6.016666667	20.91	25.50666667	10.59	15.96	14.55333333	0.03	3.85	3.77	1.001041667	266.448196	0.064730213
558	CL5	F5	158	19.47333333	6.08	21.72	25.09	9.92	15.00666667	14.26666667	0.033	3.96	3.74	1.417708333	306.0933766	0.098346394
480	CL5	F5	160	17.99333333	5.76	21.23666667	24.87333333	11.44	13.42333333	14.30333333	0.03	3.08	4.19	0.819583333	286.5933212	0.063895215
901	CL5	F5	160	19.55	6.5	23.24	27.25333333	10.80333333	16.22666667	14.47333333	0.025	3.97	3.63	1.820833333	274.0781122	0.106687549
1118	CL5	F5	161	20.92666667	7.026666667	21.24	25.81	10.57666667	15.94666667	14.34666667	0.033	4.69	3.89	2.600625	316.516496	0.16457376
1316	CL5	F5	161	22.57333333	6.643333333	22.39333333	26.69	12.65666667	15.52666667	14.32666667	0.037	4.68	4.05	2.849375	315.3394394	0.124794488
1128	CL5	F5	162	20.77	6.613333333	21.14333333	24.1	11.95	15.01	12.87666667	0.03	4.05	3.94	2.26	346.4968693	0.103659877
793	CL5	F5	162	21.79333333	6.333333333	22.23	25.61666667	12.79666667	15.50333333	13.79333333	0.03	4.7	4.12	0.423541667	310.1522158	0.109348002
1203	CL5	F5	165	18.75333333	5.82	21.05333333	24.25	11.41333333	14.63	11.37666667	0.027	3.97	3.53	0.820416667	282.1125223	0.075074893
1338	CL5	F5	166	24.01666667	6.72	27.92	31.42666667	12.49666667	17.95	16.79	0.028	4.36	4.03	1.919375	308.2406037	0.1017431
1380	CL5	F5	166	23.75333333	7.03	27.75666667	31.87	12.15	19.24	17.32666667	0.032	4.34	4.01	2.659166667	329.9930518	0.116287858
1025	CL5	F5	172	21.26	6.79	22.11666667	25.54333333	11.27	14.95	12.45	0.027	4.16	3.75	1.45125	323.7461276	0.100832105
715	CL5	F5	172	20.77	7.386666667	23.54666667	26.70666667	10.28333333	15.23666667	12.64333333	0.037	4.41	4.14	1.216666667	294.4920201	0.088701413
1372	CL5	F5	174	19.59333333	6.373333333	22.25	25.16333333	10.69666667	15.17	12.16333333	0.03	4.29	3.78	1.2175	251.3803945	0.083584358
849	CL5	F5	174	16.22	6.08	18.57666667	21.53	9.326666667	12.29	9.463333333	0.021	4.05	3.51	0.423958333	240.6188293	0.054427015
1183	CL5	F5	176	21.73333333	6.95	23.97	27.10666667	11.38666667	17.08	13.91666667	0.032	4.68	4.04	1.828333333	369.6656677	0.121636675
1407	CL5	F5	176	22.63	7.15	23.43	27.17	11.42666667	16.89333333	14.85666667	0.033	4.81	4.25	2.270833333	399.1006113	0.26089272
197	CL5	F5	177	25.58	7.226666667	23.26333333	28.36333333	10.83	18.15666667	16.04	0.031	3.7	3.95	1.809375	300.7469288	0.122169985
923	CL5	F5	177	22.58333333	6.613333333	22.38666667	27.45666667	9.686666667	17.12	14.41	0.034	4.58	3.92	2.132083333	270.4554845	0.087739131
1119	CL5	F5	180	20.34666667	6.233333333	23.59	26.89333333	10.18666667	17.44	16.9	0.035	4.95	4.12	2.103958333	273.8292342	0.091990292
35	CL5	F5	180	22.10333333	6.353333333	22.58666667	26.37	10.99	16.95333333	15.87	0.034	4.66	4.32	1.51625	270.9001385	0.09485114
738	CL5	F5	181	20.66333333	5.286666667	23.94333333	26.55666667	11.55666667	16.15666667	15.33333333	0.027	4.82	3.92	1.630833333	338.9387501	0.083462674
877	CL5	F5	181	19.44333333	5.413333333	22.84333333	24.71	10.74333333	15.63333333	14.78333333	0.03	4.7	4	1.6025	334.7078717	0.082833584
1035	CL5	F5	182	23.59666667	6.6	21.35	25.77333333	11.75	15.34	12.11333333	0.033	4.78	4.12	1.738125	327.454759	0.161059601
461	CL5	F5	182	22.95666667	6.72	21.70333333	25.69666667	12.42666667	15.36	12.30333333	0.027	4.61	3.94	2.52	374.7342029	0.269331647
149	CL5	F5	184	17.88	5.86	22.25666667	25.02333333	10.27333333	13.91333333	11.95333333	0.035	4.69	4.18	1.128541667	283.9672868	0.101750399
421	CL5	F5	184	19.57333333	5.91	20.67333333	24.82333333	10.69	14.16	11.71	0.031	4.22	4.03	0.946458333	291.6332422	0.109054058
161	CL5	F5	186	23.88666667	6.863333333	25.64333333	30.9	11.11	17.47666667	16.58	0.032	4.74	4.3	2.387916667	327.5762009	0.153113112
893	CL5	F5	186	24.29333333	6.78	23.60333333	29.09	11.56333333	17.25333333	15.63666667	0.029	4.47	4.35	1.91625	329.927446	0.114404989
134	CL5	F5	192	21.77666667	6.79	23.61333333	27.64	11.44	15.88	13.59333333	0.034	4.87	4.48	1.419583333	335.4000849	0.120993269
349	CL5	F5	192	20.52666667	6.796666667	23.74666667	27.05333333	11.13666667	15.68333333	13.24	0.039	5.13	4.73	1.757083333	340.4313711	0.134002473
1120	CL5	F5	195	22.45666667	5.923333333	21.53333333	25.34333333	10.34666667	17.13	12.49333333	0.029	4.4	4.38	1.500208333	305.5561744	0.088798292
1287	CL5	F5	195	22.88333333	6.24	22.19666667	26.27666667	10.59	16.93333333	13.02666667	0.025	4.06	4.28	1.692291667	340.3618504	0.076131585
14	CL5	F5	196	23.60666667	6.673333333	24.30333333	28.77666667	11.25666667	17.48666667	14.93666667	0.035	5.4	4.32	2.340416667	323.5458325	0.081779768
594	CL5	F5	196	26.61	7.383333333	26.01666667	31.95666667	12.33333333	18.42333333	15.38333333	0.035	5.39	4.25	1.455625	276.8980793	0.095565739
67	CL5	F5	197	22.75	6.38	22.60666667	26.96	10.61	15.88	15.87666667	0.025	4.53	3.93	1.990833333	333.4194001	0.109558517
976	CL5	F5	197	26.53333333	7.133333333	23.09333333	29.41666667	11.40666667	16.74	16.73	0.022	4.22	3.5	2.25375	281.4141245	0.156270083
1239	CL5	F5	198	21.73333333	6.45	22.86333333	26.13	10.65	15.62666667	15.60666667	0.039	5.09	4.58	1.527916667	340.5727693	0.10674698
777	CL5	F5	198	19.29666667	6.15	20.84	24.13333333	9.79	15.35333333	13.33	0.026	4.65	4.13	0.878333333	342.4885955	0.080781005
183	CL5	F5	200	19.36	5.786666667	21.32	24.76	9.87	14.70666667	10.84	0.023	4.53	3.85	0.368333333	336.9413003	0.072339537
356	CL5	F5	200	20.87333333	6.073333333	20.69333333	24.58666667	10.68666667	14.78666667	12.90666667	0.022	4.38	3.89	0.593541667	330.3104801	0.096259764
167	CL5	F5	201	19.21	6.343333333	22.19	24.98	11.19333333	14.13	11.67333333	0.029	4.44	4.21	0.875	303.2071303	0.081949933
839	CL5	F5	201	19.91666667	6.02	22.70333333	25.89666667	12.18333333	14.83666667	12.63333333	0.028	4.55	3.82	0.805208333	281.2463795	0.081310176
1294	CL5	F5	202	22.43666667	6.086666667	19.85666667	24.41666667	11.96333333	13.21666667	12.45333333	0.022	4.19	3.67	1.881458333	327.081995	0.079263368
1378	CL5	F5	202	19.37	6.273333333	20.30666667	23.67	9.946666667	14.13	13.23	0.033	4.49	4.12	0.871041667	278.3440418	0.068342232
1105	CL5	F5	203	20.38666667	6.9	23.46333333	26.72666667	9.41	15.85666667	13.62666667	0.026	4.6	4.09	1.827916667	362.1000077	0.093771351
1339	CL5	F5	203	21.99	7.243333333	23.83333333	27.46	10.87	15.96666667	14.25333333	0.032	4.65	4.08	3.834791667	347.9315596	0.119511319
1204	CL5	F5	205	18.82	5.67	18.84333333	22.44333333	11.04666667	13.64	12.02	0.026	4.11	4.12	1.609791667	299.0515022	0.069045108
679	CL5	F5	205	21.73333333	6.276666667	20.23	24.97333333	10.98333333	14.12	12.64	0.029	4.24	4.53	0.948333333	283.763456	0.064437353
1017	CL5	F5	207	25.40666667	6.51	24.82666667	29.96	12.39	17.35	14.04333333	0.036	5.31	4.22	1.100416667	270.7924502	0.073983084
1024	CL5	F5	207	25.64333333	6.663333333	23.48666667	28.67333333	11.93	18.08333333	15.59666667	0.033	5.15	4.23	1.895625	308.7957663	0.100252771
323	CL5	F5	209	23.26666667	6.493333333	25.09333333	28.20666667	12.18333333	16.94333333	15.73	0.031	4.27	4.06	2.465416667	333.6365813	0.158425231
493	CL5	F5	209	23.6	6.903333333	23.31333333	27.44	11.85333333	16.24333333	15.61	0.035	4.66	4.24	2.043125	337.6612094	0.136806138
567	CL5	F5	211	19.31	5.883333333	21.00333333	24.63333333	10.18333333	15.28333333	12.62333333	0.032	4.93	4.19	1.5075	289.3080363	0.07472129
861	CL5	F5	211	18.68333333	5.51	20.41333333	23.23	10.85	14.65666667	12.57	0.022	4.47	3.89	1.0375	275.900502	0.057491348
1010	CL5	F5	214	20.65333333	6.703333333	20.02666667	23.79666667	9.873333333	15.28333333	13.01333333	0.026	4.59	4.12	1.533541667	288.3513788	0.087313071
664	CL5	F5	214	19.03	6.156666667	18.19	22.31333333	9.14	14.66666667	12.37333333	0.032	4.57	4.2	1.201041667	276.6426564	0.07348777
308	CL5	F5	217	19.92333333	5.443333333	21.81333333	25.97333333	11.01	15.35	14.21	0.025	4.14	3.95	2.254375	331.0116604	0.103576497
735	CL5	F5	217	19.66	5.743333333	22.04666667	24.96	10.40333333	14.67666667	13.84	0.031	4.4	4.3	1.945	342.6481394	0.119952913
1303	CL5	F5	218	22.19333333	6.726666667	22.90666667	26.53666667	10.29333333	16.21666667	13.01333333	0.029	4.36	4.32	2.394791667	328.7383239	0.078711908
451	CL5	F5	218	22.84	6.283333333	26.42333333	31.04333333	11.61	18.39666667	15.46666667	0.033	4.65	4.25	2.019583333	266.7461913	0.081292847
863	CL5	F5	220	26.33333333	7.68	27.71333333	30.77666667	14.08666667	16.22	17.56333333	0.038	4.82	4.02	2.644583333	322.8136983	0.206019829
89	CL5	F5	220	23.72	7.16	23.94	27.71333333	12.28	15.4	16.17333333	0.035	4.78	4.1	2.035625	339.9253571	0.168234198
1231	CL5	F5	222	22.01	6.906666667	22.04666667	25.49	11.61333333	15.54333333	14.35333333	0.029	4.66	3.72	1.567708333	301.7865245	0.134101715
1386	CL5	F5	222	23.71333333	6.96	22.88666667	27.14666667	11.81333333	17.3	15.58333333	0.029	4.28	3.64	1.712083333	346.3561091	0.158429457
1181	CL5	F5	226	23.99333333	6.43	25.05333333	28.61	12.03333333	18.06666667	14.12666667	0.028	4.37	4.19	3.050833333	353.8824039	0.182763681
690	CL5	F5	226	23.72	7.13	22.70333333	27.93	11.97	16.32	12.95	0.033	4.56	4.34	2.05125	381.1477356	0.146718028
759	CL5	F5	227	23.41333333	6.236666667	21.54666667	26.62333333	11.26666667	15.81333333	14.18	0.03	4.33	3.99	1.644375	279.9105494	0.109892577
978	CL5	F5	227	20.52	5.563333333	20.31	24.31333333	10.79666667	15.28333333	13.49	0.033	4.42	4.34	1.674583333	287.0094525	0.111801449
1086	CL5	F5	229	19.60333333	6.783333333	23.12333333	25.99	10.91	12.85333333	12.70666667	0.042	5.02	4.53	0.477916667	208.3275997	0.076130785
724	CL5	F5	229	19.05	6.12	21.58666667	24.94	13.04333333	14.00333333	12.25	0.037	4.95	4.63	1.1975	312.6269084	0.120875159
782	CL5	F5	231	20.70333333	6.4	22.49333333	27.13666667	10.18666667	16.44	15.22	0.026	4.45	3.87	1.653333333	253.3622069	0.065908543
820	CL5	F5	231	23.57333333	7.276666667	24.29333333	28.67666667	11.92666667	17.52333333	15.89333333	0.024	4.33	3.87	1.398541667	306.9538522	0.080845308
1058	CL5	F5	233	21.43333333	5.7	19.78666667	24.09666667	10.76	14.01	10.14	0.021	4.29	3.79	1.240416667	230.0890527	0.087805157
1305	CL5	F5	233	19.17333333	6.056666667	19.49	23.35666667	12.15	13.69333333	10.48666667	0.024	4.5	4.04	1.145416667	242.0486636	0.064765899
1341	CL5	F5	234	20.65333333	6.22	21.86333333	25.83	11.07	15.97666667	11.85666667	0.027	4.46	4.18	1.685	309.8296763	0.071645034
808	CL5	F5	234	18.17	6.306666667	18.64333333	22.32	10.50666667	14.13	11.1	0.031	4.59	4.26	1.545208333	291.7994665	0.063759513
1192	CL5	F5	235	20.27333333	6.48	22.48333333	26.07666667	11.01	16.43333333	14.4	0.032	4.54	4.28	2.189166667	330.2794049	0.138691545
1381	CL5	F5	235	22.02	6.813333333	23.14666667	27.47666667	10.44666667	16.64	14.17333333	0.031	5.16	4.03	1.145	361.9421177	0.14991495
894	CL5	F5	237	22.27333333	6.45	22.15666667	26.12	11.45	17.04666667	15.13666667	0.031	4.99	4.15	1.01625	333.0638983	0.110930979
957	CL5	F5	237	23.26333333	6.82	22.91666667	27.62	11.13666667	18.13666667	15.40333333	0.026	4.86	3.85	0.456041667	249.6261273	0.097741779
1106	CL5	F5	238	24.56666667	6.23	23.42	28.34	11.63333333	18.87	15.00666667	0.032	3.81	4.27	1.73875	305.4790229	0.083339277
693	CL5	F5	238	21.26333333	5.706666667	21.73333333	25.31333333	11.52666667	16.59666667	13.63333333	0.028	4.79	4.02	1.851875	297.5730174	0.098689882
906	CL5	F5	240	20.11666667	6.266666667	20.56333333	24.58	9.723333333	15.45666667	15.32333333	0.025	4.54	3.83	2.011875	280.4969865	0.079613212
933	CL5	F5	240	21.00666667	6.036666667	21.03	25.70666667	10.32333333	15.42	14.96	0.024	4.42	3.88	1.2575	273.243848	0.063146618
1258	CL5	F5	244	23.56	7.263333333	21.46	26.01666667	11.65666667	15.05	13.16333333	0.031	4.46	4.2	2.26625	324.5736336	0.179119917
866	CL5	F5	244	20.97	6.636666667	21.03333333	24.75666667	9.91	13.90333333	11.52333333	0.029	4.45	3.93	0.510833333	294.7312414	0.064743583
1256	CL5	F5	247	23.04333333	6.78	23.97	28.83	10.34666667	16.74	12.85	0.022	4.06	3.7	0.727291667	225.4000859	0.069463751
974	CL5	F5	247	20.57666667	6.633333333	23.13666667	26.90333333	8.91	15.82333333	11.9	0.027	4.17	3.84	1.322916667	287.7244372	0.094234453
491	CL5	F5	250	25.23666667	6.783333333	26.31666667	31.68666667	12.17333333	17.82	15.72333333	0.033	4.87	4.24	1.177708333	274.0871289	0.14257099
895	CL5	F5	250	20.99666667	6.736666667	26.12	29.64666667	10.36666667	16.76333333	15.22666667	0.034	5.11	4.3	1.991041667	311.1512256	0.107763363
479	CL5	F5	251	19.50333333	5.903333333	21.01666667	23.87	13.12	14.78	13.83333333	0.036	4.81	3.99	0.985625	292.1634258	0.093243868
644	CL5	F5	251	23.76666667	6.023333333	20.12	25.59333333	12.08333333	15.11333333	14.36333333	0.035	4.9	4.04	1.237916667	277.4558411	0.09618365
1071	CL5	F5	255	23.56	6.453333333	24.17333333	28.74333333	11.19333333	16.99666667	15.69	0.026	4.48	4.03	1.868333333	319.1897416	0.099331559
43	CL5	F5	255	22.31	7.013333333	24.61333333	28.42	10.69666667	16.94333333	15.16666667	0.025	4.6	3.93	1.883541667	286.9157485	0.084948996
1301	CL5	F5	256	23.16333333	7.283333333	23.01333333	27.37333333	12.93	16.36333333	16.62333333	0.035	4.8	4.62	2.33125	338.4253703	0.162621478
898	CL5	F5	256	27.09666667	7.133333333	24.29666667	29.57	13.4	17.40666667	16.66333333	0.034	4.99	4.25	1.913125	377.2391175	0.15017543
936	CL5	F5	257	22.57333333	5.59	20.37333333	25.59333333	11.10333333	16.44666667	13.36333333	0.032	4.72	4.01	1.039166667	288.0020471	0.054549587
977	CL5	F5	257	23.95333333	6.283333333	22.47666667	27.15	11.39666667	17.11	13.32	0.034	4.55	4.71	1.87625	297.7404714	0.085278274
141	CL5	F5	258	18.99	5.553333333	17.89666667	21.79333333	10.20333333	13.52333333	11.52	0.028	4.44	3.71	0.977291667	270.7013618	0.082439711
699	CL5	F5	258	19.82	6.283333333	18.9	22.72	10.54	14.38333333	11.83666667	0.022	4.05	3.61	1.086666667	293.1885497	0.079069088
192	CL5	F5	260	22.90333333	6.483333333	23.63	27.8	11.68333333	17.15	16.12666667	0.037	4.64	4.19	1.343125	277.9538198	0.082183163
914	CL5	F5	260	25.10333333	6.33	25.93	30.58333333	11.77	17.53333333	16.47	0.035	4.7	4.22	2.058541667	299.0792886	0.084358895
632	CL5	F5	262	20.92	6.586666667	21.96333333	25.71666667	11.13666667	15.42666667	13.75666667	0.026	4.69	3.98	1.765833333	285.3599795	0.103225053
639	CL5	F5	262	23.20666667	6.506666667	22.83666667	27.74	11.03666667	16.74666667	15.58	0.031	5	4.18	1.137291667	320.5273265	0.115335968
118	CL5	F5	264	22.33333333	6.146666667	21.53666667	26.15666667	10.18333333	16.24	15.73333333	0.026	4.29	3.83	0.9425	237.321993	0.065455365
1223	CL5	F5	264	19.39666667	5.726666667	20.41666667	23.41666667	10.16333333	15.37666667	14.43666667	0.03	4.54	4.07	1.822708333	262.0231628	0.078465259
1133	CL5	F5	269	20.79333333	6.223333333	20.29666667	24.36333333	9.32	15.62	14.18333333	0.029	4.53	4.13	1.433541667	254.8044464	0.048919774
563	CL5	F5	269	22.05	6.13	21.18	24.71	13.09333333	14	13.48	0.029	4.46	3.95	1.08875	234.081977	0.054966559
1261	CL5	F5	270	23.05666667	6.786666667	24.08333333	27.88	10.41333333	16.67333333	13.98	0.033	4.65	3.95	1.589791667	272.8966994	0.084578888
837	CL5	F5	270	21.00333333	6.006666667	21.87666667	25.73333333	10.70333333	15.69	13.21	0.028	4.33	3.99	0.517083333	290.2711017	0.051530817
217	CL5	F5	271	17.59666667	5.95	18.64333333	21.27666667	9.09	14.14	11.12666667	0.03	4.84	4.12	1.184791667	315.7616637	0.094722345
229	CL5	F5	271	19.39	6.89	19.52333333	22.41666667	9.556666667	14.33666667	11.58666667	0.029	4.62	4.15	1.680625	320.1209082	0.084896654
205	CL5	F5	272	20.82666667	6.313333333	21.88333333	25.61333333	9.92	15.24333333	14.50333333	0.035	4.95	4.26	1.54	358.7218568	0.101946613
964	CL5	F5	272	20.79	6.473333333	23.18333333	25.78	10.58666667	15.23333333	14.61	0.035	4.78	4.31	0.431458333	302.0584171	0.052519243
1238	CL5	F5	273	20.29333333	6.753333333	24.02666667	27.22666667	12.30333333	17.45666667	14.69	0.038	4.68	4.54	2.573333333	339.5774649	0.11896826
677	CL5	F5	273	21.17	7.706666667	22.70333333	26.27666667	11.94666667	15.44	12.59666667	0.035	4.86	4.38	1.686666667	346.3824705	0.114299931
1295	CL5	F5	274	21.78333333	7.253333333	25.66333333	28.59	12.63	17.03666667	13.68333333	0.029	4.27	4.32	2.454583333	358.7237282	0.136759515
154	CL5	F5	274	20.75333333	7.053333333	21.22	25.91666667	11.35666667	16.53333333	12.30333333	0.03	4.4	4.32	1.390416667	341.2814732	0.0966346
666	CL5	F5	275	23.98	5.856666667	18.47	25.03666667	10.88333333	14.41666667	13.19333333	0.027	4.17	3.81	1.541041667	276.9077737	0.087849416
912	CL5	F5	275	20.75666667	6.346666667	20.58	24.45	11.39333333	14.32	12.52	0.027	4.23	3.83	1.544375	252.8147163	0.083134214
541	CL5	F5	276	22.51333333	6.473333333	19.87333333	24.71666667	11.74666667	14.75333333	12.65333333	0.026	4.03	3.79	0.99	260.7396945	0.074735767
806	CL5	F5	276	22.58666667	6.89	22.81333333	26.23333333	11.68666667	16.69666667	14.36666667	0.03	4.28	4.02	1.672291667	277.7329002	0.079095858
295	CL5	F5	277	22.37	7.213333333	21.9	26.76333333	10.25666667	15.52	13.16666667	0.023	4.42	3.86	1.54125	338.3441325	0.108220561
535	CL5	F5	277	25.53333333	7.303333333	23.91666667	28.66333333	11.77333333	16.77333333	14.17666667	0.029	4.47	4.26	2.041666667	359.8835077	0.175093618
1170	CL5	F5	278	21.13	6.353333333	22.81333333	25.87666667	10.31666667	15.71333333	12.77666667	0.023	3.88	3.65	2.667708333	292.1701146	0.092952418
428	CL5	F5	278	20.10333333	6.193333333	22.88666667	26.15333333	10.14666667	14.86666667	12.47	0.024	4.01	3.85	1.056041667	322.8079555	0.063564117
168	CL5	F5	279	19.38666667	5.803333333	21.67333333	25.37333333	11.23	16.12	11.76333333	0.028	4.61	4.11	1.174166667	283.5928566	0.085921688
616	CL5	F5	279	21.43666667	6.123333333	22.73666667	26.24333333	11.18666667	15.89666667	12.52	0.031	4.76	4.25	0.453333333	255.3321016	0.053903076
156	CL5	F5	281	20.46333333	6.653333333	20.68	24.32666667	10.81333333	14.59666667	14.67333333	0.032	4.9	4.2	0.876458333	272.1070649	0.058906188
50	CL5	F5	281	20.75	6.443333333	20.61	24.47	11.07333333	14.6	14.48	0.027	4.68	4.11	0.962083333	250.4683759	0.05194339
1042	CL5	F5	282	24.97333333	7.2	24.09666667	28.2	11.29333333	15.9	13.99333333	0.024	4.45	3.83	1.578125	296.2672731	0.094383922
856	CL5	F5	282	21.11666667	6.41	20.43666667	25.01333333	10.59333333	13.44333333	12.64	0.028	4.46	4.03	0.955416667	279.7722017	0.063501919
17	CL5	F5	283	21.37	6.146666667	23.11	27.13	9.936666667	14.51666667	14.00333333	0.027	4.23	4.2	1.031875	315.5725183	0.092715706
998	CL5	F5	283	21.30333333	6.01	22.03666667	26.15333333	11.25333333	14.14	13.44333333	0.023	4.34	3.84	1.896458333	315.7303146	0.099124387
470	CL5	F5	284	20.48666667	6.616666667	22.7	26.43666667	11.22666667	15.91666667	14.35	0.035	5.02	4.33	1.054583333	371.9010149	0.109422708
648	CL5	F5	284	22.20333333	6.303333333	23.56666667	27.30333333	11.01666667	15.65	14.18333333	0.034	4.59	4.23	1.32	332.2431706	0.123361614
1262	CL5	F5	285	21.33	6.916666667	24.54333333	27.93333333	12.16	16.06	15.94666667	0.025	4.65	4.1	1.4825	276.8768213	0.068062446
721	CL5	F5	285	21.52666667	5.896666667	23.69	27.46666667	12.69	16.18333333	15.00666667	0.025	4.34	3.98	0.532083333	266.3228441	0.068093604
1079	CL5	F5	286	19.57	6.113333333	21.68333333	25.27333333	10.85666667	16.19333333	14.20333333	0.028	4.26	4.22	0.967916667	356.8527924	0.095838375
516	CL5	F5	286	21.76666667	6.306666667	24.05666667	27.53	11.17	16.94333333	14.97333333	0.032	4.55	4.36	0.745416667	296.3297869	0.071963463
106	CL5	F5	287	20.55666667	6.493333333	21.02666667	25.40333333	11.1	15.97333333	13.64333333	0.029	4.62	3.98	1.964583333	295.2549211	0.092261746
163	CL5	F5	287	21.79333333	6.713333333	23.28	27.08666667	11.19333333	16.72	13.82333333	0.028	4.52	4.06	2.920208333	311.7427813	0.138230876
135	CL5	F5	288	21.85333333	6.073333333	21.49333333	25.23333333	11.40666667	15.06666667	15.39333333	0.026	4.66	3.82	2.17	316.5101618	0.099932991
571	CL5	F5	288	23.2	6.256666667	22.11666667	26.84	12.97666667	15.24333333	16.04	0.026	4.64	4.09	2.291041667	343.4651432	0.117767679
1234	CL5	F5	290	21.70666667	5.893333333	21.14	25.66333333	11.3	15.21333333	11.17333333	0.035	4.77	4.18	1.745	300.2090264	0.146098445
941	CL5	F5	290	18.43	5.38	18.62	22.18666667	10.07	14.53333333	11.85	0.037	4.73	3.76	1.657708333	290.1553642	0.120917932
1117	CL5	F5	291	24.28666667	6.9	22.11333333	27.18	11.29666667	17.05333333	15.44333333	0.029	4.17	3.87	2.010208333	355.8123477	0.139498433
44	CL5	F5	292	25.18	7.126666667	26.58	31.63333333	11.61	17.84	14.45	0.035	4.73	4.02	2.0725	358.1435581	0.133944393
938	CL5	F5	292	22.10333333	6.533333333	25.33333333	29.12666667	11.40333333	17.32333333	15.55333333	0.033	4.5	4.07	1.651041667	362.1192188	0.099300432
336	CL5	F5	293	24.25666667	7.27	23.48	28.35333333	13.01333333	17.07	15.3	0.025	4.68	4.02	1.365416667	309.8336487	0.122386146
946	CL5	F5	293	21.33	6.09	22.74	26.65	11.02	16.33333333	16.67333333	0.022	4.6	3.81	2.3325	312.8374619	0.082359814
386	CL5	F5	294	23.26	6.683333333	24.36	28.00333333	10.49	16.04666667	14.14333333	0.031	4.26	4.11	1.10875	318.9221558	0.065066564
63	CL5	F5	294	23.44	6.433333333	23.74333333	27.90333333	11.09666667	17.51666667	13.38	0.029	4.16	3.77	1.904583333	323.2243475	0.140527284
5	CL5	F5	295	20.53	6.903333333	22.07666667	26.04666667	9.983333333	15.57	13.24	0.028	4.49	4.42	1.203958333	308.2469625	0.088983167
670	CL5	F5	295	24.04	7.503333333	24.62666667	29.13666667	11.13666667	16.86666667	14.53333333	0.031	4.55	4.23	2.44875	322.6507531	0.148252479
1209	CL5	F5	297	17.45333333	5.45	20.87333333	23.92666667	9.87	13.03666667	12.91333333	0.022	3.94	3.66	0.801875	310.4209735	0.037473922
291	CL5	F5	297	18.16666667	5.38	21.20666667	24.16333333	9.623333333	15.3	13.66	0.026	4.18	3.85	1.436875	308.299774	0.050667186
434	CL5	F5	299	21.45	6.71	23.19666667	26.83666667	11.37	15.71666667	12.85	0.029	4.24	4.05	0.952916667	274.9007466	0.0744539
572	CL5	F5	299	20.33666667	5.563333333	20.34333333	23.78333333	11.03666667	13.11666667	12.42	0.031	4.08	4.38	1.211875	233.7171534	0.090223863
455	CL5	F5	300	20.29333333	5.67	21.68333333	25.35	11.19	14.72666667	12.66333333	0.027	4.5	3.78	1.430625	299.4512935	0.100734186
915	CL5	F5	300	19.89666667	6.543333333	19.76666667	24.26333333	10.28333333	14.42666667	11.26333333	0.028	4.58	3.86	1.596875	275.6505317	0.084746565
486	CL5	F5	301	21.46666667	6.58	23.39333333	26.34	11.02	14.85666667	12.89333333	0.028	4.47	3.86	0.898333333	332.1807508	0.138671385
529	CL5	F5	301	24.57	6.726666667	23.78	28.48	12.08333333	16.03	13.65	0.023	4.14	3.48	1.465625	317.6025217	0.128434239
445	CL5	F5	303	19.83333333	6.2	20.31	23.91333333	10.59	14.97666667	13.44333333	0.032	4.67	4.01	1.18375	258.5837273	0.086195019
589	CL5	F5	303	24.10333333	6.89	21.48666667	26.98666667	12.40666667	14.75333333	13.51	0.026	4.51	3.79	1.36625	307.6820259	0.142694168
1307	CL5	F5	306	21.93666667	6.996666667	22.42666667	25.46666667	10.43	15.49	11.18	0.033	4.44	4.15	2.048958333	320.257692	0.092234268
817	CL5	F5	306	22.49333333	6.596666667	23.15	26.74666667	10.96666667	16.34333333	12.24666667	0.032	4.59	4.13	0.989375	262.1876532	0.059290729
1299	CL5	F5	327	22.66666667	6.41	23.39	27.84	11.18333333	16.57666667	16.53333333	0.028	4.28	3.92	2.879166667	334.9387996	0.116630372
247	CL5	F5	327	21.91333333	6.396666667	22.69666667	27.19666667	11.85333333	16.34666667	17.04666667	0.024	4.14	3.88	1.190416667	268.4901219	0.074608484
1198	CL5	F5	328	20.39333333	6.04	22.15333333	26.18333333	10.61666667	16.11333333	12.01	0.023	4.16	3.82	1.52375	267.3724143	0.094111092
892	CL5	F5	328	20.62666667	6.696666667	23.75333333	27.03	11.09333333	16.42333333	12.95333333	0.027	4.31	4.12	1.509166667	209.1061762	0.087337717
1368	CL5	F5	329	21.61333333	6.716666667	23.07	26.86666667	10.92333333	16.12333333	15.19333333	0.023	4.46	3.82	1.962916667	341.0315353	0.107286266
555	CL5	F5	329	20.83333333	6.753333333	23.01	26.72666667	11.05	16.43	15.35333333	0.019	4.43	3.72	1.513541667	317.9377915	0.082160653
497	CL5	F5	330	22.72	7.076666667	21.98666667	26.88333333	10.44666667	16.48333333	13.77666667	0.029	4.2	3.88	1.681458333	308.0205232	0.102483301
843	CL5	F5	330	22.17333333	6.89	22.48	27.29666667	10.82333333	16.84	13.3	0.029	4.16	4.02	1.712916667	269.1233457	0.083055962
576	CL5	F5	331	22.20666667	6.536666667	24.01666667	27.97333333	11.71	17.58	16.82666667	0.028	4.36	4.03	2.278125	360.8065971	0.131084431
695	CL5	F5	331	20.58	5.88	19.45	23.78	12.48	15.5	15.2	0.027	4.73	3.97	1.738125	323.6098458	0.082554398
1237	CL5	F5	332	22.69	6.653333333	26.82666667	31.19333333	11.20333333	18.48	14.13666667	0.028	4.06	4.13	1.528125	282.5390624	0.085680933
723	CL5	F5	332	21.02333333	6.096666667	24.75	28.55	10.45666667	18.08	16.08666667	0.032	4.39	4.78	1.514791667	288.8254695	0.113196555
1383	CL5	F5	333	20.37333333	6.093333333	23	26.27666667	10.13333333	16.42666667	12.40333333	0.024	3.63	3.74	2.290625	349.2252729	0.092141956
158	CL5	F5	333	19.16666667	5.62	20.71666667	24.17333333	9.99	15.72	11.68333333	0.028	3.98	3.65	1.248958333	306.2531279	0.095307634
187	CL5	F5	335	21.24	6.673333333	22.47666667	26.17	10.66	16.59666667	14.95333333	0.029	4.11	3.75	0.952708333	268.2875049	0.057810714
761	CL5	F5	335	21.34333333	6.036666667	22.42	26.82	11.33	15.34	14.58666667	0.027	3.78	3.36	1.881666667	300.0490059	0.111367424
539	CL5	F5	336	21.44333333	7.3	24	27.29333333	10.93666667	17.26	14.72333333	0.025	4.72	3.78	0.772708333	270.7914668	0.080893598
871	CL5	F5	336	18.78666667	6.703333333	19.32666667	23.68666667	8.516666667	14.41	12.55	0.029	4.64	3.94	1.048958333	261.7990487	0.068897184
1097	CL5	F5	337	20.98666667	6.253333333	21.69666667	25.18	11.97666667	16.24666667	13.18333333	0.028	4.64	4.24	1.063541667	264.5687163	0.063395671
354	CL5	F5	337	20.40666667	5.84	21.02	24.38666667	11.14	15.13333333	11.57666667	0.027	4.55	4.42	0.47125	318.1622818	0.044980614
178	CL5	F5	344	23.9	7.23	26.79333333	29.86	11.30666667	19.69666667	17.72	0.032	5.02	4.26	2.655625	366.0435314	0.13494732
31	CL5	F5	344	23.04333333	7.23	23.61666667	27.30333333	11.48333333	17.82333333	15.22666667	0.032	4.94	4.27	2.16875	335.4960868	0.160792721
1115	CL5	F5	351	20.91333333	6.153333333	22.45333333	25.41666667	11.52333333	16.39333333	15.26	0.025	4.63	4.08	1.322291667	305.2351903	0.073522725
784	CL5	F5	351	20.57	6.42	21.82	25.27666667	11.00666667	15.84666667	13.63666667	0.027	4.64	4.07	0.971458333	315.6530196	0.075590249
39	CL5	F5	353	24.25333333	6.51	23.16	28.15333333	11.19666667	17.61	15.88	0.027	4.51	3.95	1.450208333	326.2196886	0.102872848
865	CL5	F5	353	25.07	6.623333333	23.70666667	28.06333333	10.68666667	16.98	15.78333333	0.029	4.53	4.08	1.176458333	321.1317273	0.077513497
1073	CL5	F5	354	24.50666667	6.373333333	24.38333333	28.67	12.55666667	16.76666667	15.30666667	0.034	4.73	4.32	1.897291667	349.1586287	0.12438346
798	CL5	F5	354	23.37	6.666666667	23.28333333	29.08	10.84333333	16.75	14.7	0.034	4.68	4.13	2.874375	324.2895462	0.169430868
963	CL5	F5	355	23.64666667	6.576666667	20.95666667	26.1	12.91333333	14.97666667	12.95333333	0.036	4.18	4.39	2.402083333	309.8496193	0.093919169
98	CL5	F5	355	21.76333333	6.443333333	19.68	24.53666667	12.19	15.03333333	12.92	0.029	4.01	4.11	2.703125	322.1864941	0.09424537
29	CL5	F5	358	23.18333333	6.573333333	26.06333333	31.14333333	10.76666667	17.28666667	13.6	0.034	4.76	4.38	1.361666667	327.4443313	0.09954981
610	CL5	F5	358	21.37333333	5.983333333	23.59333333	26.38	10.79333333	15.27333333	12.21	0.032	4.72	4.35	0.839375	347.9861197	0.076813201
585	CL5	F5	359	24.19333333	6.656666667	25.80333333	30.24	11.08	18.87333333	13.43666667	0.028	4.69	4.37	1.494375	369.3024646	0.105543014
825	CL5	F5	359	20.78666667	6.703333333	24.27	28.09666667	9.656666667	15.49	11.42	0.033	4.73	4.9	0.468125	254.7686444	0.084604716
1124	CL5	F5	361	20.68666667	6.41	18.71666667	24.66333333	10.38666667	14.48666667	14.12	0.022	4.03	3.85	1.725208333	317.3367537	0.08859439
629	CL5	F5	361	20.72	7.08	22.92	26.67333333	10.48	15.29333333	14.28	0.023	4.32	4.03	1.711875	303.6223694	0.09720482
1245	CL5	F5	363	23.48	7.136666667	22.85	28.25333333	10.13	17.58666667	14.35666667	0.018	4.07	3.81	1.64875	325.0264701	0.117649638
789	CL5	F5	363	24.70333333	6.406666667	21.92333333	26.81333333	10.88	16.54666667	14.95333333	0.033	4.8	4.42	1.305	317.244232	0.084140297
287	CL5	F5	365	18.23333333	5.28	21.50333333	23.84666667	11.20333333	15.11666667	12.87333333	0.026	4.14	4.2	1.32375	322.2656897	0.064422709
897	CL5	F5	365	20.99666667	5.726666667	21.28	25.4	10.55	15.06333333	12.7	0.025	4.06	3.93	1.0225	356.5707884	0.099391265
169	CL5	F5	366	21.21666667	7.403333333	24.57666667	27.12	11.46666667	15.38666667	12.78	0.031	4.59	4.36	2.250416667	320.7467549	0.150431363
970	CL5	F5	366	21.52666667	7.296666667	24.17666667	27.54	11.47666667	15.58	12.37	0.033	4.66	4.19	3.131666667	352.2876334	0.129575478
255	CL5	F5	368	20.40666667	6.516666667	22.2	26.25333333	10.74	16.28666667	13.07666667	0.024	4.55	4.08	1.753541667	310.3573009	0.073109143
433	CL5	F5	368	20.50666667	5.923333333	21.59333333	25.79	11.22666667	14.93	13.02666667	0.032	4.67	3.97	1.716458333	311.7541424	0.125344316
1352	CL5	F5	371	22.61333333	7.003333333	22.59	26.38	11.64333333	17.33666667	15.65333333	0.023	4.28	3.92	2.882916667	359.9289289	0.113129426
264	CL5	F5	371	21.49666667	6.12	20.89333333	25.63333333	11.45333333	16.89666667	13.84333333	0.024	4.28	3.91	1.748541667	362.6423268	0.08494306
1038	CL5	F5	373	22	6.886666667	22.03	26.58666667	11.1	15.74666667	12.66666667	0.022	4.22	3.85	2.160833333	290.6217063	0.150344697
1145	CL5	F5	373	23.48333333	6.746666667	22.72333333	27.28	10.36666667	17.92333333	12.77666667	0.023	4.44	3.89	2.239375	338.5867331	0.151738235
165	CL5	F5	375	19.96666667	5.81	21.37333333	24.12333333	10.32333333	15.08	15.73333333	0.02	4.63	4.11	1.804583333	298.4875098	0.098955549
321	CL5	F5	375	18.66666667	6.273333333	21.9	23.34666667	9.766666667	14.48666667	14.34	0.028	4.85	4.15	2.296458333	332.8191375	0.110844638
1399	CL5	F5	379	22.51	6.883333333	20.14333333	24.57	11.48333333	15.14	12.24666667	0.029	4.62	4.26	1.648333333	351.0561697	0.154060235
293	CL5	F5	379	23.56333333	6.313333333	20.46	26.00666667	11.55	15.58	12.71333333	0.031	4.67	4.33	1.429166667	253.2357677	0.084643364
1002	CL5	F5	380	19.13333333	5.28	19.92333333	23.76333333	10.81	14.09666667	12.07333333	0.024	4	3.76	0.5825	283.3892402	0.078493342
1163	CL5	F5	380	23.02666667	6.363333333	21.94333333	26.71333333	11.05666667	16.36333333	13.19666667	0.025	4.12	4.06	1.685416667	298.5147905	0.082458731
1043	CL5	F5	381	22.99333333	6.276666667	23.81	28.05	10.8	16.53666667	13.58333333	0.026	4.22	4.29	1.47	325.6615738	0.078175566
904	CL5	F5	381	19.98666667	5.94	21.14	24.77333333	10.33333333	14.61	11.7	0.024	4.12	3.85	0.608541667	293.8208645	0.042093997
1353	CL5	F5	383	19.44666667	6.586666667	22.76	26.05666667	11.55333333	15.57333333	12.59	0.021	3.86	3.58	1.199583333	281.8290406	0.062181171
345	CL5	F5	383	18.65	5.77	19.33333333	23.20333333	10.29666667	13.59666667	11.38	0.021	3.84	3.55	1.004583333	290.4430859	0.067936277
137	CL5	F5	385	18.24333333	5.593333333	19.06666667	22.56666667	8.536666667	14.21333333	11.35666667	0.027	4.31	3.94	1.137916667	311.735011	0.089029514
488	CL5	F5	385	19.97	5.763333333	19.51	24.16	9.71	14.69333333	13.01333333	0.03	4.53	4.39	1.404583333	314.7829518	0.118313952
1190	CL5	F5	391	23.67666667	6.583333333	24.59666667	28.99333333	11.5	17.34666667	15.26	0.023	4.29	3.65	1.677083333	338.989676	0.139848242
230	CL5	F5	391	22.75333333	6.99	25.3	29.94666667	9.5	17.99333333	15.42666667	0.028	4.67	4.03	1.767916667	323.944592	0.124191908
215	CL5	F5	392	20.98333333	6.15	21.56666667	26.31	9.883333333	16.64	15.15333333	0.026	4.3	3.9	1.224583333	333.6120398	0.102364473
305	CL5	F5	392	20.89666667	6.123333333	22.47	26.07333333	9.853333333	17.06	15.21666667	0.027	4.16	3.7	1.011875	282.8874793	0.066275005
545	CL5	F5	393	21.69666667	6.19	24.78666667	28.62333333	10.62	16.64666667	12.9	0.021	4.01	3.75	1.895833333	366.0533225	0.117541077
606	CL5	F5	393	22.13333333	6.536666667	24.25666667	28.36333333	10.97333333	17.31	12.58333333	0.02	3.69	3.75	1.767916667	366.6647159	0.113061206
1000	CL5	F5	396	20.78666667	6.623333333	24.05333333	27.21	11.02	16.59666667	15.30333333	0.026	4.59	3.81	1.550833333	291.7228323	0.077371658
1267	CL5	F5	396	17.63333333	6.36	21.05333333	23.21333333	9.71	13.89666667	12.26	0.03	4.82	3.94	0.855208333	241.5619445	0.078289671
671	CL5	F5	399	20.98	6.213333333	19.53666667	23.52	11.4	14.74333333	11.89666667	0.028	4.21	4.15	0.831458333	295.4864417	0.076009693
925	CL5	F5	399	20.3	6.113333333	19.31666667	23.03333333	11.33	14.69	12.00333333	0.026	4.04	4.06	0.317083333	340.853651	0.071513806
1196	CL5	F5	400	23.33666667	6.4	22.81333333	27.15	11.85333333	16.49666667	16.03	0.025	4.76	3.74	2.630208333	339.3734342	0.140458727
1359	CL5	F5	400	23.35666667	6.57	23.72333333	27.53	12.87333333	16.64	16.52	0.029	4.96	3.89	2.627916667	304.5613838	0.146610218
527	CL5	F5	402	23.23666667	6.913333333	23.40333333	27.87666667	11.95333333	17.35666667	14.28666667	0.027	4.58	3.9	2.849583333	384.1029708	0.20617081
991	CL5	F5	402	23	5.756666667	22.07	26.18333333	11.43333333	16.05666667	13.82666667	0.028	4.52	3.81	3.379791667	357.4538682	0.14430732
1291	CL5	F5	404	24.19666667	7.616666667	24	28.01	13.22333333	17.13	15.29333333	0.025	4.75	4.18	2.32	386.5395787	0.185885282
930	CL5	F5	404	23.39	7.43	22.04333333	27.12666667	11.67333333	17.43333333	14.88333333	0.02	4.29	3.81	1.625625	359.426689	0.190471852
1008	CL5	F5	405	22.06333333	6.4	22.58333333	26.79666667	11.52666667	15.41333333	13.13	0.03	4.91	4.02	1.151875	325.8155787	0.091578559
1279	CL5	F5	405	23.74333333	6.52	24.56333333	28.99333333	12.56666667	16.83666667	14.14	0.025	4.34	3.67	0.688958333	278.3260465	0.102565153
1022	CL5	F5	407	23.55333333	6.873333333	24.47666667	29.00666667	11.19666667	16.79	16.54333333	0.028	4.31	4.96	1.521875	352.1713586	0.108257895
638	CL5	F5	407	19.15	5.95	21.88333333	25.73333333	9.853333333	14.1	13.23	0.029	4.3	4.11	0.787291667	325.3114239	0.10545751
1278	CL5	F5	410	26.43333333	7.06	24.13666667	29.96	11.45333333	18.09666667	15.63666667	0.03	4.47	3.94	0.933958333	263.0410867	0.105394397
737	CL5	F5	410	25.57333333	6.32	22.07333333	28.22	11.66666667	17.37	15.74333333	0.03	4.55	4.06	1.387708333	298.7954698	0.10155848
1367	CL5	F5	411	21.08333333	7.263333333	23.85666667	28.05	11.65333333	15.69333333	15.41666667	0.025	4.21	3.82	1.886875	299.3099973	0.126432582
706	CL5	F5	411	20.585	6.655	23.26	26.82	11.535	15.52	15.17	0.025	4.71	3.58	1.279375	345.8150001	0.096718696
1323	CL5	F5	412	20.23666667	6.376666667	20.37333333	24.12333333	11.00666667	15.13333333	14.26666667	0.022	4.3	3.76	1.691458333	294.7685173	0.088980765
574	CL5	F5	412	24.34333333	6.59	22.73	27.32666667	11.47333333	16.06666667	14.95666667	0.026	4.51	3.88	1.319375	302.8826027	0.142565355
207	CL5	F5	413	20.04	6.413333333	23.84333333	27.80333333	9.886666667	16.20666667	14.31333333	0.03	4.2	3.97	0.870208333	272.8373966	0.053115686
614	CL5	F5	413	21.07	6.41	26.07333333	28.77666667	11.04666667	16.67333333	14.27	0.033	4.73	4.17	1.08875	279.7813352	0.071552672
1345	CL5	F5	414	25.25666667	6.86	25.56333333	29.87666667	11.16	18.29	17.01	0.022	4.13	3.75	3.21125	330.5380613	0.132346204
417	CL5	F5	414	25.93	6.773333333	24.63	30.37	11.23333333	18.80333333	17.35666667	0.034	4.41	4.47	2.440416667	323.1740439	0.127721313
162	CL5	F5	415	22.46666667	6.793333333	22.25	26.62666667	10.87	16.00333333	13.5	0.027	4.5	4.16	1.256875	302.738168	0.089637232
47	CL5	F5	415	22.29	6.48	22.58	25.81	11.59	15.42666667	14.78	0.03	4.44	4.16	0.817708333	314.5836185	0.1025514
1168	CL5	F5	417	18.91	6.823333333	20.92666667	23.19666667	11.56	14.46666667	12.50666667	0.016	4.07	3.51	1.71625	344.6039174	0.142445047
289	CL5	F5	417	23.50666667	7.636666667	21.14333333	26.35666667	13.21	15.69333333	13.41666667	0.034	5.21	4.04	1.290416667	326.200846	0.152757845
1326	CL5	F5	418	25.69333333	8.226666667	24.85	30.26666667	11.53	18.03	15.27	0.026	4.16	3.85	3.586666667	374.1294215	0.156396249
601	CL5	F5	418	20.63	6.486666667	21.95	26.13	10.73666667	15.55	13.89666667	0.029	4.25	3.76	1.559791667	309.3186875	0.122031549
472	CL5	F5	421	22.91333333	6.286666667	21.96666667	26.54666667	10.49666667	16.23666667	12.68	0.023	3.88	3.78	1.873125	272.6530164	0.076708848
596	CL5	F5	421	24.04333333	6.446666667	25.73333333	29.59	9.983333333	18.76333333	14.63666667	0.025	3.88	3.81	2.215416667	320.2201537	0.084216545
1083	CL5	F5	423	20.21333333	6.32	20.51666667	23.84	10.95333333	14.77666667	13.49333333	0.028	4.38	3.97	0.795625	270.6660975	0.091864339
651	CL5	F5	423	19.12666667	5.726666667	20.03666667	22.98333333	9.913333333	14.82333333	13.29	0.026	4.45	3.77	0.585208333	381.4011047	0.068992288
1051	CL5	F5	424	20.56	6.113333333	22.97333333	25.92666667	10.04666667	15.1	13.01333333	0.021	3.7	3.46	1.19875	328.2755241	0.098801152
171	CL5	F5	424	20.57	5.9	21.63333333	25.09333333	10.41666667	14.49333333	12.08333333	0.019	3.73	3.46	1.698541667	348.1180028	0.07823145
746	CL5	F5	429	19.28333333	5.773333333	19.96666667	23.81666667	10.43	14.96333333	13.17333333	0.013	3.29	3.3	1.5575	334.6634548	0.083804462
955	CL5	F5	429	20.81	6.38	21.28333333	25.08666667	10.91333333	15.62	14.08333333	0.019	3.86	3.41	1.669583333	346.1512513	0.104423818
1207	CL5	F5	432	22.28333333	6.11	21.72	26.12	11.08	14.88333333	14.75666667	0.014	3.87	3.27	2.650208333	338.1472656	0.119463393
1324	CL5	F5	432	23.33666667	6.343333333	23.94	28.65333333	11.18	16.13666667	15.33666667	0.024	4.24	3.69	1.978541667	346.5892609	0.092266869
76	CL5	F5	434	19.70666667	5.896666667	21.90666667	25.67333333	9.346666667	16.07	12.67333333	0.025	4.11	3.93	0.918125	300.5409228	0.094988345
929	CL5	F5	434	20.61	6.13	22.26666667	25.88	10.41666667	15.45666667	12.00333333	0.024	4.03	3.81	0.545	301.7905263	0.082058641
1080	CL5	F5	436	23.26333333	6.513333333	21.6	25.53	10.84666667	15.06666667	12.90333333	0.03	4.61	3.99	0.750625	305.0507505	0.108265324
509	CL5	F5	436	24.62	6.266666667	22.06666667	26.19666667	11.45	14.87	12.81	0.032	4.41	4.14	1.455625	287.4923732	0.109724648
1328	CL5	F5	438	25.97	7.506666667	24.01333333	28.91666667	12.61666667	16.56666667	14.61666667	0.021	4.74	4.21	3.355416667	339.8015075	0.121230904
581	CL5	F5	438	21.52333333	6.91	22.42666667	26.25	12.39	14.58333333	13.65	0.029	4.6	4.04	0.97125	255.9098894	0.076558255
1297	CL5	F5	439	24.3	6.843333333	23.54	27.86333333	12.45	15.24	12.82333333	0.023	3.98	3.75	0.607083333	225.6380716	0.091068667
170	CL5	F5	439	20.87	5.93	18.81333333	23.89333333	11.05	13.87333333	11.28666667	0.025	4.09	3.92	0.2925	254.8793601	0.065411991
16	CL5	F5	442	23.97666667	6.556666667	22.81333333	27.57	11.19333333	17.47333333	16.66666667	0.022	4.33	3.52	1.343125	321.9316296	0.161008295
778	CL5	F5	442	22.95666667	7.41	23.73	28.07333333	12.15333333	16.99	17.01	0.027	4.36	3.77	2.074583333	376.8663306	0.184537461
580	CL5	F5	444	23.99666667	6.576666667	22.33666667	27.15666667	11.68	15.61666667	14.14333333	0.024	4.31	3.62	1.262291667	280.0584096	0.07599722
961	CL5	F5	444	22.65	6.803333333	23.10666667	27.26	11.80666667	16.11333333	13.26	0.022	4.28	3.57	2.812291667	333.8721267	0.111383245
1346	CL5	F5	447	22.28	6.753333333	23.94666667	28.02333333	11.38333333	17.80666667	14.41	0.023	4.23	3.75	3.163958333	320.9922683	0.139449202
537	CL5	F5	447	18.62	5.856666667	20.5	24.01	9.766666667	15.09	12.12666667	0.023	4.18	3.71	0.623333333	255.1334637	0.073675739
1095	CL5	F5	450	22.08	6.89	23.31666667	26.4	9.813333333	15.31666667	13.78666667	0.025	4.09	3.8	1.413958333	297.6192337	0.099435466
931	CL5	F5	450	19.55666667	6.43	21.46333333	24.81	9.663333333	15.12666667	13.35333333	0.024	4.43	3.99	1.059166667	254.5999455	0.07930312
211	CL5	F5	451	18.27	6.39	21.69666667	24.43666667	9.143333333	14.88666667	14.35333333	0.028	4.23	3.86	1.394166667	303.9886424	0.060741478
526	CL5	F5	451	20.44666667	7.146666667	23.20666667	26.65666667	10.58	15.26	14.03666667	0.026	4.04	3.96	1.915416667	314.1330393	0.08564941
1388	CL5	F5	452	18.53666667	6.003333333	20.52	24.07333333	10.19	14.67	13.29666667	0.026	3.72	3.91	1.787083333	322.8420129	0.099959376
1390	CL5	F5	452	19.64666667	6.08	21.62333333	25.37	10.29	15.62	12.77333333	0.02	3.86	3.61	1.726041667	384.6857384	0.102577385
414	CL5	F5	454	19.35333333	5.263333333	22.35	25.50666667	11.22333333	15.43	12.71666667	0.029	4.56	4.19	0.689166667	332.8878831	0.108451615
95	CL5	F5	454	20.95333333	5.886666667	21.16	25.00333333	11.65333333	15.30666667	13.1	0.029	4.53	4.14	1.630833333	329.4017313	0.115330374
358	CL5	F5	456	19.23666667	6.453333333	21.81666667	25.21333333	10.85	14.35666667	13.41	0.035	4.9	4.32	1.278541667	267.4702326	0.071419968
584	CL5	F5	456	22.43666667	6.226666667	24.28333333	28.54666667	11.21	15.53333333	13.4	0.03	4.42	4.17	1.039166667	276.7181606	0.080713424
1090	CL5	F5	457	20.57	6.9	22.61666667	26.12	9.813333333	16.12	13.5	0.022	4.14	3.83	0.921666667	372.7844379	0.067239882
1110	CL5	F5	457	17.59333333	6.18	18.98666667	22.47333333	8.31	14.23666667	12.09666667	0.023	4.33	4.07	1.641666667	307.2755014	0.064165091
133	CL5	F5	459	24.82333333	6.723333333	25.19333333	29.66666667	12.49666667	18.72666667	17.09	0.031	4.98	4.46	0.83875	290.510863	0.102107988
840	CL5	F5	459	24.96666667	6.85	24.39333333	30.10666667	12.52	18.28	16.4	0.029	4.65	4.61	0.488125	303.8686227	0.0916429
1150	CL5	F5	462	22.11	6.69	20.96333333	25.18666667	11.18666667	15.32333333	13.31666667	0.02	4.59	3.7	1.421041667	358.5663059	0.149158644
1224	CL5	F5	462	19.22	6.233333333	19.89333333	23.73666667	10.98666667	14.09	11.86666667	0.024	4.39	4.36	1.495625	291.0600579	0.091425528
1266	CL5	F5	464	24.39333333	6.603333333	25.46	30.72	11.64333333	15.88	13.9	0.022	4.33	3.72	1.11625	266.2480311	0.116196623
696	CL5	F5	464	23.69666667	6.046666667	23.48333333	29.22	11.84333333	15.4	15.91	0.02	4.27	3.6	1.342708333	292.9104497	0.08840342
166	CL5	F5	469	22.48	6.52	21.19	25.64	10.59333333	15.82666667	14.36666667	0.024	4.71	4.05	1.89	360.0619284	0.167794486
687	CL5	F5	469	23.67	6.573333333	22.96666667	27.07	11.35666667	16.39333333	14.61666667	0.028	4.75	4.11	2.291041667	338.2339895	0.126040454
1027	CL5	F5	472	18.15	6.083333333	21.08	23.78	9.833333333	14.52	13.67333333	0.03	4.7	4.19	1.324166667	291.2426966	0.084066717
962	CL5	F5	472	18.11333333	6.33	20.01	22.98666667	10.25333333	14.58333333	13.92333333	0.022	4.28	3.98	1.385	315.8855424	0.121600734
1047	CL5	F5	475	21.3	6.406666667	21.80666667	25.87	10.35666667	15.54333333	13.48666667	0.026	4.09	3.75	1.679791667	310.634488	0.111098345
591	CL5	F5	475	22.99666667	6.106666667	23.95333333	27.85	10.51	16.7	15.01666667	0.022	4	3.73	1.830208333	315.3131283	0.089939202
164	CL5	F5	482	23.34666667	6.686666667	21.06666667	25.82666667	11.18333333	14.18	11.86333333	0.03	4.45	4.07	0.766875	151.2865077	0.128901816
945	CL5	F5	482	23.97666667	7.146666667	21.80333333	26.53666667	10.37333333	14.92	12.47	0.03	4.41	4.03	0.983333333	252.3219335	0.094595825
1018	CL5	F5	483	19.51333333	6.226666667	20.41333333	23.77666667	10.53	14.61666667	13.96666667	0.027	4.1	4.29	1.034375	267.7864557	0.082945259
1065	CL5	F5	483	23.28	6.72	23.05	26.58333333	11.63666667	15.61333333	14.41	0.018	4.04	3.82	0.819791667	322.2535779	0.098487164
1126	CL5	F5	500	18.49	5.8	20.18	23.48333333	8.78	14.51	13.44666667	0.027	4.46	3.96	2.402916667	330.1976875	0.100549838
1302	CL5	F5	500	22.90666667	6.71	25.31666667	28.60333333	11.63333333	17.20333333	15.24	0.031	4.39	4.64	2.148958333	333.5096283	0.109366922
1275	CL5	F5	501	25.21666667	6.97	25.19666667	30.03666667	10.90333333	16.66	15.38333333	0.023	4.09	3.93	3.265208333	382.8124855	0.176451224
771	CL5	F5	501	21.96	6.983333333	23.82333333	28.68666667	10.63333333	15.91	12.52	0.025	4.13	4.02	2.328333333	359.6689518	0.169719396
252	CL5	F5	502	19.5	6.04	21.37666667	24.78333333	10.64	13.92666667	12.84666667	0.022	4.23	3.88	1.81875	310.3066187	0.085115363
70	CL5	F5	502	20.83666667	6.096666667	20.94333333	25.04	11.11	14.41	12.58666667	0.024	4.26	3.72	1.151666667	326.3213278	0.098381397
1040	CL5	F5	503	24.47333333	7.113333333	25.94666667	28.62666667	12.56333333	16.95333333	16.34	0.023	4.8	4.06	0.953958333	329.703601	0.141625006
327	CL5	F5	503	22.07333333	6.646666667	20.3	25.75	12.12333333	14.57333333	14.48	0.03	5.02	4.21	1.884583333	343.2893272	0.139088007
21	CL5	F5	506	24.31	6.296666667	23	27.50666667	11.81666667	17.75666667	18.05666667	0.032	5.03	4.32	1.138333333	274.4613844	0.07376276
42	CL5	F5	506	25	6.926666667	23.77333333	28.61333333	11.96666667	18.82666667	18.19666667	0.033	5.1	4.27	1.12375	272.809936	0.10510435
557	CL5	F5	507	24.95666667	7.683333333	25.20666667	30.21666667	10.88333333	17.74333333	14.78333333	0.028	4.16	3.95	1.796458333	263.0559756	0.132473151
720	CL5	F5	507	24.29666667	7.07	23.74333333	28.80666667	10.86	17.38	13.97	0.025	4.28	3.73	1.303125	261.6612058	0.12385115
1330	CL5	F5	508	23.38333333	6.883333333	22.16666667	26.06666667	11.25666667	16.95	16.24333333	0.031	4.75	4.26	4.228541667	336.2063956	0.172775509
640	CL5	F5	508	24.79	6.983333333	23.04333333	28.19333333	12.12666667	18.74666667	17.84333333	0.032	4.76	4.41	2.259375	294.9805431	0.190275435
1052	CL5	F5	014s	21.89333333	6.483333333	22.33666667	26.75	11.15	15.99666667	14.24333333	0.033	4.46	4.27	1.940833333	367.4179173	0.164226132
1139	CL5	F5	014s	20.69	6.613333333	23.27	25.85	11.34666667	16.18666667	15.02	0.033	4.34	4.12	2.165625	324.1944848	0.120738068
367	CL5	F5	025s	19.90666667	6.19	20.15333333	23.81666667	11.04333333	13.3	12.34666667	0.024	3.89	3.75	1.253958333	286.8702551	0.077689406
435	CL5	F5	025s	20.60333333	6.336666667	20.62	23.94	11.51333333	13.46333333	12.68666667	0.024	3.9	3.65	0.428958333	259.9785591	0.051589116
1185	CL5	F5	032s	20.69	6.473333333	21.6	25.41666667	10.54666667	15.50666667	13.91333333	0.035	4.63	4.51	1.462916667	284.3624943	0.079153276
180	CL5	F5	032s	21.16	5.916666667	22.48666667	26.29666667	10.79666667	16.09333333	14.44333333	0.034	4.59	4.48	0.679791667	314.6605625	0.073273353
196	CL5	F5	039s	21.91333333	6.41	22.00333333	26.93333333	10.89	15.56333333	13.28	0.028	4.4	4.15	1.939791667	336.4194608	0.124144242
597	CL5	F5	039s	23.59333333	6.74	23.42666667	28.25333333	11.77	16.54666667	14.67	0.029	4.37	4.13	2.074791667	324.5507744	0.109687018
1003	CL5	F5	043s	24.05333333	6.323333333	23.28333333	27.97	11.44333333	16.72333333	15.63333333	0.036	4.92	4.76	1.62	341.3707355	0.135748395
504	CL5	F5	043s	21.16666667	6.436666667	22.68	26.29666667	11.53333333	15.96666667	15.25666667	0.029	4.74	4.29	1.436041667	350.6424142	0.13831564
642	CL5	F5	054s	23.88333333	6.303333333	23.75	28.22333333	10.56666667	17.58666667	14.06333333	0.029	4.26	4.14	1.680833333	371.7197317	0.117630923
710	CL5	F5	054s	20.29333333	6.11	23.42	25.79	10.01666667	17.69	14.80666667	0.03	4.31	4.72	1.788125	360.2239466	0.124503739
1366	CL5	F5	068s	19.34333333	5.993333333	22.76333333	24.9	11.30333333	14.56333333	12.97	0.032	4.74	4.23	1.012083333	344.7845333	0.080815092
522	CL5	F5	068s	19.11666667	6.466666667	22.14	25.23666667	10.74	14.70666667	12.86666667	0.032	4.79	4.26	1.176041667	380.9959421	0.119920551
102	CL5	F5	075s	24.70333333	6.683333333	25.56333333	29.61666667	11.37333333	19.2	14.90666667	0.029	4.52	3.99	1.620833333	328.7262474	0.087007454
530	CL5	F5	075s	20.93666667	6.166666667	23.01	26.37666667	11.94	15.59	12.65666667	0.03	4.57	4.3	1.386458333	285.4771052	0.103930868
260	CL5	F5	077b	21.14666667	6.86	22.00666667	25.98	10.44333333	15.79666667	11.95	0.022	3.68	3.4	0.943333333	407.306622	0.066757541
317	CL5	F5	077b	19.45333333	6.463333333	21.82333333	25	10.72333333	15.49	11.91666667	0.026	3.9	3.94	1.512083333	303.8800942	0.075917059
1078	CL5	F5	081d	19.76	6.353333333	21.76666667	25.44	11.07	15.99	15.4	0.03	4.55	3.83	1.677291667	309.725093	0.159744789
81	CL5	F5	081d	20.26333333	6.536666667	22.99666667	26.45666667	10.84333333	15.96	16.11333333	0.029	4.64	3.75	1.09125	342.4171347	0.088522223
1370	CL5	F5	090b	26.83	7.223333333	26.83666667	31.13666667	13.02666667	17.56333333	15.66666667	0.031	4.47	4.06	2.780625	343.7636405	0.111760418
1061	CL5	F5	093s	22.80333333	6.246666667	23.90333333	27.95333333	12.60333333	16.75	15.64333333	0.038	4.46	4.42	1.24875	305.3286419	0.094051884
442	CL5	F5	093s	25.03666667	6.46	24.13333333	29.95666667	11.63666667	17.21	16.38666667	0.041	4.52	4.66	1.314583333	305.2526028	0.08362449
1332	CL5	F5	101s	24.56333333	6.336666667	24.13333333	29.75333333	12.48	16.95333333	14.40666667	0.027	4.38	4.08	2.546666667	362.9936279	0.111720436
834	CL5	F5	101s	21.40666667	5.876666667	23.17	27.04666667	12.30333333	16.36333333	13.84666667	0.024	4.34	3.79	0.883125	310.8000642	0.064961627
319	CL5	F5	107s	22.28666667	6.75	25.43666667	28.57333333	11.81666667	16.79333333	14.58333333	0.029	4.24	4.05	1.966666667	333.5640844	0.111827
669	CL5	F5	107s	21.35	6.746666667	23.93333333	26.92333333	10.60666667	15.60666667	13.23333333	0.031	4.29	4.27	1.67875	277.0730815	0.095174409
1049	CL5	F5	117s	20.31333333	6.526666667	19.74333333	23.91666667	10.35333333	14.53333333	12.47	0.033	3.32	4.18	1.7371875	310.8957429	0.108463839
302	CL5	F5	117s	19.17	5.943333333	21.33	23.07	10.19333333	14.06666667	13.30333333	0.028	4.17	4.06	1.472083333	274.1514688	0.077785829
1251	CL5	F5	119s	21.45666667	6.046666667	23.09666667	27.36	11.44	17.97333333	14.07666667	0.031	4.08	3.75	1.529583333	328.5175863	0.095275409
64	CL5	F5	119s	19.37	5.91	23.58333333	26.48	10.52333333	17.17333333	13.85333333	0.027	4.4	3.83	1.231875	373.9589141	0.056423445
747	CL5	F5	163d	21.33	6.136666667	19.8	23.57666667	10.94666667	14.93666667	12.48	0.027	4.05	3.74	1.559375	304.4975581	0.089367846
749	CL5	F5	163d	20.53	6.4	20.45	25.05	10.84	14.71666667	12.57	0.026	3.97	3.82	1.228541667	306.1369783	0.129838204
275	CL5	F5	178s	22.60666667	6.886666667	26.83	30.9	11.76333333	18.54666667	16.38666667	0.034	4.45	4.18	1.537291667	315.1660533	0.099487861
757	CL5	F5	178s	22.92	6.113333333	25.29333333	29.11333333	11.16333333	16.31666667	14.94	0.035	4.74	4.07	0.9775	280.498057	0.12324289
786	CL5	F5	179s	21.45333333	5.91	23.02666667	26.80666667	11.60666667	16.72333333	14.62333333	0.033	4.57	3.89	0.80375	247.994518	0.067788095
982	CL5	F5	179s	21.88	6.54	23.46	27.56333333	10.74666667	17.58666667	15.19666667	0.033	4.46	3.93	0.843958333	383.1113311	0.055637582
61	CL5	F5	185s	20.03666667	6.256666667	23.03666667	25.92666667	11.25	14.87666667	14.18666667	0.024	4.07	3.78	1.630416667	300.7333753	0.101151925
922	CL5	F5	185s	19.91	6.146666667	23.23	26.64666667	10.91333333	15.3	13.47	0.028	4.09	3.84	1.444166667	292.3604685	0.078766507
1044	CL5	F5	188d	19.25666667	5.843333333	19.78333333	23.38666667	11.81333333	15.05	14.35	0.032	4.61	4.02	1.912083333	329.6293258	0.096048886
1136	CL5	F5	188d	18.77333333	6.276666667	19.96	23.48	11.32333333	15.06333333	13.53666667	0.034	4.51	4.61	1.044166667	288.1844927	0.102727502
232	CL5	F5	189d	19.02	6.176666667	18.73	22.34333333	10.26	13.61333333	12.43333333	0.033	4.65	4.24	0.46875	286.5303138	0.066670003
27	CL5	F5	189d	25.14	7.523333333	21.51666667	28.00666667	12.06666667	16.22333333	15.05666667	0.032	4.55	4.07	0.899583333	257.9363083	0.104454651
364	CL5	F5	213s	22.50666667	6.316666667	22.84666667	28.31666667	10.94666667	16.87	14.33	0.029	4.46	3.99	2.053958333	299.9277629	0.082262591
683	CL5	F5	213s	21.29666667	5.843333333	21.85333333	25.89333333	10.22	15.83	13.41	0.029	4.46	3.93	1.767708333	336.0707886	0.120053722
382	CL5	F5	228s	22.89666667	6.243333333	22.95333333	27.27666667	11.02	16.91333333	13.78	0.032	4.78	4.24	2.377083333	364.9714111	0.118933131
943	CL5	F5	228s	23.37666667	6.99	23.06	27.98333333	11.02	17.78333333	12.5	0.037	5.16	4.52	1.791041667	323.4952585	0.074539938
605	CL5	F5	289s	24.74	7.366666667	27.58	31.61	12.72333333	17.65	15.79333333	0.034	4.56	4.19	2.778541667	362.5800649	0.140994895
65	CL5	F5	289s	24.00666667	7.076666667	23.30666667	28.86666667	10.89	17.67	14.46	0.031	4.3	3.77	2.733125	354.0654575	0.133070341
1336	CL5	F5	302b	20.01	6.303333333	22.17666667	25.64333333	10.23333333	14.50333333	10.40333333	0.029	3.9	3.55	1.31125	318.200352	0.055558628
608	CL5	F5	302b	18.58666667	6.2	19.78333333	23.51666667	9.626666667	14.08333333	11.28	0.027	3.94	3.41	1.521875	313.4659669	0.071169666
1387	CL5	F5	305b	17.80666667	6.18	20.25333333	22.88666667	9.62	12.6	11.48666667	0.025	4.32	4.04	1.543958333	314.0905966	0.100546684
924	CL5	F5	305b	20.07	6.183333333	20.33666667	24.19333333	10.42666667	14.04	11.84	0.027	4.17	4.1	1.671875	333.2101854	0.103559069
1013	CL5	F5	338b	20.33333333	5.79	22.33	25.55666667	11.85333333	14.99666667	13.18666667	0.022	4.45	3.33	1.468333333	285.1796563	0.074522293
1309	CL5	F5	338b	19.10666667	5.916666667	21.65	24.93333333	10.51	15.06666667	13.53	0.021	4.22	3.43	1.063333333	304.9716686	0.102773207
1396	CL5	F5	340b	23.00333333	6.66	22.04333333	26.12333333	11.84333333	15.91333333	14.60666667	0.016	3.82	3.41	0.966041667	306.8403408	0.099145961
668	CL5	F5	340b	18.94	5.863333333	19.21666667	22.93	10.21333333	14.88666667	14.17333333	0.016	3.99	3.49	0.987083333	284.3112461	0.067924013
420	CL5	F5	341s	22.76	6.556666667	23.37	29.29	11.12	16.51333333	15.24	0.028	4.6	3.94	0.810208333	264.0518225	0.07308634
624	CL5	F5	341s	20.39333333	6.243333333	23.37	26.55333333	10.56666667	14.97	14.27333333	0.021	4.43	4.07	1.434166667	315.5076671	0.113472374
483	CL5	F5	343s	22.41333333	6.883333333	23.11666667	27.02	10.76333333	17.3	13.83333333	0.027	4.4	4.13	1.579583333	364.6359448	0.140128499
971	CL5	F5	343s	21.49	6.536666667	23.12666667	27.06333333	10.46	16.10666667	12.88333333	0.026	4.29	4.14	1.36	323.0200538	0.068411312
1031	CL5	F5	357s	23.76	7.206666667	24.78	28.10333333	11.56666667	17.30666667	13.50666667	0.027	4.52	4.5	2.22375	331.1592423	0.085360034
1081	CL5	F5	357s	20.98333333	6.923333333	23.99666667	27.49333333	12.72666667	16.16666667	13.03333333	0.028	4.53	4.91	1.453958333	328.1276496	0.088777519
271	CL5	F5	362s	23.80666667	7.013333333	23.06333333	27.82333333	10.98333333	16.57666667	15.34	0.028	4.47	4.04	1.969375	318.5033719	0.104110267
615	CL5	F5	362s	23.99333333	6.64	24.35666667	28.27666667	11.28333333	16.65	15.34666667	0.025	4.35	3.98	2.140833333	307.001633	0.099278201
1100	CL5	F5	364s	21.15333333	5.983333333	22.82	26.56666667	9.95	16.76333333	14.30666667	0.032	5.05	4.58	1.67625	377.407089	0.104597276
1104	CL5	F5	364s	21.85	6.416666667	23.58333333	27.31666667	10.96	15.75333333	13.72333333	0.031	4.92	4.13	1.693125	312.3074225	0.066780628
1385	CL5	F5	367s	26.95	8.07	27.70333333	33.4	13.25333333	18.97	16.89666667	0.025	4.57	4.01	2.383125	361.0031874	0.202172188
494	CL5	F5	367s	25.08	7.616666667	26.73666667	31.57333333	12.54333333	18.34333333	15.19	0.025	4.39	4.01	2.035416667	310.3049956	0.134737816
116	CL5	F5	369s	20.89333333	6.02	21.27	24.58333333	10.44666667	15.15666667	13.81666667	0.029	4.25	4.08	1.28	360.4196427	0.087252953
768	CL5	F5	369s	21.08666667	6.393333333	21.62333333	25.35333333	9.413333333	15.20333333	13.18	0.026	4.26	3.93	1.145208333	303.2228902	0.094686339
810	CL5	F5	372b	21.43333333	6.846666667	21.11	24.93666667	11.02666667	14.14333333	13.02333333	0.028	4.14	3.76	0.651458333	282.0886306	0.102808163
1171	CL5	F5	382s	20.36666667	6.013333333	20.55666667	23.53333333	8.996666667	11.19	13.98	0.026	4.26	3.88	0.107708333	257.8043582	0.059405528
1271	CL5	F5	386s	22.07	6.726666667	23.22	26.67333333	11.75	15.47333333	14.04666667	0.024	4.43	3.67	1.634166667	324.0537434	0.153708652
84	CL5	F5	386s	23.11666667	7.013333333	24.67333333	28.35333333	12.72	16.07333333	15.38333333	0.027	4.37	3.78	1.376875	333.5180344	0.123979271
899	CL5	F5	387b	22.53	6.9	26.67333333	30.10333333	11.89666667	17.86666667	16.22	0.027	3.83	3.88	1.564166667	336.5189322	0.098159876
953	CL5	F5	387b	19.06	6.29	22	25.61333333	10.33666667	16.07	13.39	0.027	3.97	3.74	1.609166667	291.5582231	0.089590955
1321	CL5	F5	390b	24.76	6.69	25.7	31.33	11.25	18.92	14.4	0.012	3.3	2.91	2.739791667	300.7385181	0.126984272
1354	CL5	F5	390b	22.74333333	6.543333333	23.95	28.69	11.95666667	16.71	14.53	0.011	3.07	2.56	2.590208333	332.9304621	0.141120995
1393	CL5	F5	406s	17.33333333	5.723333333	19.47	22.06666667	9.603333333	14.72666667	11.51666667	0.027	3.93	3.95	1.277708333	312.2487802	0.077316177
1402	CL5	F5	406s	17.88	5.706666667	19.48666667	22.98	9.263333333	14.85333333	12.11666667	0.025	4.13	3.92	0.6978125	351.9442356	0.067929328
1066	CL5	F5	409s	22.69333333	6.68	22.68666667	27.63666667	10.82666667	15.50333333	14.90333333	0.024	4.05	4.26	1.348333333	316.0381525	0.097598692
1296	CL5	F5	409s	24.68333333	6.886666667	24	29.00666667	11.02	16.67333333	15.24	0.024	4.08	4	1.966666667	307.643902	0.10790522
588	CL5	F5	426b	18.93333333	5.86	22.51	25.61666667	10.39333333	15.28333333	12.88666667	0.025	4.31	3.71	0.669583333	280.5800007	0.068411995
663	CL5	F5	426b	20.18333333	6.41	22.68333333	26.76333333	11.31333333	15.44	12.98333333	0.024	3.91	3.78	0.595208333	226.362525	0.073195645
1348	CL5	F5	431b	23.8	6.603333333	25.31	29.36666667	11.89666667	16.84333333	14.41666667	0.033	4.11	4.18	1.885	310.7935489	0.101204902
804	CL5	F5	431b	22.18666667	6.596666667	23.02	26.43666667	11.72333333	15.74666667	13.08666667	0.031	4.32	3.91	1.730625	312.2847719	0.103096912
752	CL5	F5	433s	26.17666667	6.586666667	23.92	29.56333333	10.39	14.41333333	14.37	0.026	3.83	4	1.339166667	286.4928871	0.149231851
90	CL5	F5	433s	24.94666667	6.533333333	22.70666667	28.54	10.61333333	14.36666667	12	0.028	4.21	3.68	0.717708333	187.3487464	0.112519627
1233	CL5	F5	440s	20.53	7.323333333	21.65666667	25.44333333	10.55333333	15.46	12.84666667	0.029	4.86	4.14	2.149791667	317.6650435	0.130295315
283	CL5	F5	440s	21.30666667	7.456666667	20.93333333	25.87333333	10.92666667	15.37333333	12.70666667	0.029	4.8	4.22	1.772916667	343.3408164	0.105740433
1036	CL5	F5	443w	23.09	6.79	23.88666667	27.31333333	11.76333333	16.98333333	14.44	0.027	4.31	3.97	2.509166667	331.3752147	0.124143555
1351	CL5	F5	443w	27.94	7.866666667	24.98666667	30.7	12.38	18.67666667	16.48666667	0.028	4.31	4.14	3.2775	357.2410731	0.115335978
144	CL5	F5	453s	18.61666667	5.88	18.54333333	21.51666667	9.35	14.80666667	12.22333333	0.023	4.44	3.93	0.795208333	317.2117087	0.047080369
265	CL5	F5	453s	23.25666667	7.276666667	22.49	26.18666667	9.81	15.82666667	13.27333333	0.027	4.05	4.46	1.735416667	280.1452126	0.078845464
1217	CL5	F5	458s	22.68333333	6.153333333	22.87333333	26.99333333	11.64	16.20666667	13.53666667	0.026	4.24	4.04	2.378125	314.6689263	0.113158227
177	CL5	F5	458s	21.19	6.203333333	22.21	26.45333333	10.39333333	16.11666667	12.98666667	0.033	4.42	4.49	1.659166667	276.4820586	0.073056184
1395	CL5	F5	460s	21.87333333	6.68	21.70666667	26.24333333	11.62333333	16.88333333	12.90666667	0.022	3.97	3.66	2.395625	323.1289342	0.158778949
1397	CL5	F5	460s	21.81	6.47	24.42333333	27.30666667	12.27	16.50333333	13.77	0.028	4.37	3.49	1.554791667	381.5033637	0.097109015
1041	CL5	F5	461b	26.43	7.096666667	24.53	30.19333333	12.09666667	18.19333333	13.77	0.031	4.53	3.9	2.643333333	349.5167658	0.10490377
20	CL5	F5	461b	26.13333333	6.486666667	23.77	29.35666667	10.71	18.1	13.57666667	0.031	4.35	3.79	1.599791667	368.4919684	0.118515597
1327	CL5	F5	465s	19.07333333	7.31	22.33666667	25.27666667	9.95	15.3	13.16333333	0.031	4.5	4.07	1.801458333	333.454089	0.091767945
209	CL5	F5	465s	18.46333333	7.413333333	21.16666667	24.52666667	9.333333333	15.08	13.70333333	0.027	4.56	3.88	0.625833333	299.1836998	0.061234636
182	CL5	F5	473s	19.49	5.396666667	23.23666667	27.29333333	11.37	15.51	12.72333333	0.024	4.1	4.05	1.075208333	371.7318962	0.106100637
268	CL5	F5	473s	20.56666667	6.363333333	24.43	27.83333333	10.74	16.30666667	12.81333333	0.022	3.9	4.05	1.38	327.0331438	0.08743292
1248	CL5	F5	474s	25.43666667	7.886666667	23.70333333	28.57	13.49666667	16.38666667	15.21	0.03	4.54	4.19	2.120833333	319.1279426	0.153089756
1347	CL5	F5	474s	28.89	7.72	24.41	30.43	12.72	16.2	15.47	0.025	4.28	3.88	2.2896875	344.3700007	0.110349348
1247	CL5	F5	479s	19.76333333	6.086666667	20.18666667	24.19	10.86	14.26666667	11.24333333	0.036	5.05	4.49	0.731666667	252.0617402	0.082892875
619	CL5	F5	479s	18.37666667	5.36	20.08333333	23.54	11.27333333	13.99	11.12333333	0.032	4.88	4.35	0.574791667	200.8300255	0.061768101
916	CL5	F5	480s	25.52	7.163333333	22.56	28.71666667	12.06	17.92	16.11333333	0.018	3.75	3.64	2.291666667	387.0624693	0.110631611
1394	CL5	F5	490b	25.88	6.933333333	24.09333333	29.78	12.16666667	17.46666667	13.34	0.018	3.61	3.87	1.804375	333.6194227	0.121777351
1403	CL5	F5	490b	24.47	6.896666667	22.57666667	27.97666667	11.24	17.01666667	14.04666667	0.027	4.53	3.96	2.159166667	357.0867277	0.151866249
1162	CL5	F5	491b	22.42666667	6.323333333	20.62	25.26333333	11.04333333	15.22666667	13.56333333	0.027	4.34	4.07	1.101666667	310.0405525	0.075408486
125	CL5	F5	491b	23.04666667	6.463333333	21.64333333	26.18	10.93666667	16.71666667	14.43666667	0.026	4.34	4	1.29125	323.3011795	0.069145096
202	CL5	F5	492b	19.02666667	5.496666667	20.37666667	24.33333333	9.823333333	14.24	12.76333333	0.025	4.44	4.18	1.487291667	280.20026	0.104452555
802	CL5	F5	492b	20.88	6.423333333	22.75333333	26.23666667	12.06333333	15.42666667	13.46	0.026	4.34	4.02	0.769375	305.6746094	0.089533885
227	CL5	F5	493s	19.05666667	5.933333333	20.78333333	24.82666667	9.473333333	15.13	14.30333333	0.026	4.03	4.56	1.17375	307.4928804	0.065215432
673	CL5	F5	493s	23.15	6.233333333	23.56666667	27.95333333	11.8	16.35	15.9	0.031	4.13	3.87	0.768541667	351.7999277	0.090058457
1141	CL5	F5	495s	19.55	6.45	22.08666667	25.53	11.02	15.53	13.86666667	0.028	4.51	4.22	2.367291667	310.1161365	0.104102601
520	CL5	F5	495s	20.68333333	6.983333333	24.10666667	27.29333333	10.44333333	16.66	13.26	0.03	4.59	4.39	1.473958333	305.5526712	0.125484327
270	CL5	F5	496s	19.04	5.683333333	20.9	23.59	10.51	14.55666667	13.76	0.018	3.74	3.67	0.837916667	262.9193708	0.039940501
453	CL5	F5	496s	20.43666667	5.813333333	20.95333333	23.74	10.44333333	14.91666667	13.74	0.022	3.97	3.9	0.809791667	259.4116062	0.049589914
1157	CL5	F5	505s	22.77666667	6.353333333	24.58666667	28.06	11.11333333	16.32333333	16.09333333	0.023	3.97	3.39	1.135	287.8998377	0.067596235
315	CL5	F5	505s	20.08	6.466666667	20.99666667	25.43666667	10.25666667	14.07	13.76666667	0.021	3.94	4.05	0.671875	297.8167794	0.091227828