Ind	Sp	Gen	Line	CorollaWidth	CorollaThroat	CorollaLength	OverallCorollaLength	SepalLength	LongestStamenLength	PistilLength	SeedMass	SeedLength	SeedWidth	NectarVolume	SugarConcentration	NectarySize	TotalSugAmt
1052	CL5	F5	014s	21.29166667	6.548333333	22.80333334	26.3	11.24833334	16.09166667	14.63166667	0.033	4.4	4.195	2.053229167	345.8062011	0.1424821	704.259657
367	CL5	F5	025s	20.255	6.263333334	20.38666667	23.87833334	11.27833333	13.38166667	12.51666667	0.024	3.895	3.7	0.841458333	273.4244071	0.064639261	236.9309705
1185	CL5	F5	032s	20.925	6.195	22.04333334	25.85666667	10.67166667	15.8	14.17833333	0.0345	4.61	4.495	1.071354167	299.5115284	0.076213315	316.6569401
196	CL5	F5	039s	22.75333333	6.575	22.715	27.59333333	11.33	16.055	13.975	0.0285	4.385	4.14	2.007291667	330.4851176	0.11691563	667.1504048
1003	CL5	F5	043s	22.61	6.38	22.98166667	27.13333334	11.48833333	16.345	15.445	0.0325	4.83	4.525	1.528020834	346.0065749	0.137032018	527.572182
642	CL5	F5	054s	22.08833333	6.206666667	23.585	27.00666667	10.29166667	17.63833334	14.435	0.0295	4.285	4.43	1.734479167	365.9718392	0.121067331	635.9136785
1366	CL5	F5	068s	19.23	6.23	22.45166667	25.06833334	11.02166667	14.635	12.91833334	0.032	4.765	4.245	1.0940625	362.8902377	0.100367822	416.0479358
102	CL5	F5	075s	22.82	6.425	24.28666667	27.99666667	11.65666667	17.395	13.78166667	0.0295	4.545	4.145	1.503645833	307.1016763	0.095469161	468.8874125
260	CL5	F5	077b	20.3	6.661666667	21.915	25.49	10.58333333	15.64333334	11.93333334	0.024	3.79	3.67	1.227708333	355.5933581	0.0713373	413.0031357
1078	CL5	F5	081d	20.01166667	6.445	22.38166667	25.94833334	10.95666667	15.975	15.75666667	0.0295	4.595	3.79	1.384270834	326.0711139	0.124133506	446.442747
1370	CL5	F5	090b	26.83	7.223333333	26.83666667	31.13666667	13.02666667	17.56333333	15.66666667	0.031	4.47	4.06	2.780625	343.7636405	0.111760418	952.50519
1061	CL5	F5	093s	23.92	6.353333334	24.01833333	28.955	12.12	16.98	16.015	0.0395	4.49	4.54	1.281666667	305.2906224	0.088838187	398.4969963
1360	CL5	F5	1	19.11833334	6.721666667	21.83833334	24.52666667	11.015	14.63833334	11.76166667	0.036	4.41	4.26	1.423333333	316.7563794	0.101372885	461.8561522
1332	CL5	F5	101s	22.985	6.106666667	23.65166667	28.4	12.39166667	16.65833333	14.12666667	0.0255	4.36	3.935	1.714895834	336.8968461	0.088341032	601.6221942
1389	CL5	F5	104	24.88166667	8.13	25.07	29.31	12.785	16.575	14.90333333	0.034	4.925	4.075	1.755520834	318.38634	0.090306362	561.2102495
1057	CL5	F5	105	24.50166667	7.253333334	24.45833333	29.27	11.42166667	16.205	15.39	0.0295	4.63	4.045	1.150520834	324.3344418	0.085770881	373.0762179
269	CL5	F5	106	16.53666667	5.196666667	19.41666667	22.61	8.926666667	12.52	10.88333333	0.025	4.06	3.9	0.349166667	241.6934319	0.078515623	74.5599617
319	CL5	F5	107s	21.81833334	6.748333334	24.685	27.74833333	11.21166667	16.2	13.90833333	0.03	4.265	4.16	1.822708334	305.318583	0.103500705	562.4125061
54	CL5	F5	108	21.39333333	6.215	23.69166667	27.44166667	10.80333334	16.39666667	14.18833333	0.0285	4.27	4.1	1.253541667	283.8239935	0.06541468	366.7847078
1151	CL5	F5	109	21.66833334	6.848333334	22.86333333	26.32166667	10.58333334	16.09333334	13.87833334	0.0335	4.69	4.185	1.333645833	290.5644786	0.089506076	395.5119084
525	CL5	F5	11	23.66	6.745	23.96333333	28.69	11.92166667	16.97333333	14.645	0.033	4.57	4.275	2.137604167	324.3110653	0.097132669	715.189534
1335	CL5	F5	112	23.19	6.856666667	25.465	29.41833334	10.88666667	16.71833334	14.59333333	0.029	4.24	3.69	1.678854167	311.6994172	0.087603348	540.644243
1333	CL5	F5	115	18.57333334	6.266666667	19.835	22.79	9.373333334	14.22166667	12.08	0.034	4.56	4.08	1.0878125	271.2084372	0.065162366	291.52548
1049	CL5	F5	117s	19.74166667	6.235	20.53666667	23.49333334	10.27333333	14.3	12.88666667	0.0305	3.745	4.12	1.604635417	292.5236059	0.093124834	473.0474775
1182	CL5	F5	118	18.61166667	5.968333334	20.595	23.98	10.78166667	15.56333333	13.78666667	0.033	4.63	4.045	0.886770834	281.2896727	0.066418576	246.9670009
1251	CL5	F5	119s	20.41333334	5.978333334	23.34	26.92	10.98166667	17.57333333	13.965	0.029	4.24	3.79	1.380729167	351.2382502	0.075849427	465.0336136
1148	CL5	F5	12	21.46666667	6.525	21.03833334	24.735	10.07666667	16.39833333	13.84	0.03	4.205	3.945	1.915	290.0494737	0.086883054	547.5016235
1290	CL5	F5	120	19.81666667	6.661666667	21.54	24.83333334	11.85	15.27333334	13.26166667	0.037	4.92	4.105	1.229375	279.6587056	0.12011359	345.8269781
1093	CL5	F5	121	19.36666667	6.068333334	20.45333334	23.515	11.12	14.11	11.51666667	0.025	3.88	3.35	0.855625	280.3478218	0.048907096	235.9690463
1094	CL5	F5	122	22.35833333	6.663333334	23.04833334	27.55333333	11.31666667	16.315	13.645	0.0275	4.28	3.955	0.931770833	246.9904924	0.085859125	241.4760793
236	CL5	F5	124	18.45	6.33	22.665	25.91166667	10.37833333	15.10833334	14.79666667	0.0285	4.36	4.39	1.41125	317.4016215	0.09344417	433.8104403
1180	CL5	F5	125	20.42333334	6.053333334	20.845	24.76333334	11.41	15.60166667	14.06333333	0.027	4.145	4.035	0.942395833	261.8305021	0.064810625	249.0757059
369	CL5	F5	126	22.09333334	6.086666667	21.54	26.20333334	10.535	15.865	14.45333334	0.032	4.59	4.07	1.245208334	308.5468007	0.09035545	378.7225734
1123	CL5	F5	128	24.575	7.378333334	26.46	30.28666667	11.41166667	17.09833333	16.37333333	0.0295	4.36	4.27	1.93	307.084308	0.123221444	586.199381
140	CL5	F5	13	22.02	6.84	23.98333334	27.79833333	10.475	17.01333333	14.81666667	0.027	4.265	3.71	1.615104167	335.5963482	0.087063151	542.2830238
598	CL5	F5	130	26.44333334	7.343333333	22.04333333	27.33333334	12.17833334	15.89333334	13.14333333	0.0345	4.28	4.405	1.635729167	305.3105633	0.17620615	531.1092775
1011	CL5	F5	132	22.93833334	6.291666667	24.96166667	29.95333334	10.86833333	17.39166667	13.58666667	0.0295	4.285	3.775	1.233333334	282.2708458	0.07631621	351.1824415
1306	CL5	F5	133	22.08666667	7.065	22.56666667	26.27833333	11.07166667	16.585	14.43666667	0.025	4.455	3.96	1.233333334	299.0507222	0.074771866	391.4488195
1028	CL5	F5	134	21.42833334	5.871666667	22.25333334	26.595	11.22	16.315	14.78833334	0.027	4.38	4.005	1.706458334	325.7666478	0.126351611	552.1893057
830	CL5	F5	135	22.10833333	7.121666667	21.945	26.92	11.96	14.53333334	12.61	0.035	4.75	4.085	1.796979167	296.9470062	0.097555496	524.1443829
546	CL5	F5	136	22.48333333	6.09	21.66166667	25.96166667	11.015	14.56	12.665	0.0265	4.56	3.885	1.193854167	257.4311065	0.081357212	317.4731558
26	CL5	F5	137	19.87166667	5.95	21.72166667	24.93333334	10.80666667	14.99166667	12.23	0.031	4.19	3.715	1.368541667	263.3022119	0.086415159	353.6450477
104	CL5	F5	138	21.61666667	6.506666667	22.76166667	26.58	10.13833333	14.97666667	13.705	0.0285	4.035	4.1	1.388333333	273.5495406	0.075251586	414.6029461
32	CL5	F5	139	20.33	6.441666667	22.24333334	25.74666667	10.16333333	15.945	13.445	0.025	3.965	3.69	1.261354167	298.8998886	0.100394109	377.7506374
1311	CL5	F5	141	22.76333334	6.411666667	23.61	27.16166667	10.96833333	15.93833333	15.645	0.0325	4.38	3.985	1.587395834	325.9608661	0.118121678	495.5166033
346	CL5	F5	142	22.18333333	7.213333333	22.55	26.3	10.74333333	16.44	14.84	0.034	4.7	4.11	1.469791667	332.1538996	0.095236957	485.5468264
120	CL5	F5	143	26.44333333	6.713333334	24.84333334	30.12666667	11.37666667	17.085	15.11666667	0.0305	4.445	4.045	1.919583333	302.7130139	0.089143946	604.048425
1102	CL5	F5	144	18.71166667	5.418333333	21.59166667	25.13	10.26	16.15666667	14.71166667	0.0285	4.425	3.825	0.970833333	266.8958474	0.05930657	274.7560458
298	CL5	F5	145	22.625	7.673333334	25.76	29.495	12.13666667	17.455	16.05166667	0.0315	4.925	4.03	1.409583334	352.093444	0.130178976	497.7202793
1241	CL5	F5	146	23.915	7.146666667	23.02333334	27.44333333	11.70833334	15.94	14.11833334	0.0275	4.03	3.69	1.913333334	336.9027978	0.092068854	664.8679179
1019	CL5	F5	147	21.46	6.066666667	21.91166667	25.97666667	9.64	16.78333334	13.44833333	0.028	4.095	3.96	2.480416667	323.7259084	0.103405191	804.9991882
1082	CL5	F5	148	24.16333334	7.456666667	22.56	27.33666667	10.33666667	15.22833334	13.33666667	0.027	4.08	3.995	1.806145834	297.9041551	0.099063565	550.5661074
499	CL5	F5	149	20.73333334	6.31	20.72	24.94666667	10.12666667	14.175	13.32333334	0.028	4.115	3.77	1.750416667	294.9419427	0.103286998	526.1195089
1274	CL5	F5	15	24.71833334	7.056666667	26.06333334	30.71833334	12.955	17.53833334	14.735	0.023	3.785	3.705	2.017604167	304.0165214	0.127373252	617.9913223
1206	CL5	F5	150	21.19	6.611666667	21.46	25.06166667	11.115	16.48166667	13.815	0.0255	3.775	3.45	0.84125	254.276872	0.106544455	232.4213877
1277	CL5	F5	151	20.20333334	6.18	20.01833334	23.82333333	10.78666667	14.9	12.675	0.031	4.565	3.86	1.682083334	311.9891465	0.084736076	537.0287559
152	CL5	F5	152	24.43666667	7.058333333	25.06833334	29.60833334	11.35666667	18.09666667	16.56166667	0.0335	4.635	4.025	1.429583333	306.9993652	0.089075026	485.8220725
1174	CL5	F5	153	23.01833334	6.52	22.65833334	26.99666667	10.80333334	16.285	14.075	0.0335	4.485	4.4	2.002708334	319.9483823	0.109708488	639.446711
126	CL5	F5	155	23.80166667	6.631666667	20.69666667	26.13833333	11.305	16.48833333	12.77166667	0.0305	4.405	3.86	1.640833334	339.5977644	0.126886907	551.6871482
578	CL5	F5	156	19.93	5.97	19.90166667	23.77	10.52833334	14.59	11.02833333	0.0305	4.295	3.835	0.9415625	312.652443	0.082882276	303.3935911
1045	CL5	F5	157	19.84333333	5.996666667	20.61	23.93333333	11.27833334	15.40333334	13.73833334	0.0335	4.645	4.02	0.7490625	371.0716798	0.098023902	275.0490122
333	CL5	F5	158	20.29333333	6.048333334	21.315	25.29833334	10.255	15.48333334	14.41	0.0315	3.905	3.755	1.209375	286.2707863	0.081538304	356.3440336
480	CL5	F5	160	18.77166667	6.13	22.23833334	26.06333333	11.12166667	14.825	14.38833333	0.0275	3.525	3.91	1.320208333	280.3357167	0.085291382	368.6961575
1118	CL5	F5	161	21.75	6.835	21.81666667	26.25	11.61666667	15.73666667	14.33666667	0.035	4.685	3.97	2.725	315.9279677	0.144684124	867.6341731
1128	CL5	F5	162	21.28166667	6.473333333	21.68666667	24.85833334	12.37333334	15.25666667	13.335	0.03	4.375	4.03	1.341770834	328.3245426	0.10650394	459.2198307
747	CL5	F5	163d	20.93	6.268333334	20.125	24.31333334	10.89333334	14.82666667	12.525	0.0265	4.01	3.78	1.393958334	305.3172682	0.109603025	436.532223
1203	CL5	F5	165	18.75333333	5.82	21.05333333	24.25	11.41333333	14.63	11.37666667	0.027	3.97	3.53	0.820416667	282.1125223	0.075074893	230.5590495
1338	CL5	F5	166	23.885	6.875	27.83833334	31.64833334	12.32333334	18.595	17.05833334	0.03	4.35	4.02	2.289270834	319.1168278	0.109015479	736.1186437
1025	CL5	F5	172	21.015	7.088333334	22.83166667	26.125	10.77666667	15.09333334	12.54666667	0.032	4.285	3.945	1.333958334	309.1190739	0.094766759	424.7069996
1372	CL5	F5	174	17.90666667	6.226666667	20.41333334	23.34666667	10.01166667	13.73	10.81333333	0.0255	4.17	3.645	0.820729167	245.9996119	0.069005687	205.9685936
1183	CL5	F5	176	22.18166667	7.05	23.7	27.13833334	11.40666667	16.98666667	14.38666667	0.0325	4.745	4.145	2.049583333	384.3831395	0.191264698	791.0687232
197	CL5	F5	177	24.08166667	6.92	22.825	27.91	10.25833333	17.63833334	15.225	0.0325	4.14	3.935	1.970729167	285.6012067	0.104954558	563.0399994
275	CL5	F5	178s	22.76333334	6.5	26.06166667	30.00666667	11.46333333	17.43166667	15.66333334	0.0345	4.595	4.125	1.257395834	297.8320552	0.111365376	378.960369
786	CL5	F5	179s	21.66666667	6.225	23.24333334	27.185	11.17666667	17.155	14.91	0.033	4.515	3.91	0.823854167	315.5529246	0.061712839	266.0027167
1398	CL5	F5	18	24.56166667	7.84	25.13166667	29	11.86666667	18.84833334	16.46	0.0245	4.59	3.92	2.352291667	365.5195071	0.227040005	872.8186944
1119	CL5	F5	180	21.225	6.293333333	23.08833334	26.63166667	10.58833334	17.19666667	16.385	0.0345	4.805	4.22	1.810104167	272.3646864	0.093420716	494.7039985
738	CL5	F5	181	20.05333333	5.35	23.39333333	25.63333334	11.15	15.895	15.05833333	0.0285	4.76	3.96	1.616666667	336.8233109	0.083148129	548.8605956
1035	CL5	F5	182	23.27666667	6.66	21.52666667	25.735	12.08833334	15.35	12.20833333	0.03	4.695	4.03	2.1290625	351.094481	0.215195624	779.9988615
149	CL5	F5	184	18.72666667	5.885	21.465	24.92333333	10.48166667	14.03666667	11.83166667	0.033	4.455	4.105	1.0375	287.8002645	0.105402229	295.2889663
61	CL5	F5	185s	19.97333334	6.201666667	23.13333334	26.28666667	11.08166667	15.08833334	13.82833334	0.026	4.08	3.81	1.537291667	296.5469219	0.089959216	455.8306622
161	CL5	F5	186	24.09	6.821666667	24.62333333	29.995	11.33666667	17.365	16.10833334	0.0305	4.605	4.325	2.152083334	328.7518235	0.133759051	708.066717
1044	CL5	F5	188d	19.015	6.06	19.87166667	23.43333334	11.56833333	15.05666667	13.94333334	0.033	4.56	4.315	1.478125	308.9069093	0.099388194	466.1037035
232	CL5	F5	189d	22.08	6.85	20.12333334	25.175	11.16333334	14.91833333	13.745	0.0325	4.6	4.155	0.684166667	272.2333111	0.085562327	192.7993045
722	CL5	F5	19	20.605	5.835	21.06666667	25.32833334	11.77833333	15.30166667	12.56833334	0.0305	4.43	4.375	1.389166667	298.740386	0.083243547	413.0413169
134	CL5	F5	192	21.15166667	6.793333334	23.68	27.34666667	11.28833334	15.78166667	13.41666667	0.0365	5	4.605	1.588333333	337.915728	0.127497871	547.2877562
1120	CL5	F5	195	22.67	6.081666667	21.865	25.81	10.46833334	17.03166667	12.76	0.027	4.23	4.33	1.59625	322.9590124	0.082464939	524.1318003
14	CL5	F5	196	25.10833334	7.028333333	25.16	30.36666667	11.795	17.955	15.16	0.035	5.395	4.285	1.898020834	300.2219559	0.088672754	611.5475351
67	CL5	F5	197	24.64166667	6.756666667	22.85	28.18833334	11.00833334	16.31	16.30333334	0.0235	4.375	3.715	2.122291667	307.4167623	0.1329143	646.5496993
1239	CL5	F5	198	20.515	6.3	21.85166667	25.13166667	10.22	15.49	14.46833334	0.0325	4.87	4.355	1.203125	341.5306824	0.093763993	413.2888896
183	CL5	F5	200	20.11666667	5.93	21.00666667	24.67333334	10.27833334	14.74666667	11.87333334	0.0225	4.455	3.87	0.4809375	333.6258902	0.084299651	165.1724226
167	CL5	F5	201	19.56333334	6.181666667	22.44666667	25.43833334	11.68833333	14.48333334	12.15333333	0.0285	4.495	4.015	0.840104167	292.2267549	0.081630055	246.7778754
1294	CL5	F5	202	20.90333334	6.18	20.08166667	24.04333334	10.955	13.67333334	12.84166667	0.0275	4.34	3.895	1.37625	302.7130184	0.0738028	431.5087296
1105	CL5	F5	203	21.18833334	7.071666667	23.64833333	27.09333334	10.14	15.91166667	13.94	0.029	4.625	4.085	2.831354167	355.0157837	0.106641335	1001.241919
1204	CL5	F5	205	20.27666667	5.973333334	19.53666667	23.70833333	11.015	13.88	12.33	0.0275	4.175	4.325	1.2790625	291.4074791	0.066741231	378.4863204
1017	CL5	F5	207	25.525	6.586666667	24.15666667	29.31666667	12.16	17.71666667	14.82	0.0345	5.23	4.225	1.498020834	289.7941083	0.087117928	453.7560311
323	CL5	F5	209	23.43333334	6.698333333	24.20333333	27.82333334	12.01833333	16.59333333	15.67	0.033	4.465	4.15	2.254270834	335.6488954	0.147615685	752.6535997
474	CL5	F5	21	22.01666667	6.988333334	23.43333333	27.62	9.890000002	17.145	13.55333333	0.033	4.895	4.535	1.6628125	336.5752897	0.09483024	568.8890766
567	CL5	F5	211	18.99666667	5.696666667	20.70833333	23.93166667	10.51666667	14.97	12.59666667	0.027	4.7	4.04	1.2725	282.6042692	0.066106319	379.1243994
364	CL5	F5	213s	21.90166667	6.08	22.35	27.105	10.58333334	16.35	13.87	0.029	4.46	3.96	1.910833333	317.9992758	0.101158157	609.6876052
1010	CL5	F5	214	19.84166667	6.43	19.10833334	23.055	9.506666667	14.975	12.69333333	0.029	4.58	4.16	1.367291667	282.4970176	0.080400421	390.3962528
308	CL5	F5	217	19.79166667	5.593333333	21.93	25.46666667	10.70666667	15.01333334	14.025	0.028	4.27	4.125	2.0996875	336.8298999	0.111764705	704.6594728
1303	CL5	F5	218	22.51666667	6.505	24.665	28.79	10.95166667	17.30666667	14.24	0.031	4.505	4.285	2.2071875	297.7422576	0.080002378	664.2879248
863	CL5	F5	220	25.02666667	7.42	25.82666667	29.245	13.18333334	15.81	16.86833333	0.0365	4.8	4.06	2.340104167	331.3695277	0.187127014	776.2675941
1231	CL5	F5	222	22.86166667	6.933333334	22.46666667	26.31833334	11.71333333	16.42166667	14.96833333	0.029	4.47	3.68	1.639895833	324.0713168	0.146265586	535.7568485
1181	CL5	F5	226	23.85666667	6.78	23.87833333	28.27	12.00166667	17.19333334	13.53833334	0.0305	4.465	4.265	2.551041667	367.5150698	0.164740855	925.2444116
759	CL5	F5	227	21.96666667	5.9	20.92833334	25.46833333	11.03166667	15.54833333	13.835	0.0315	4.375	4.165	1.659479167	283.460001	0.110847013	469.209702
382	CL5	F5	228s	23.13666667	6.616666667	23.00666667	27.63	11.02	17.34833333	13.14	0.0345	4.97	4.38	2.0840625	344.2333348	0.096736535	724.746386
1086	CL5	F5	229	19.32666667	6.451666667	22.355	25.465	11.97666667	13.42833333	12.47833334	0.0395	4.985	4.58	0.837708334	260.4772541	0.098502972	237.305751
782	CL5	F5	231	22.13833333	6.838333334	23.39333333	27.90666667	11.05666667	16.98166667	15.55666667	0.025	4.39	3.87	1.5259375	280.1580296	0.073376926	425.1817778
1058	CL5	F5	233	20.30333333	5.878333334	19.63833334	23.72666667	11.455	13.85166667	10.31333334	0.0225	4.395	3.915	1.192916667	236.0688582	0.076285528	291.313057
1341	CL5	F5	234	19.41166667	6.263333334	20.25333333	24.075	10.78833334	15.05333334	11.47833334	0.029	4.525	4.22	1.615104167	300.8145714	0.067702274	493.4595339
1192	CL5	F5	235	21.14666667	6.646666667	22.815	26.77666667	10.72833334	16.53666667	14.28666667	0.0315	4.85	4.155	1.667083334	346.1107613	0.144303248	592.9930894
894	CL5	F5	237	22.76833333	6.635	22.53666667	26.87	11.29333334	17.59166667	15.27	0.0285	4.925	4	0.736145834	291.3450128	0.104336379	227.3852134
1106	CL5	F5	238	22.915	5.968333334	22.57666667	26.82666667	11.58	17.73333334	14.32	0.03	4.3	4.145	1.7953125	301.5260202	0.09101458	543.4157972
110	CL5	F5	24	21.74	6.426666667	22.14333333	26.58666667	10.41833333	15.83333333	13.82833334	0.028	3.845	4.015	2.691666667	337.6411846	0.120508048	913.8181619
906	CL5	F5	240	20.56166667	6.151666667	20.79666667	25.14333334	10.02333333	15.43833334	15.14166667	0.0245	4.48	3.855	1.6346875	276.8704173	0.071379915	453.1646961
1258	CL5	F5	244	22.265	6.95	21.24666667	25.38666667	10.78333334	14.47666667	12.34333333	0.03	4.455	4.065	1.388541667	309.6524375	0.12193175	453.8242955
1256	CL5	F5	247	21.81	6.706666667	23.55333334	27.86666667	9.628333335	16.28166667	12.375	0.0245	4.115	3.77	1.025104167	256.5622616	0.081849102	290.5275555
491	CL5	F5	250	23.11666667	6.76	26.21833334	30.66666667	11.27	17.29166667	15.475	0.0335	4.99	4.27	1.584375	292.6191773	0.125167177	488.8849106
479	CL5	F5	251	21.635	5.963333333	20.56833334	24.73166667	12.60166667	14.94666667	14.09833333	0.0355	4.855	4.015	1.111770834	284.8096335	0.094713759	313.7317145
1071	CL5	F5	255	22.935	6.733333333	24.39333333	28.58166667	10.945	16.97	15.42833334	0.0255	4.54	3.98	1.8759375	303.0527451	0.092140278	582.4583357
1301	CL5	F5	256	25.13	7.208333333	23.655	28.47166667	13.165	16.885	16.64333333	0.0345	4.895	4.435	2.1221875	357.8322439	0.156398454	749.9298361
936	CL5	F5	257	23.26333333	5.936666667	21.425	26.37166667	11.25	16.77833334	13.34166667	0.033	4.635	4.36	1.457708334	292.8712593	0.069913931	432.6030772
141	CL5	F5	258	19.405	5.918333333	18.39833334	22.25666667	10.37166667	13.95333333	11.67833334	0.025	4.245	3.66	1.031979167	281.9449558	0.0807544	297.4331019
192	CL5	F5	260	24.00333333	6.406666667	24.78	29.19166667	11.72666667	17.34166667	16.29833334	0.036	4.67	4.205	1.700833334	288.5165542	0.083271029	494.7330176
632	CL5	F5	262	22.06333334	6.546666667	22.4	26.72833334	11.08666667	16.08666667	14.66833334	0.0285	4.845	4.08	1.4515625	302.943653	0.109280511	441.4478883
118	CL5	F5	264	20.865	5.936666667	20.97666667	24.78666667	10.17333333	15.80833334	15.085	0.028	4.415	3.95	1.382604167	249.6725779	0.071960312	360.8707392
1133	CL5	F5	269	21.42166667	6.176666667	20.73833334	24.53666667	11.20666667	14.81	13.83166667	0.029	4.495	4.04	1.261145834	244.4432117	0.051943167	310.0586897
1015	CL5	F5	27	22.29666667	6.458333334	21.72333334	26.215	12.39166667	15.92833334	13.99166667	0.029	4.435	4.095	2.059583334	326.7139842	0.104026579	676.2152768
1261	CL5	F5	270	22.03	6.396666667	22.98	26.80666667	10.55833333	16.18166667	13.595	0.0305	4.49	3.97	1.0534375	281.5839006	0.068054853	298.2335404
217	CL5	F5	271	18.49333334	6.42	19.08333333	21.84666667	9.323333334	14.23833334	11.35666667	0.0295	4.73	4.135	1.432708334	317.941286	0.0898095	457.4831839
205	CL5	F5	272	20.80833334	6.393333333	22.53333333	25.69666667	10.25333334	15.23833333	14.55666667	0.035	4.865	4.285	0.985729167	330.390137	0.077232928	341.9067886
1238	CL5	F5	273	20.73166667	7.23	23.365	26.75166667	12.125	16.44833334	13.64333334	0.0365	4.77	4.46	2.13	342.9799677	0.116634096	732.1444853
1295	CL5	F5	274	21.26833333	7.153333333	23.44166667	27.25333334	11.99333334	16.785	12.99333333	0.0295	4.335	4.32	1.9225	350.0026007	0.116697058	682.1161298
666	CL5	F5	275	22.36833334	6.101666667	19.525	24.74333334	11.13833333	14.36833334	12.85666667	0.027	4.2	3.82	1.542708334	264.861245	0.085491815	412.442572
541	CL5	F5	276	22.55	6.681666667	21.34333333	25.475	11.71666667	15.725	13.51	0.028	4.155	3.905	1.331145834	269.2362974	0.076915813	366.4728502
295	CL5	F5	277	23.95166667	7.258333333	22.90833334	27.71333333	11.015	16.14666667	13.67166667	0.026	4.445	4.06	1.791458334	349.1138201	0.14165709	651.8490971
1170	CL5	F5	278	20.61666667	6.273333333	22.85	26.015	10.23166667	15.29	12.62333334	0.0235	3.945	3.75	1.861875	307.4890351	0.078258268	557.8062601
168	CL5	F5	279	20.41166667	5.963333333	22.205	25.80833333	11.20833334	16.00833334	12.14166667	0.0295	4.685	4.18	0.81375	269.4624791	0.069912382	232.739693
156	CL5	F5	281	20.60666667	6.548333333	20.645	24.39833334	10.94333333	14.59833334	14.57666667	0.0295	4.79	4.155	0.919270833	261.2877204	0.055424789	238.320213
1042	CL5	F5	282	23.045	6.805	22.26666667	26.60666667	10.94333333	14.67166667	13.31666667	0.026	4.455	3.93	1.266770834	288.0197374	0.078942921	363.645999
17	CL5	F5	283	21.33666667	6.078333334	22.57333334	26.64166667	10.595	14.32833334	13.72333333	0.025	4.285	4.02	1.464166667	315.6514165	0.095920047	470.4692349
470	CL5	F5	284	21.345	6.46	23.13333334	26.87	11.12166667	15.78333334	14.26666667	0.0345	4.805	4.28	1.187291667	352.0720928	0.116392161	404.4291128
1262	CL5	F5	285	21.42833334	6.406666667	24.11666667	27.7	12.425	16.12166667	15.47666667	0.025	4.495	4.04	1.007291667	271.5998327	0.068078025	312.2498241
1079	CL5	F5	286	20.66833334	6.21	22.87	26.40166667	11.01333334	16.56833333	14.58833333	0.03	4.405	4.29	0.856666667	326.5912897	0.083900919	277.7314506
106	CL5	F5	287	21.175	6.603333333	22.15333334	26.245	11.14666667	16.34666667	13.73333333	0.0285	4.57	4.02	2.442395833	303.4988512	0.115246311	745.6835603
135	CL5	F5	288	22.52666667	6.165	21.805	26.03666667	12.19166667	15.155	15.71666667	0.026	4.65	3.955	2.230520834	329.9876525	0.108850335	743.0905809
605	CL5	F5	289s	24.37333334	7.221666667	25.44333334	30.23833334	11.80666667	17.66	15.12666667	0.0325	4.43	3.98	2.755833334	358.3227612	0.137032618	996.3637681
643	CL5	F5	29	21.385	6.473333334	21.37833334	25.12666667	10.90833334	16.215	13.19666667	0.029	4.305	4.255	1.037083334	320.8014621	0.129816631	343.1585509
1234	CL5	F5	290	20.06833334	5.636666667	19.88	23.925	10.685	14.87333333	11.51166667	0.036	4.75	3.97	1.701354167	295.1821953	0.133508189	517.5016865
1117	CL5	F5	291	24.28666667	6.9	22.11333333	27.18	11.29666667	17.05333333	15.44333333	0.029	4.17	3.87	2.010208333	355.8123477	0.139498433	709.093413
44	CL5	F5	292	23.64166667	6.83	25.95666667	30.38	11.50666667	17.58166667	15.00166667	0.034	4.615	4.045	1.861770834	360.1313885	0.116622413	673.9436444
336	CL5	F5	293	22.79333334	6.68	23.11	27.50166667	12.01666667	16.70166667	15.98666667	0.0235	4.64	3.915	1.848958334	311.3355553	0.10237298	578.3493822
386	CL5	F5	294	23.35	6.558333333	24.05166667	27.95333333	10.79333334	16.78166667	13.76166667	0.03	4.21	3.94	1.506666667	321.0732517	0.102796924	491.2988604
5	CL5	F5	295	22.285	7.203333333	23.35166667	27.59166667	10.56	16.21833334	13.88666667	0.0295	4.52	4.325	1.826354167	315.4488578	0.118617823	580.1827018
1209	CL5	F5	297	17.81	5.415	21.04	24.045	9.746666667	14.16833334	13.28666667	0.024	4.06	3.755	1.119375	309.3603738	0.044070554	347.0246276
434	CL5	F5	299	20.89333334	6.136666667	21.77	25.31	11.20333334	14.41666667	12.635	0.03	4.16	4.215	1.082395834	254.30895	0.082338882	282.5659985
1229	CL5	F5	30	22.4625	6.89	24.5775	28.53333334	10.78083334	17.02333334	15.12	0.026	4.215	4.03	2.387395834	311.5389333	0.106410721	760.2033259
455	CL5	F5	300	20.095	6.106666667	20.725	24.80666667	10.73666667	14.57666667	11.96333333	0.0275	4.54	3.82	1.51375	287.5509126	0.092740376	442.9082519
486	CL5	F5	301	23.01833334	6.653333334	23.58666667	27.41	11.55166667	15.44333334	13.27166667	0.0255	4.305	3.67	1.181979167	324.8916363	0.133552812	388.665352
1336	CL5	F5	302b	19.29833334	6.251666667	20.98	24.58	9.929999999	14.29333333	10.84166667	0.028	3.92	3.48	1.4165625	315.8331595	0.063364147	447.1625949
445	CL5	F5	303	21.96833333	6.545	20.89833334	25.45	11.49833334	14.865	13.47666667	0.029	4.59	3.9	1.275	283.1328766	0.114444594	398.101094
1387	CL5	F5	305b	18.93833334	6.181666667	20.295	23.54	10.02333334	13.32	11.66333334	0.026	4.245	4.07	1.607916667	323.650391	0.102052877	527.4109053
1307	CL5	F5	306	22.215	6.796666667	22.78833334	26.10666667	10.69833334	15.91666667	11.71333334	0.0325	4.515	4.14	1.519166667	291.2226726	0.075762499	456.5630066
1299	CL5	F5	327	22.29	6.403333334	23.04333334	27.51833334	11.51833333	16.46166667	16.79	0.026	4.21	3.9	2.034791667	301.7144608	0.095619428	644.2888044
1198	CL5	F5	328	20.51	6.368333334	22.95333333	26.60666667	10.855	16.26833333	12.48166667	0.025	4.235	3.97	1.516458334	238.2392953	0.090724405	362.9723615
1368	CL5	F5	329	21.22333333	6.735	23.04	26.79666667	10.98666667	16.27666667	15.27333333	0.021	4.445	3.77	1.738229167	329.4846634	0.09472346	595.5869803
829	CL5	F5	33	23.55	6.921666667	23.74	27.93333333	11.30333333	16.64166667	15.86666667	0.0215	4.055	3.58	2.199375	331.0464588	0.122858745	741.7729483
497	CL5	F5	330	22.44666667	6.983333334	22.23333334	27.09	10.635	16.66166667	13.53833334	0.029	4.18	3.95	1.6971875	288.5719345	0.092769632	504.0221062
576	CL5	F5	331	21.39333334	6.208333334	21.73333334	25.87666667	12.095	16.54	16.01333334	0.0275	4.545	4	2.008125	342.2082215	0.106819415	689.0841996
1237	CL5	F5	332	21.85666667	6.375	25.78833334	29.87166667	10.83	18.28	15.11166667	0.03	4.225	4.455	1.521458334	285.682266	0.099438744	435.4714096
1383	CL5	F5	333	19.77	5.856666667	21.85833334	25.225	10.06166667	16.07333334	12.04333333	0.026	3.805	3.695	1.769791667	327.7392004	0.093724795	592.6991281
187	CL5	F5	335	21.29166667	6.355	22.44833334	26.495	10.995	15.96833334	14.77	0.028	3.945	3.555	1.4171875	284.1682554	0.084589069	416.5886159
539	CL5	F5	336	20.115	7.001666667	21.66333334	25.49	9.726666669	15.835	13.63666667	0.027	4.68	3.86	0.910833333	266.2952578	0.074895391	242.7527509
1097	CL5	F5	337	20.69666667	6.046666667	21.35833334	24.78333334	11.55833334	15.69	12.38	0.0275	4.595	4.33	0.767395834	291.3654991	0.054188143	240.2213462
1013	CL5	F5	338b	19.72	5.853333334	21.99	25.245	11.18166667	15.03166667	13.35833334	0.0215	4.335	3.38	1.265833333	295.0756625	0.08864775	374.3433329
1396	CL5	F5	340b	20.97166667	6.261666667	20.63	24.52666667	11.02833333	15.4	14.39	0.016	3.905	3.45	0.9765625	295.5757935	0.083534987	284.5439762
420	CL5	F5	341s	21.57666667	6.4	23.37	27.92166667	10.84333334	15.74166667	14.75666667	0.0245	4.515	4.005	1.1221875	289.7797448	0.093279357	334.2932407
483	CL5	F5	343s	21.95166667	6.71	23.12166667	27.04166667	10.61166667	16.70333334	13.35833333	0.0265	4.345	4.135	1.469791667	343.8279993	0.104269906	509.5247701
178	CL5	F5	344	23.47166667	7.23	25.205	28.58166667	11.395	18.76	16.47333334	0.032	4.98	4.265	2.4121875	350.7698091	0.147870021	845.1616845
1115	CL5	F5	351	20.74166667	6.286666667	22.13666667	25.34666667	11.265	16.12	14.44833334	0.026	4.635	4.075	1.146875	310.444105	0.074556487	361.2520034
39	CL5	F5	353	24.66166667	6.566666667	23.43333334	28.10833333	10.94166667	17.295	15.83166667	0.028	4.52	4.015	1.313333333	323.675708	0.090193173	419.2329193
1073	CL5	F5	354	23.93833334	6.52	23.83333333	28.875	11.7	16.75833334	15.00333334	0.034	4.705	4.225	2.385833334	336.7240875	0.146907164	798.0438386
963	CL5	F5	355	22.705	6.51	20.31833334	25.31833334	12.55166667	15.005	12.93666667	0.0325	4.095	4.25	2.552604167	316.0180567	0.09408227	818.6110985
1031	CL5	F5	357s	22.37166667	7.065	24.38833334	27.79833333	12.14666667	16.73666667	13.27	0.0275	4.525	4.705	1.838854167	329.643446	0.087068777	614.5246721
29	CL5	F5	358	22.27833333	6.278333333	24.82833333	28.76166667	10.78	16.28	12.905	0.033	4.74	4.365	1.100520834	337.7152255	0.088181506	373.5540863
585	CL5	F5	359	22.49	6.68	25.03666667	29.16833334	10.36833333	17.18166667	12.42833334	0.0305	4.71	4.635	0.98125	312.0355545	0.095073865	340.8217661
682	CL5	F5	36	20.04	5.91	21.59	25.345	11.05666667	15.17	12.365	0.035	4.74	4.475	1.008333333	220.3608254	0.081227678	295.3811065
1124	CL5	F5	361	20.70333334	6.745	20.81833334	25.66833333	10.43333334	14.89	14.2	0.0225	4.175	3.94	1.718541667	310.4795616	0.092899605	534.0409026
271	CL5	F5	362s	23.9	6.826666667	23.71	28.05	11.13333333	16.61333334	15.34333334	0.0265	4.41	4.01	2.055104167	312.7525025	0.101694234	642.7125722
1245	CL5	F5	363	24.09166667	6.771666667	22.38666667	27.53333333	10.505	17.06666667	14.655	0.0255	4.435	4.115	1.476875	321.1353511	0.100894968	479.9414853
1100	CL5	F5	364s	21.50166667	6.2	23.20166667	26.94166667	10.455	16.25833333	14.015	0.0315	4.985	4.355	1.6846875	344.8572558	0.085688952	576.5221458
287	CL5	F5	365	19.615	5.503333334	21.39166667	24.62333334	10.87666667	15.09	12.78666667	0.0255	4.1	4.065	1.173125	339.4182391	0.081906987	391.6258039
169	CL5	F5	366	21.37166667	7.35	24.37666667	27.33	11.47166667	15.48333334	12.575	0.032	4.625	4.275	2.691041667	336.5171942	0.140003421	916.5311767
1385	CL5	F5	367s	26.015	7.843333334	27.22	32.48666667	12.89833333	18.65666667	16.04333334	0.025	4.48	4.01	2.209270834	335.6540915	0.168455002	747.8310724
255	CL5	F5	368	20.45666667	6.22	21.89666667	26.02166667	10.98333334	15.60833334	13.05166667	0.028	4.61	4.025	1.735	311.0557217	0.09922673	543.442518
116	CL5	F5	369s	20.99	6.206666667	21.44666667	24.96833333	9.930000002	15.18	13.49833334	0.0275	4.255	4.005	1.212604167	331.8212665	0.090969646	415.9999419
1352	CL5	F5	371	22.055	6.561666667	21.74166667	26.00666667	11.54833333	17.11666667	14.74833333	0.0235	4.28	3.915	2.315729167	361.2856279	0.099036243	833.4554847
810	CL5	F5	372b	21.43333333	6.846666667	21.11	24.93666667	11.02666667	14.14333333	13.02333333	0.028	4.14	3.76	0.651458333	282.0886306	0.102808163	186.0162143
1038	CL5	F5	373	22.74166667	6.816666667	22.37666667	26.93333334	10.73333334	16.835	12.72166667	0.0225	4.33	3.87	2.200104167	314.6042197	0.151041466	689.7667965
165	CL5	F5	375	19.31666667	6.041666667	21.63666667	23.735	10.045	14.78333334	15.03666667	0.024	4.74	4.13	2.050520833	315.6533237	0.104900094	652.5402101
1399	CL5	F5	379	23.03666667	6.598333333	20.30166667	25.28833334	11.51666667	15.36	12.48	0.03	4.645	4.295	1.53875	302.1459687	0.1193518	469.067524
1337	CL5	F5	38	21.27166667	6.77	23.53833334	26.84333333	10.89	17.455	14.87666667	0.031	4.67	4.075	2.4434375	349.81831	0.161209776	867.3179801
1002	CL5	F5	380	21.08	5.821666667	20.93333333	25.23833333	10.93333334	15.23	12.635	0.0245	4.06	3.91	1.133958334	290.9520154	0.080476037	331.3911778
1043	CL5	F5	381	21.49	6.108333334	22.475	26.41166667	10.56666667	15.57333334	12.64166667	0.025	4.17	4.07	1.039270834	309.7412192	0.060134782	318.5796095
1171	CL5	F5	382s	20.36666667	6.013333333	20.55666667	23.53333333	8.996666667	11.19	13.98	0.026	4.26	3.88	0.107708333	257.8043582	0.059405528	27.30914828
1353	CL5	F5	383	19.04833334	6.178333334	21.04666667	24.63	10.925	14.585	11.985	0.021	3.85	3.565	1.102083333	286.1360633	0.065058724	319.8309182
137	CL5	F5	385	19.10666667	5.678333333	19.28833334	23.36333334	9.123333334	14.45333333	12.185	0.0285	4.42	4.165	1.27125	313.2589814	0.103671733	398.5269828
1271	CL5	F5	386s	22.59333334	6.87	23.94666667	27.51333333	12.235	15.77333333	14.715	0.0255	4.4	3.725	1.505520834	328.7858889	0.138843962	503.6191226
899	CL5	F5	387b	20.795	6.595	24.33666667	27.85833333	11.11666667	16.96833334	14.805	0.027	3.9	3.81	1.586666667	314.0385777	0.093875416	503.3143382
1321	CL5	F5	390b	23.75166667	6.616666667	24.825	30.01	11.60333334	17.815	14.465	0.0115	3.185	2.735	2.665	316.8344901	0.134052634	905.8747449
1190	CL5	F5	391	23.215	6.786666667	24.94833334	29.47	10.5	17.67	15.34333334	0.0255	4.48	3.84	1.7225	331.467134	0.132020075	570.6671553
215	CL5	F5	392	20.94	6.136666667	22.01833334	26.19166667	9.868333333	16.85	15.185	0.0265	4.23	3.8	1.118229167	308.2497596	0.084319739	343.8854261
545	CL5	F5	393	21.915	6.363333334	24.52166667	28.49333333	10.79666667	16.97833334	12.74166667	0.0205	3.85	3.75	1.831875	366.3590192	0.115301142	664.0349305
1000	CL5	F5	396	19.21	6.491666667	22.55333333	25.21166667	10.365	15.24666667	13.78166667	0.028	4.705	3.875	1.203020833	266.6423884	0.077830665	332.3640946
671	CL5	F5	399	20.64	6.163333333	19.42666667	23.27666667	11.365	14.71666667	11.95	0.027	4.125	4.105	0.574270833	318.1700464	0.07376175	175.9703557
1200	CL5	F5	40	21.74833333	6.433333334	22.65	26.455	11.815	16.31	12.82	0.0325	4.66	4.105	1.697916667	311.6539196	0.117824758	546.6781335
1196	CL5	F5	400	23.34666667	6.485	23.26833333	27.34	12.36333333	16.56833334	16.275	0.027	4.86	3.815	2.6290625	321.967409	0.143534473	850.5779982
527	CL5	F5	402	23.11833334	6.335	22.73666667	27.03	11.69333333	16.70666667	14.05666667	0.0275	4.55	3.855	3.1146875	370.7784195	0.175239065	1154.184657
1291	CL5	F5	404	23.79333334	7.523333334	23.02166667	27.56833334	12.44833333	17.28166667	15.08833333	0.0225	4.52	3.995	1.9728125	372.9831339	0.188178567	753.5101903
1008	CL5	F5	405	22.90333333	6.46	23.57333333	27.895	12.04666667	16.125	13.635	0.0275	4.625	3.845	0.920416667	302.0708126	0.097071856	292.6424483
1393	CL5	F5	406s	17.60666667	5.715	19.47833334	22.52333334	9.433333333	14.79	11.81666667	0.026	4.03	3.935	0.987760417	332.0965079	0.072622753	326.0778161
1022	CL5	F5	407	21.35166667	6.411666667	23.18	27.37	10.525	15.445	14.88666667	0.0285	4.305	4.535	1.154583334	338.7413913	0.106857703	395.8530328
1066	CL5	F5	409s	23.68833333	6.783333334	23.34333334	28.32166667	10.92333334	16.08833333	15.07166667	0.024	4.065	4.13	1.6575	311.8410273	0.102751956	519.2488523
130	CL5	F5	41	21.52833334	6.386666667	20.82166667	24.95833334	9.648333332	14.63166667	12.70666667	0.024	4.265	3.845	0.7115625	305.6715088	0.05967445	203.8512562
1278	CL5	F5	410	26.00333333	6.69	23.105	29.09	11.56	17.73333334	15.69	0.03	4.51	4	1.160833333	280.9182783	0.103476439	332.0873484
1367	CL5	F5	411	20.83416667	6.959166667	23.55833334	27.435	11.59416667	15.60666667	15.29333334	0.025	4.46	3.7	1.583125	322.5624987	0.111575639	506.9018389
1323	CL5	F5	412	22.29	6.483333334	21.55166667	25.725	11.24	15.6	14.61166667	0.024	4.405	3.82	1.505416667	298.82556	0.11577306	451.8757251
207	CL5	F5	413	20.555	6.411666667	24.95833333	28.29	10.46666667	16.44	14.29166667	0.0315	4.465	4.07	0.979479167	276.3093659	0.062334179	272.3185175
1345	CL5	F5	414	25.59333334	6.816666667	25.09666667	30.12333334	11.19666667	18.54666667	17.18333334	0.028	4.27	4.11	2.825833334	326.8560526	0.130033759	934.4895315
162	CL5	F5	415	22.37833334	6.636666667	22.415	26.21833334	11.23	15.715	14.14	0.0285	4.47	4.16	1.037291667	308.6608933	0.096094316	323.0668458
1168	CL5	F5	417	21.20833334	7.23	21.035	24.77666667	12.385	15.08	12.96166667	0.025	4.64	3.775	1.503333334	335.4023817	0.147601446	511.1539638
1326	CL5	F5	418	23.16166667	7.356666667	23.4	28.19833334	11.13333334	16.79	14.58333334	0.0275	4.205	3.805	2.573229167	341.7240545	0.139213899	913.06633
263	CL5	F5	42	22.01166667	7.375	24.30666667	27.22833334	11.185	16.68666667	14.42166667	0.0335	4.72	4.115	1.989270834	333.2162428	0.118372035	661.4690867
472	CL5	F5	421	23.47833333	6.366666667	23.85	28.06833334	10.24	17.5	13.65833334	0.024	3.88	3.795	2.044270834	296.4365851	0.080462697	613.4442904
1083	CL5	F5	423	19.67	6.023333334	20.27666667	23.41166667	10.43333333	14.8	13.39166667	0.027	4.415	3.87	0.690416667	326.0336011	0.080428314	213.4836471
1051	CL5	F5	424	20.565	6.006666667	22.30333333	25.51	10.23166667	14.79666667	12.54833333	0.02	3.715	3.46	1.448645834	338.1967635	0.088516301	495.4053098
588	CL5	F5	426b	19.55833333	6.135	22.59666667	26.19	10.85333333	15.36166667	12.935	0.0245	4.11	3.745	0.632395833	253.4712629	0.07080382	162.0603858
746	CL5	F5	429	20.04666667	6.076666667	20.625	24.45166667	10.67166667	15.29166667	13.62833333	0.016	3.575	3.355	1.613541667	340.4073531	0.09411414	554.8490582
1348	CL5	F5	431b	22.99333334	6.6	24.165	27.90166667	11.81	16.295	13.75166667	0.032	4.215	4.045	1.8078125	311.5391604	0.102150907	573.9244175
1207	CL5	F5	432	22.81	6.226666667	22.83	27.38666667	11.13	15.51	15.04666667	0.019	4.055	3.48	2.314375	342.3682633	0.105865131	792.5224492
752	CL5	F5	433s	25.56166667	6.56	23.31333334	29.05166667	10.50166667	14.39	13.185	0.027	4.02	3.84	1.0284375	236.9208168	0.130875739	271.9637667
76	CL5	F5	434	20.15833334	6.013333334	22.08666667	25.77666667	9.881666669	15.76333334	12.33833333	0.0245	4.07	3.87	0.7315625	301.1657246	0.088523493	217.1089463
1080	CL5	F5	436	23.94166667	6.39	21.83333334	25.86333334	11.14833334	14.96833334	12.85666667	0.031	4.51	4.065	1.103125	296.2715619	0.108994986	326.1744601
1328	CL5	F5	438	23.74666667	7.208333334	23.22	27.58333334	12.50333334	15.575	14.13333334	0.025	4.67	4.125	2.163333334	297.8556985	0.09889458	698.702984
1297	CL5	F5	439	22.585	6.386666667	21.17666667	25.87833333	11.75	14.55666667	12.055	0.024	4.035	3.835	0.449791667	240.2587159	0.078240329	106.4087993
366	CL5	F5	44	22.07333334	6.495	24.25166667	28.085	11.37833333	17.83166667	14.815	0.0325	4.785	4.265	1.808125	362.3468717	0.121832384	654.4308297
1233	CL5	F5	440s	20.91833334	7.39	21.295	25.65833333	10.74	15.41666667	12.77666667	0.029	4.83	4.18	1.961354167	330.50293	0.118017874	649.6596878
16	CL5	F5	442	23.46666667	6.983333334	23.27166667	27.82166667	11.67333333	17.23166667	16.83833334	0.0245	4.345	3.645	1.708854167	349.3989801	0.172772878	614.6487805
1036	CL5	F5	443w	25.515	7.328333334	24.43666667	29.00666667	12.07166667	17.83	15.46333334	0.0275	4.31	4.055	2.893333334	344.3081439	0.119739767	1002.79781
580	CL5	F5	444	23.32333334	6.69	22.72166667	27.20833334	11.74333334	15.865	13.70166667	0.023	4.295	3.595	2.037291667	306.9652682	0.093690233	650.0143211
1346	CL5	F5	447	20.45	6.305	22.22333334	26.01666667	10.575	16.44833334	13.26833334	0.023	4.205	3.73	1.893645833	288.062866	0.106562471	603.5585281
338	CL5	F5	45	16.595	5.331666667	18.93333334	21.89666667	11.035	13.81333334	11.27	0.034	4.89	4.27	1.264270834	340.9838892	0.065022537	411.0625641
1095	CL5	F5	450	20.81833334	6.66	22.39	25.605	9.738333333	15.22166667	13.57	0.0245	4.26	3.895	1.2365625	276.1095896	0.089369293	348.1694687
211	CL5	F5	451	19.35833334	6.768333334	22.45166667	25.54666667	9.861666667	15.07333334	14.195	0.027	4.135	3.91	1.654791667	309.0608409	0.073195444	523.9576768
1388	CL5	F5	452	19.09166667	6.041666667	21.07166667	24.72166667	10.24	15.145	13.035	0.023	3.79	3.76	1.7565625	353.7638757	0.101268381	624.3519722
144	CL5	F5	453s	20.93666667	6.578333334	20.51666667	23.85166667	9.58	15.31666667	12.74833333	0.025	4.245	4.195	1.2653125	298.6784607	0.062962917	357.1007106
414	CL5	F5	454	20.15333333	5.575	21.755	25.255	11.43833333	15.36833334	12.90833334	0.029	4.545	4.165	1.16	331.1448072	0.111890995	385.7210694
358	CL5	F5	456	20.83666667	6.34	23.05	26.88	11.03	14.945	13.405	0.0325	4.66	4.245	1.158854167	272.0941966	0.076066696	315.265099
1090	CL5	F5	457	19.08166667	6.54	20.80166667	24.29666667	9.061666667	15.17833334	12.79833334	0.0225	4.235	3.95	1.281666667	340.0299697	0.065702487	420.3756925
1217	CL5	F5	458s	21.93666667	6.178333333	22.54166667	26.72333333	11.01666667	16.16166667	13.26166667	0.0295	4.33	4.265	2.018645834	295.5754925	0.093107206	604.4040245
133	CL5	F5	459	24.895	6.786666667	24.79333333	29.88666667	12.50833334	18.50333334	16.745	0.03	4.815	4.535	0.6634375	297.1897429	0.096875444	206.7522821
1032	CL5	F5	46	22.18333333	7.368333333	22.21	25.74833334	10.54666667	15.55333334	14.435	0.033	4.685	4.415	0.840104167	320.3727696	0.114961568	291.9802661
1395	CL5	F5	460s	21.84166667	6.575	23.065	26.775	11.94666667	16.69333333	13.33833334	0.025	4.17	3.575	1.975208334	352.316149	0.127943982	680.781099
1041	CL5	F5	461b	26.28166667	6.791666667	24.15	29.775	11.40333334	18.14666667	13.67333334	0.031	4.44	3.845	2.1215625	359.0043671	0.111709684	760.4701339
1150	CL5	F5	462	20.665	6.461666667	20.42833333	24.46166667	11.08666667	14.70666667	12.59166667	0.022	4.49	4.03	1.458333334	324.8131819	0.120292086	477.2880605
1266	CL5	F5	464	24.045	6.325	24.47166667	29.97	11.74333333	15.64	14.905	0.021	4.3	3.66	1.229479167	279.5792404	0.102300022	345.6093728
1327	CL5	F5	465s	18.76833333	7.361666667	21.75166667	24.90166667	9.641666667	15.19	13.43333333	0.029	4.53	3.975	1.213645833	316.3188944	0.076501291	395.0979896
166	CL5	F5	469	23.075	6.546666667	22.07833334	26.355	10.975	16.11	14.49166667	0.026	4.73	4.08	2.090520834	349.147959	0.14691747	722.3528308
1027	CL5	F5	472	18.13166667	6.206666667	20.545	23.38333334	10.04333333	14.55166667	13.79833333	0.026	4.49	4.085	1.354583334	303.5641195	0.102833726	409.6859596
182	CL5	F5	473s	20.02833334	5.88	23.83333334	27.56333333	11.055	15.90833334	12.76833333	0.023	4	4.05	1.227604167	349.38252	0.096766779	428.8469526
1248	CL5	F5	474s	27.16333334	7.803333334	24.05666667	29.5	13.10833334	16.29333334	15.34	0.0275	4.41	4.035	2.205260417	331.7489717	0.131719552	743.5295077
1047	CL5	F5	475	22.14833334	6.256666667	22.88	26.86	10.43333334	16.12166667	14.25166667	0.024	4.045	3.74	1.755	312.9738082	0.100518774	547.865971
1247	CL5	F5	479s	19.07	5.723333334	20.135	23.865	11.06666667	14.12833334	11.18333333	0.034	4.965	4.42	0.653229167	226.4458829	0.072330488	155.6536396
56	CL5	F5	48	24.87333334	7.041666667	24.295	29.145	10.53	17.63333334	13.56666667	0.03	4.26	4.34	1.081458334	301.623398	0.103805166	332.1783525
916	CL5	F5	480s	25.52	7.163333333	22.56	28.71666667	12.06	17.92	16.11333333	0.018	3.75	3.64	2.291666667	387.0624693	0.110631611	886.8465095
164	CL5	F5	482	23.66166667	6.916666667	21.435	26.18166667	10.77833333	14.55	12.16666667	0.03	4.43	4.05	0.875104167	201.8042206	0.111748821	176.8672385
1018	CL5	F5	483	21.39666667	6.473333334	21.73166667	25.18	11.08333334	15.115	14.18833334	0.0225	4.07	4.055	0.927083334	295.0200168	0.090716212	271.7915168
112	CL5	F5	49	27.04666667	7.713333333	27.38333333	31.78666667	11.52666667	18.74	15.05666667	0.04	5.1	4.33	2.040416667	375.9955991	0.12140664	786.3542169
1394	CL5	F5	490b	25.175	6.915	23.335	28.87833334	11.70333334	17.24166667	13.69333334	0.0225	4.07	3.915	1.981770834	345.3530752	0.1368218	666.6579518
1162	CL5	F5	491b	22.73666667	6.393333333	21.13166667	25.72166667	10.99	15.97166667	14	0.0265	4.34	4.035	1.196458334	316.670866	0.072276791	386.4751558
202	CL5	F5	492b	19.95333334	5.96	21.565	25.285	10.94333333	14.83333334	13.11166667	0.0255	4.39	4.1	1.128333334	292.9374347	0.09699322	327.958751
227	CL5	F5	493s	21.10333334	6.083333333	22.175	26.39	10.63666667	15.74	15.10166667	0.0285	4.08	4.215	0.971145834	329.6464041	0.077636945	320.9408063
1141	CL5	F5	495s	20.11666667	6.716666667	23.09666667	26.41166667	10.73166667	16.095	13.56333334	0.029	4.55	4.305	1.920625	307.8344039	0.114793464	600.1459355
270	CL5	F5	496s	19.73833334	5.748333333	20.92666667	23.665	10.47666667	14.73666667	13.75	0.02	3.855	3.785	0.823854167	261.1654885	0.044765208	223.7353564
199	CL5	F5	50	25.59	6.823333334	24.50666667	29.655	11.80166667	18.16166667	16.14666667	0.0365	5.54	4.535	1.512395834	323.9655242	0.107691163	500.793846
1126	CL5	F5	500	20.69833334	6.255	22.74833334	26.04333333	10.20666667	15.85666667	14.34333334	0.029	4.425	4.3	2.2759375	331.8536579	0.10495838	762.650489
1275	CL5	F5	501	23.58833334	6.976666667	24.51	29.36166667	10.76833333	16.285	13.95166667	0.024	4.11	3.975	2.796770833	371.2407187	0.17308531	1046.56199
252	CL5	F5	502	20.16833334	6.068333334	21.16	24.91166667	10.875	14.16833334	12.71666667	0.023	4.245	3.8	1.485208334	318.3139733	0.09174838	486.4147571
1040	CL5	F5	503	23.27333333	6.88	23.12333334	27.18833334	12.34333333	15.76333333	15.41	0.0265	4.91	4.135	1.419270833	336.4964641	0.140356507	485.2928922
1157	CL5	F5	505s	21.42833334	6.41	22.79166667	26.74833334	10.685	15.19666667	14.93	0.022	3.955	3.72	0.9034375	292.8583086	0.079412032	266.8066028
21	CL5	F5	506	24.655	6.611666667	23.38666667	28.06	11.89166667	18.29166667	18.12666667	0.0325	5.065	4.295	1.131041667	273.6356602	0.089433555	332.9469285
557	CL5	F5	507	24.62666667	7.376666667	24.475	29.51166667	10.87166667	17.56166667	14.37666667	0.0265	4.22	3.84	1.549791667	262.3585907	0.128162151	417.9455193
1330	CL5	F5	508	24.08666667	6.933333333	22.605	27.13	11.69166667	17.84833334	17.04333333	0.0315	4.755	4.335	3.243958334	315.5934694	0.181525472	1046.866896
1405	CL5	F5	52	24.15166667	6.633333334	23.98666667	27.01833334	11.195	15.88166667	13.14666667	0.0215	3.915	3.605	1.121770833	355.8616288	0.091317775	406.176243
1021	CL5	F5	53	22.41666667	6.665	22.87333334	26.465	10.55833334	16.48333333	13.395	0.025	4.185	4.055	2.0803125	346.9035256	0.131949858	727.5112924
592	CL5	F5	55	23.87166667	6.576666667	25.26	29.64333334	12.28166667	16.955	15.63166667	0.0275	4.42	4.03	1.8640625	335.7770604	0.105713446	618.7963034
646	CL5	F5	56	21.51333334	6.525	21.225	25.63666667	11.86166667	15.74166667	12.94333333	0.0275	4.41	3.98	1.1515625	314.734605	0.098293967	370.0490529
1004	CL5	F5	58	24.57	7.161666667	22.25	27.25166667	12.96166667	15.44666667	14.39833334	0.0305	4.47	4.025	1.16875	319.3948649	0.128743557	371.9316806
355	CL5	F5	59	22.575	6.391666667	22.505	26.43	12.12333334	15.18833334	13.555	0.0245	4.685	3.895	1.882604167	333.202719	0.08319926	634.3683548
1111	CL5	F5	62	20.90666667	6.411666667	21.17833333	24.84333333	11.45833334	15.63	14.19	0.0295	4.805	4.15	2.287604167	326.7915387	0.114307113	742.0425577
1322	CL5	F5	63	20.34833334	6.021666667	20.95333333	24.62833334	11.06166667	14.65	13.00166667	0.0285	4.46	3.88	1.210833333	297.7259246	0.069850479	377.1431844
457	CL5	F5	64	23.18333333	6.36	21.38166667	25.59333334	11.45666667	15.55666667	15.90666667	0.03	4.555	4.16	1.57875	341.8877635	0.16025435	546.3829361
1243	CL5	F5	69	21.88333333	6.83	22.61833334	26.20166667	11.74166667	16.64833333	14.52166667	0.035	4.995	4.145	1.973645833	315.7427192	0.10280655	635.2227439
660	CL5	F5	7	20.74333334	5.745	21.76166667	25.29	10.83666667	15.49666667	14.25666667	0.0285	4.425	3.935	1.028020834	296.9313107	0.050119268	306.0093905
1069	CL5	F5	70	22.84	6.493333334	22.8	26.955	10.67833333	15.92833334	14.79333334	0.024	4.09	3.635	1.740104167	386.4803128	0.12118032	672.1962489
233	CL5	F5	71	23.85666667	6.548333334	22.68666667	27.72666667	11.71166667	16.52166667	14.67	0.0285	4.535	4.03	1.238125	295.7684492	0.125083182	389.6443801
1112	CL5	F5	72	19.28166667	5.645	20.45333333	23.94333333	10.51833333	15.44166667	12.77	0.0305	4.585	4.045	1.364479167	318.0200985	0.078788742	443.3666027
362	CL5	F5	74	23.13	6.89	22.98833334	27.01666667	11.03333333	16.74	14.15833334	0.037	5.025	4.36	2.209895834	366.2465516	0.182878866	810.0749974
1282	CL5	F5	76	23.905	6.381666667	23.175	27.95166667	11.17	16.825	13.605	0.0325	4.925	4.11	1.495520834	330.8272232	0.121847381	491.2974115
590	CL5	F5	8	20.61166667	6.666666667	24.07166667	27.51833334	10.375	15.92166667	13.19	0.0345	4.835	4.11	1.437604167	306.2838944	0.070810068	445.1152895
1286	CL5	F5	80	22.19	6.751666667	21.09666667	25.175	10.89166667	15.55166667	12.77	0.028	4.2	4.355	0.363958334	261.9413603	0.063196575	98.29865302
1050	CL5	F5	83	20.29	6.185	23.745	26.91666667	11.18333334	16.09	13.33166667	0.029	4.485	3.97	1.033958334	303.3153572	0.065241305	312.658663
1063	CL5	F5	84	23.1	6.783333334	24.81166667	28.705	12.34333333	16.73666667	15.23833334	0.0285	4.17	3.84	1.899895833	338.3952217	0.116035939	612.4260395
1113	CL5	F5	86	24.685	6.891666667	23.1	27.95666667	10.58166667	17.08333334	15.85	0.0315	4.535	3.92	2.533958334	303.6385727	0.104452412	777.5258042
1358	CL5	F5	88	18.72	5.551666667	21.67166667	24.625	10.57833334	15.53	12.745	0.032	4.565	3.82	1.283229167	308.3124531	0.090587224	388.7519686
1012	CL5	F5	9	19.76	6.048333333	22.00166667	25.06666667	10.94166667	14.52	13.385	0.019	3.41	3.415	1.298541667	342.4308237	0.079416811	442.5358936
1222	CL5	F5	91	24.75333334	7.118333333	24.215	29.225	11.98166667	17.71166667	16.975	0.0285	4.635	4.125	1.539479167	296.1053328	0.080227303	500.6242075
1056	CL5	F5	92	21.82166667	7.083333334	22.82666667	26.09666667	12.455	16.275	14.375	0.036	4.69	4.01	1.976875	349.4350682	0.111264942	703.289463
1213	CL5	F5	94	21.56833333	6.293333334	22.04833334	26.59333334	12.17166667	14.91166667	12.49166667	0.0345	4.525	4.15	0.929375	289.4167354	0.075386303	276.8070987
1147	CL5	F5	95	23.95916667	6.63	23.87	28.00583334	11.88416667	15.5825	16.58916667	0.0285	4.72	4.275	2.95921875	337.1357017	0.136971959	1002.9445
60	CL5	F5	99	21.48833334	6.775	23.655	27.14	10.14166667	16.20333334	14.16	0.026	4.12	3.965	1.7665625	341.4031507	0.102621307	610.7485761
1048	C	C	CS	28.44666667	7.336666667	25.75333333	31.68666667	10.79333333	18.94333333	15.64	0.029	4.42	4.07	3.617083333	381.4611767	0.205744018	1388.348338
1053	C	C	CS	26.39666667	7.536666667	24.91	29.84333333	10.75	18.53333333	15.50666667	0.021	4.09	3.77	3.643541667	381.2230963	0.198986615	1397.026239
107	C	C	CS	29.09666667	7.093333333	25.74	32.00666667	11.30666667	19.21333333	15.79666667	0.027	4.39	3.94	3.506875	368.9198638	0.201269537	1290.201903
1072	C	C	CS	27.71666667	8.093333333	27.68333333	32.80333333	11.38	19.76666667	15.13333333	0.021	4.02	3.51	2.636666667	390.6507394	0.157564466	1011.408837
1075	C	C	CS	29.12	7.873333333	26.04	32.16333333	11.25333333	19.28333333	16.25	0.026	4.19	4.1	3.798125	389.4553617	0.231099885	1482.770982
1084	C	C	CS	28.24666667	7.31	27.20333333	32.96	11.76666667	19.89	17.85333333	0.023	4.12	3.82	3.347916667	410.0990754	0.200575417	1394.948322
1189	C	C	CS	28.12	7.74	26.09666667	32.00666667	11.73	19.54	16.13	0.03	4.42	3.8	1.664583333	374.6995396	0.145037183	633.041112
1211	C	C	CS	28.88	7.633333333	26.33333333	32.14333333	11.87	19.58	16.43666667	0.027	4.53	3.94	2.661666667	362.4196116	0.20388815	980.6655246
1273	C	C	CS	30.82666667	7.616666667	27.3	34.53	10.97666667	20.26666667	16.21	0.018	3.9	3.57	2.93125	374.4193566	0.181597264	1156.878973
1313	C	C	CS	25.76333333	6.883333333	24.79	30.63666667	10.84666667	18.69	14.43666667	0.022	4.15	3.67	4.132708333	384.5510475	0.168535193	1585.522025
1318	C	C	CS	27.96666667	8.063333333	26.98	33.01333333	12.39	20.05	16.62333333	0.02	4.09	3.62	3.860208333	395.7660855	0.219524357	1525.399863
1331	C	C	CS	27.39666667	7.346666667	25.49	31.65333333	11.46666667	18.92333333	15.35	0.026	4.37	3.96	3.40625	396.2280307	0.179031103	1350.380698
1382	C	C	CS	28.76333333	7.06	27.43666667	32.73	11.93333333	19.50666667	16.76	0.028	4.43	3.86	3.285833333	381.1697947	0.152768355	1254.083064
241	C	C	CS	25.31333333	7.006666667	26.66333333	31.19	11.34333333	18.88333333	16.16333333	0.028	4.41	3.83	3.065416667	386.8553908	0.145912714	1186.066518
391	C	C	CS	27.50666667	7.013333333	25.60333333	31.91	11.46333333	19.59	16.53	0.02	3.87	3.89	2.631666667	347.0419716	0.125548711	1000.110725
443	C	C	CS	25.94666667	7.273333333	26.11333333	31.01666667	11.20333333	18.73	14.75666667	0.022	4.04	3.73	2.727291667	398.7942244	0.16562979	1094.405308
492	C	C	CS	27.39333333	7.92	27.15	32.5	11.63666667	19.73333333	16.62333333	0.022	4.04	3.66	3.928958333	361.4573809	0.189643505	1437.258672
517	C	C	CS	29.28	7.603333333	27.54	33.95666667	11.99666667	19.89333333	16.73	0.026	4.29	4.39	2.571875	375.4763942	0.186236939	965.8646123
52	C	C	CS	27.5	6.833333333	25.25	31.18	10.91666667	19.35	16.01666667	0.026	4.29	3.78	2.579583333	381.5808514	0.103679124	985.0133576
570	C	C	CS	28.10666667	7.7	27.85666667	33.81	12.01	19.77666667	17.27666667	0.025	4.05	3.93	3.52375	396.9444034	0.181363924	1408.926318
577	C	C	CS	27.19666667	7.593333333	27.30333333	32.23	12.17	19.06666667	15.93	0.021	4.14	3.73	4.02625	382.3749242	0.249865707	1541.510584
620	C	C	CS	27.47666667	6.786666667	26.79	31.26333333	11.24666667	18.42	14.55333333	0.024	4.18	3.78	2.954583333	387.3363717	0.166475678	1156.439789
730	C	C	CS	28.74666667	7.6	27.62666667	33.02333333	12.18333333	19.34333333	15.58666667	0.021	3.96	3.78	2.463541667	377.0784785	0.175033811	936.3041988
819	C	C	CS	30.22333333	7.353333333	28.50666667	34.72333333	12.23333333	19.85666667	16.63	0.027	4.27	3.94	3.52125	394.5695275	0.243643788	1388.649548
Cp	C	C	CS	31.09666667	7.883333333	27	33.95333333	11.61333333	20.62	15.71	NA	NA	NA	4.499166667	390.5468189	0.267856003	1795.700682
1	L	L	LS	15.71	5.153333333	16.71	19.05333333	10.06	12.15666667	10.43333333	0.03	4.54	4.16	0.207708333	285.5382355	0.041605425	48.44951289
109	L	L	LS	15.07	5.296666667	17.19666667	19.10666667	10.75666667	11.99666667	9.49	0.031	4.71	4.2	0.349375	308.1653037	0.048442618	95.93024223
1099	L	L	LS	15.8	4.993333333	15.58333333	18.36333333	10.09	11.37333333	9.536666667	0.031	4.83	4.41	0.225833333	257.7256762	0.064613825	56.15244084
11	L	L	LS	15.11	5.05	16.20333333	18.86333333	10.22333333	12.21666667	9.79	0.035	4.98	4.33	0.607083333	217.851827	0.058788961	132.6211891
1167	L	L	LS	15.87666667	5.636666667	17.72666667	19.77	11.17666667	12.48666667	11.16333333	0.029	4.6	4.14	0.286875	325.8195056	0.074328051	86.63437393
1169	L	L	LS	16.32	5.733333333	18.23	20.54333333	11.73666667	12.81	11.37333333	0.025	4.4	3.94	0.635208333	270.6884952	0.056642139	165.8408071
1214	L	L	LS	19.45666667	6.113333333	19.16	22.31666667	11.05333333	13.00666667	11.30666667	0.031	4.62	4.12	0.597708333	242.1893976	0.053456028	158.0737816
1260	L	L	LS	17.56666667	6.043333333	18.26	22.21	10.60333333	12.83333333	9.83	0.03	4.51	4.21	0.250208333	191.2615072	0.045889316	47.13701022
1276	L	L	LS	19.30333333	5.856666667	19.56666667	23.15333333	11.91666667	13.27333333	12.24	0.027	4.36	4.1	0.513125	228.6692587	0.06348582	119.4323367
1289	L	L	LS	18.20333333	6.163333333	19.45666667	22.53333333	11.40333333	13.61	12.21333333	0.025	4.49	3.84	0.705833333	249.850181	0.059531941	175.8437004
1308	L	L	LS	17.43333333	5.833333333	18.72333333	21.19666667	11.47	12.18666667	10.86	0.029	4.24	4.17	0.317916667	252.5346204	0.03914308	79.29772891
1369	L	L	LS	16.34333333	5.48	17.09	19.87666667	10.67666667	12.28	10.66666667	0.025	4.68	4.12	0.930833333	261.413493	0.072109762	239.1711799
1379	L	L	LS	15.47	5.593333333	16.72333333	18.74333333	11.55	11.42666667	10.18	0.032	4.7	4.25	0.467916667	275.536646	0.058318999	134.690559
157	L	L	LS	15.39666667	5.736666667	16.41333333	19.09333333	9.826666667	12.40666667	10.54	0.029	4.45	4.66	0.337708333	253.8179946	0.044642911	80.35041222
306	L	L	LS	14.99	5.72	16.75	18.80666667	10.34666667	12.92333333	10.74	0.03	4.8	4.04	0.430625	237.6255646	0.060866683	103.8071106
311	L	L	LS	16.44666667	5.82	18.11	19.98333333	12.03	13.12	11.07666667	0.027	4.67	4.12	0.539375	233.8137256	0.046605044	130.6689349
490	L	L	LS	16.20333333	5.766666667	18.16333333	20.36	11.17666667	13.06333333	11.08666667	0.032	4.77	4.15	0.630625	282.1651623	0.057121732	182.2583386
586	L	L	LS	18.20666667	5.73	18.92	21.64333333	12.09	12.93333333	11.67	0.032	4.74	4.12	0.422916667	211.8911381	0.072661693	89.0278028
707	L	L	LS	15.68666667	5.52	17.13	19.50666667	11.03666667	12.29	10.50666667	0.033	4.84	4.3	0.448958333	258.3238837	0.053829444	111.9009976
851	L	L	LS	15.51666667	4.91	17.07333333	19.66333333	9.843333333	12.18333333	10.78666667	0.025	4.48	3.95	0.320416667	205.4991155	0.04554563	64.7907574
882	L	L	LS	15.11	5.296666667	16.76666667	18.6	11.12333333	11.89333333	10.44	0.029	4.65	4.09	0.587083333	272.5134852	0.047845366	144.6709025
891	L	L	LS	14.51666667	5.383333333	15.88	18.06	9.56	11.87666667	9.966666667	0.025	4.36	4.06	0.315208333	199.3196379	0.038539115	62.03490293
921	L	L	LS	17.40666667	5.683333333	18.24333333	21.17666667	10.45666667	12.83333333	11.06	0.029	4.54	4.19	0.6575	221.5728086	0.071500865	152.2783764
983	L	L	LS	16.22	5.366666667	17.65666667	20.41666667	10.72666667	12.65	11.06666667	0.029	4.71	4.05	0.899166667	236.1933465	0.080450094	212.6579051
99	L	L	LS	15.84	5.413333333	16.72333333	18.75333333	10.99	11.53333333	9.993333333	0.031	4.85	4.18	0.641041667	209.2286405	0.069048674	134.8700992
Lp	L	L	LS	17.82	6	17.22666667	19.92666667	10.85333333	12.79	11.43	NA	NA	NA	1.105	252.1183436	0.083643525	284.1828844