[1] "CorollaWidth"
[1] 1
[1] 202.9555
[1] "100014_6820336"
[1] "100014_6820348"
       mean        SE
11 22.48881 0.1494182
22 21.21210 0.1426449
g
 11  22 
144 158 
[1] "CorollaWidth"
[1] 2
[1] 49.93117
[1] "100006_5533825"
[1] "100006_5533791"
       mean        SE
11 22.35704 0.1459846
22 21.16029 0.1567744
g
 11  22 
158 137 
[1] "CorollaWidth"
[1] 4
[1] 62.37565
[1] "100015_9914595"
[1] "100015_9914595"
       mean        SE
11 21.26020 0.1632735
22 22.41482 0.1472093
g
 11  22 
126 155 
[1] "CorollaWidth"
[1] 5
[1] 167.7819
[1] "100024_3507820"
[1] "100024_3437336"
       mean        SE
11 22.44017 0.1404506
22 21.19649 0.1664774
g
 11  22 
170 121 
[1] "CorollaWidth"
[1] 8
[1] 227.0059
[1] "100019_1511398"
[1] "100019_1511398"
       mean        SE
11 22.26478 0.1573923
22 21.48502 0.1590121
g
 11  22 
148 145 
[1] "CorollaWidth"
[1] 11
[1] 110.7177
[1] "100007_6931002"
[1] "100007_6931002"
       mean        SE
11 22.16622 0.1607284
22 21.57762 0.1547634
g
 11  22 
140 151 
[1] "CorollaWidth"
[1] 13
[1] 65.9782
[1] "100017_6856365"
[1] "100017_6856365"
       mean        SE
11 21.25337 0.1512751
22 22.55685 0.1611154
g
 11  22 
152 134 
[1] "CorollaThroat"
[1] 1
[1] 55.5166
[1] "100013_6742381"
[1] "100013_6742414"
       mean         SE
11 6.601310 0.03903338
22 6.396398 0.03877052
g
 11  22 
147 149 
[1] "CorollaThroat"
[1] 1
[1] 241.916
[1] "100014_9762732"
[1] "100014_9762711"
       mean         SE
11 6.662778 0.03691032
22 6.343937 0.03791487
g
 11  22 
153 145 
[1] "CorollaThroat"
[1] 6
[1] 60.18907
[1] "100030_1768078"
[1] "100030_1768078"
       mean         SE
11 6.620458 0.03795901
22 6.371091 0.03999760
g
 11  22 
151 136 
[1] "CorollaThroat"
[1] 7
[1] 212
[1] "100001_347577"
[1] "100001_352666"
       mean         SE
11 6.413014 0.04016609
22 6.615596 0.03794378
g
 11  22 
141 158 
[1] "CorollaThroat"
[1] 8
[1] 192
[1] "100019_4543013"
[1] "100019_4543013"
       mean         SE
11 6.596798 0.04199461
22 6.366145 0.04307619
g
 11  22 
121 115 
[1] "CorollaThroat"
[1] 8
[1] 241.0999
[1] "100019_199285"
[1] "100019_199285"
       mean         SE
11 6.679013 0.03683674
22 6.350960 0.03771542
g
 11  22 
152 145 
[1] "CorollaThroat"
[1] 9
[1] 131.9273
[1] "100033_3393476"
[1] "100033_3393476"
       mean         SE
11 6.637067 0.03708556
22 6.352039 0.03825083
g
 11  22 
150 141 
[1] "CorollaThroat"
[1] 13
[1] 65.9782
[1] "100017_6856365"
[1] "100017_6856365"
       mean         SE
11 6.369907 0.03785122
22 6.682251 0.04031339
g
 11  22 
152 134 
[1] "CorollaLength"
[1] 1
[1] 208.535
[1] "100014_7159656"
[1] "100014_7159656"
       mean        SE
11 22.89605 0.1319633
22 22.20480 0.1302268
g
 11  22 
149 153 
[1] "CorollaLength"
[1] 4
[1] 52
[1] "100015_11270449"
[1] "100015_11270449"
       mean        SE
11 22.11268 0.1357353
22 23.09855 0.1276456
g
 11  22 
130 147 
[1] "CorollaLength"
[1] 4
[1] 199.1425
[1] "100080_5899023"
[1] "100080_5899023"
       mean        SE
11 22.33635 0.1368442
22 22.76511 0.1268947
g
 11  22 
135 157 
[1] "CorollaLength"
[1] 5
[1] 70
[1] "100012_6576269"
[1] "100012_6576269"
       mean        SE
11 22.95936 0.1247992
22 22.07398 0.1378281
g
 11  22 
161 132 
[1] "CorollaLength"
[1] 5
[1] 171.0784
[1] "100024_2773805"
[1] "100024_2773830"
       mean        SE
11 23.04347 0.1180046
22 21.97423 0.1432742
g
 11  22 
171 116 
[1] "CorollaLength"
[1] 8
[1] 195.5423
[1] "100019_4478196"
[1] "100019_4478196"
       mean        SE
11 23.02139 0.1362708
22 22.21132 0.1357867
g
 11  22 
140 141 
[1] "CorollaLength"
[1] 9
[1] 27.4936
[1] "100010_10866367"
[1] "100010_10866367"
       mean        SE
11 22.95973 0.1339851
22 22.16843 0.1312597
g
 11  22 
143 149 
[1] "CorollaLength"
[1] 9
[1] 142
[1] "100033_1496413"
[1] "100033_1496413"
       mean        SE
11 23.18010 0.1270336
22 21.89075 0.1252443
g
 11  22 
139 143 
[1] "CorollaLength"
[1] 14
[1] 139.8502
[1] "100005_11234583"
[1] "100005_11234583"
       mean        SE
11 22.84408 0.1175268
22 22.20130 0.1489053
g
 11  22 
183 114 
[1] "CorollaLength"
[1] 15
[1] 27.21705
[1] "100002_22639756"
[1] "100002_22639756"
     mean         SE
11 21.799 0.22373327
22 22.751 0.09985705
g
 11  22 
50 251 
[1] "OverallCorollaLength"
[1] 1
[1] 204
[1] "100014_6820348"
[1] "100014_6820336"
       mean        SE
11 27.06014 0.1541647
22 26.01673 0.1489372
g
 11  22 
140 150 
[1] "OverallCorollaLength"
[1] 4
[1] 53
[1] "100015_11270449"
[1] "100015_11270449"
       mean        SE
11 25.99853 0.1597233
22 27.20453 0.1502039
g
 11  22 
130 147 
[1] "OverallCorollaLength"
[1] 5
[1] 74.93719
[1] "100012_6929677"
[1] "100012_6932175"
       mean        SE
11 26.98753 0.1450502
22 26.01170 0.1587972
g
 11  22 
163 136 
[1] "OverallCorollaLength"
[1] 5
[1] 171.0784
[1] "100024_2773805"
[1] "100024_2773830"
       mean        SE
11 27.22324 0.1363216
22 25.74065 0.1655136
g
 11  22 
171 116 
[1] "OverallCorollaLength"
[1] 8
[1] 195.2163
[1] "100019_4543013"
[1] "100019_4543013"
       mean        SE
11 27.01466 0.1623726
22 26.21938 0.1629514
g
 11  22 
141 140 
[1] "OverallCorollaLength"
[1] 9
[1] 143
[1] "100033_1128442"
[1] "100033_1128442"
       mean        SE
11 27.25089 0.1512179
22 25.84796 0.1485694
g
 11  22 
139 144 
[1] "SepalLength"
[1] 1
[1] 199
[1] "100014_6493576"
[1] "100014_6493576"
       mean         SE
11 11.39529 0.06051334
22 10.81020 0.05826754
g
 11  22 
140 151 
[1] "SepalLength"
[1] 1
[1] 254
[1] "100014_10765150"
[1] "100014_10765249"
       mean         SE
11 11.32353 0.06018202
22 10.84192 0.06183115
g
 11  22 
152 144 
[1] "SepalLength"
[1] 3
[1] 31.73156
[1] "100004_13903081"
[1] "100004_13903081"
      mean         SE
11 11.0101 0.05158184
22 11.3222 0.08934236
g
 11  22 
219  73 
[1] "SepalLength"
[1] 5
[1] 63.10468
[1] "100012_6161114"
[1] "100012_6161114"
       mean         SE
11 11.20795 0.05983650
22 10.94564 0.06826574
g
 11  22 
164 126 
[1] "SepalLength"
[1] 5
[1] 196
[1] "100024_880658"
[1] "100024_880658"
       mean         SE
11 11.16411 0.06203562
22 11.00064 0.07046773
g
 11  22 
160 124 
[1] "SepalLength"
[1] 5
[1] 199
[1] "100024_639318"
[1] "100024_639318"
       mean         SE
11 11.21843 0.06244693
22 10.98143 0.06913883
g
 11  22 
152 124 
[1] "SepalLength"
[1] 6
[1] 202.8289
[1] "635_3592468"
[1] "635_3592514"
       mean         SE
11 10.94588 0.06714331
22 11.20312 0.06129317
g
 11  22 
135 162 
[1] "SepalLength"
[1] 7
[1] 128.1678
[1] "100001_8513083"
[1] "100001_8513083"
       mean         SE
11 10.90475 0.06598951
22 11.23349 0.06122317
g
 11  22 
136 158 
[1] "SepalLength"
[1] 9
[1] 38.07264
[1] "100010_10417510"
[1] "100010_10417510"
       mean         SE
11 10.94946 0.06229302
22 11.23000 0.06270970
g
 11  22 
151 149 
[1] "SepalLength"
[1] 12
[1] 145
[1] "100009_8952304"
[1] "100009_8952304"
       mean         SE
11 11.27220 0.06107966
22 10.85771 0.06520682
g
 11  22 
155 136 
[1] "SepalLength"
[1] 13
[1] 44.3356
[1] "100017_4054971"
[1] "100017_4055053"
       mean         SE
11 10.99857 0.06291570
22 11.21041 0.06646299
g
 11  22 
154 138 
[1] "SepalLength"
[1] 14
[1] 167.0247
[1] "100005_13442789"
[1] "100005_13442789"
       mean         SE
11 10.94658 0.05809714
22 11.31063 0.07015896
g
 11  22 
175 120 
[1] "LongestStamenLength"
[1] 1
[1] 5
[1] "100013_11852892"
[1] "100013_11852892"
       mean         SE
11 15.72726 0.09232349
22 16.24984 0.10021648
g
 11  22 
152 129 
[1] "LongestStamenLength"
[1] 1
[1] 229.662
[1] "100014_8703953"
[1] "100014_8703953"
       mean         SE
11 16.28250 0.09248295
22 15.62816 0.09564027
g
 11  22 
154 144 
[1] "LongestStamenLength"
[1] 4
[1] 52
[1] "100015_11270449"
[1] "100015_11270449"
       mean         SE
11 15.51691 0.09557215
22 16.44269 0.08987613
g
 11  22 
130 147 
[1] "LongestStamenLength"
[1] 5
[1] 167.7819
[1] "100024_3507820"
[1] "100024_3437336"
       mean         SE
11 16.27524 0.08752827
22 15.61269 0.10374809
g
 11  22 
170 121 
[1] "LongestStamenLength"
[1] 9
[1] 145.2074
[1] "100033_909010"
[1] "100033_909010"
       mean         SE
11 16.25937 0.09575586
22 15.57440 0.09181899
g
 11  22 
137 149 
[1] "LongestStamenLength"
[1] 11
[1] 27
[1] "100016_8316107"
[1] "100016_8316176"
       mean         SE
11 16.26215 0.13038371
22 15.79236 0.08403274
g
 11  22 
81 195 
[1] "LongestStamenLength"
[1] 13
[1] 24.98156
[1] "100017_2731145"
[1] "100017_2731166"
       mean         SE
11 15.72327 0.09367429
22 16.22634 0.09631352
g
 11  22 
148 140 
[1] "LongestStamenLength"
[1] 14
[1] 141.2402
[1] "100005_11341077"
[1] "100005_11341077"
       mean         SE
11 16.14648 0.08588176
22 15.62576 0.10774356
g
 11  22 
181 115 
[1] "PistilLength"
[1] 1
[1] 206
[1] "100014_7159656"
[1] "100014_7159656"
       mean        SE
11 14.18774 0.1133676
22 13.66226 0.1102611
g
 11  22 
140 148 
[1] "PistilLength"
[1] 2
[1] 119.0478
[1] "100032_3244461"
[1] "100032_3244461"
       mean        SE
11 13.78895 0.1015510
22 14.18267 0.1245511
g
 11  22 
176 117 
[1] "PistilLength"
[1] 3
[1] 59
[1] "100004_11630182"
[1] "100004_11630382"
       mean        SE
11 13.79992 0.0871715
22 14.56524 0.1728840
g
 11  22 
236  60 
[1] "PistilLength"
[1] 4
[1] 61
[1] "100015_10067152"
[1] "100015_10067168"
       mean         SE
11 13.29321 0.11060042
22 14.46334 0.09868746
g
 11  22 
125 157 
[1] "PistilLength"
[1] 5
[1] 171.0784
[1] "100024_2773805"
[1] "100024_2773820"
       mean         SE
11 14.33518 0.09968322
22 13.47894 0.12102946
g
 11  22 
171 116 
[1] "PistilLength"
[1] 7
[1] 0
[1] "100001_29720559"
[1] "100001_29720559"
       mean       SE
11 14.12641 0.110245
22 13.72135 0.110245
g
 11  22 
145 145 
[1] "PistilLength"
[1] 7
[1] 142.4113
[1] "100001_6878261"
[1] "100001_6878416"
       mean        SE
11 13.68448 0.1157837
22 14.15058 0.1056299
g
 11  22 
134 161 
[1] "PistilLength"
[1] 8
[1] 64.22617
[1] "100003_13645510"
[1] "100003_13645510"
       mean        SE
11 13.92009 0.1227720
22 13.96473 0.1077108
g
 11  22 
127 165 
[1] "PistilLength"
[1] 8
[1] 214
[1] "100019_2490149"
[1] "100019_2490149"
       mean        SE
11 14.27883 0.1103666
22 13.61918 0.1107465
g
 11  22 
146 145 
[1] "PistilLength"
[1] 9
[1] 12.70103
[1] "100010_11984760"
[1] "100010_11985050"
       mean        SE
11 14.42180 0.1080965
22 13.48639 0.1051344
g
 11  22 
140 148 
[1] "PistilLength"
[1] 9
[1] 135.4704
[1] "100033_2594582"
[1] "100033_2594582"
      mean        SE
11 14.1779 0.1106214
22 13.6453 0.1129506
g
 11  22 
147 141 
[1] "PistilLength"
[1] 10
[1] 58.91763
[1] "100008_8338470"
[1] "100008_8338470"
       mean        SE
11 14.04832 0.1008116
22 13.71574 0.1306374
g
 11  22 
178 106 
[1] "PistilLength"
[1] 13
[1] 51
[1] "100017_5005179"
[1] "100017_5005179"
       mean        SE
11 13.63983 0.1057820
22 14.24860 0.1142577
g
 11  22 
154 132 
[1] "PistilLength"
[1] 13
[1] 151.3448
[1] "100025_1216370"
[1] "100025_1216370"
       mean        SE
11 13.68316 0.1094779
22 14.26259 0.1083702
g
 11  22 
146 149 
[1] "PistilLength"
[1] 15
[1] 9
[1] "100002_23926753"
[1] "100002_23926753"
       mean         SE
11 13.56783 0.15789579
22 14.05303 0.09521474
g
 11  22 
76 209 
[1] "SeedMass"
[1] 12
[1] 146.1997
[1] "100009_9039303"
[1] "100009_9039303"
         mean           SE
11 0.02940764 0.0003342821
22 0.02750719 0.0003552676
g
 11  22 
157 139 
[1] "SeedLength"
[1] 12
[1] 115.7787
[1] "100009_6691938"
[1] "100009_6691938"
       mean         SE
11 4.486777 0.02474781
22 4.335244 0.02875003
g
 11  22 
166 123 
[1] "SeedLength"
[1] 13
[1] 65.9782
[1] "100017_6856365"
[1] "100017_6856365"
       mean         SE
11 4.324474 0.02578630
22 4.507425 0.02746366
g
 11  22 
152 134 
[1] "SeedWidth"
[1] 1
[1] 192.6404
[1] "100014_5781188"
[1] "100014_5781188"
       mean         SE
11 4.070205 0.02021760
22 3.952748 0.01988006
g
 11  22 
146 151 
[1] "NectarVolume"
[1] 13
[1] 58.34566
[1] "100017_5685438"
[1] "100017_5665935"
       mean         SE
11 1.439926 0.04279422
22 1.699433 0.04489763
g
 11  22 
153 139 
[1] "SugarConcentration"
[1] 4
[1] 197.1545
[1] "100080_5780459"
[1] "100080_5780459"
       mean       SE
11 302.5230 2.585128
22 318.9483 2.380707
g
 11  22 
134 158 
[1] "SugarConcentration"
[1] 7
[1] 84.79965
[1] "100001_22172436"
[1] "100001_22172436"
       mean       SE
11 318.6231 2.729054
22 306.3076 2.481674
g
 11  22 
129 156 
[1] "SugarConcentration"
[1] 9
[1] 137
[1] "100033_2493772"
[1] "100033_2493772"
       mean       SE
11 315.9607 2.542493
22 302.2686 2.569783
g
 11  22 
142 139 
[1] "SugarConcentration"
[1] 10
[1] 72.60815
[1] "100008_9720619"
[1] "100008_9720619"
       mean       SE
11 315.8379 2.297447
22 303.5865 3.100943
g
 11  22 
184 101 
[1] "SugarConcentration"
[1] 11
[1] 25.88959
[1] "100016_8316107"
[1] "100016_8316176"
       mean       SE
11 322.1708 3.335874
22 304.7940 2.198499
g
 11  22 
86 198 
[1] "SugarConcentration"
[1] 15
[1] 60.17856
[1] "100002_17673179"
[1] "100002_17673179"
       mean       SE
11 297.9268 4.632722
22 313.9014 1.953810
g
 11  22 
45 253 
[1] "NectarySize"
[1] 1
[1] 203
[1] "100014_6820348"
[1] "100014_6820336"
        mean          SE
11 0.1077707 0.002323678
22 0.0949478 0.002218343
g
 11  22 
144 158 
[1] "NectarySize"
[1] 3
[1] 51
[1] "100004_12554202"
[1] "100004_12554202"
         mean          SE
11 0.09783505 0.001750170
22 0.12443336 0.004404499
g
 11  22 
247  39 
[1] "NectarySize"
[1] 4
[1] 182.0414
[1] "100080_4720512"
[1] "100080_4720512"
         mean          SE
11 0.09465101 0.002337104
22 0.10809789 0.002305305
g
 11  22 
144 148 
[1] "NectarySize"
[1] 5
[1] 63.10468
[1] "100012_6161114"
[1] "100012_6151460"
         mean          SE
11 0.10796555 0.002229139
22 0.09389919 0.002543161
g
 11  22 
164 126 
[1] "NectarySize"
[1] 6
[1] 167
[1] "635_5826781"
[1] "635_5826812"
         mean          SE
11 0.10661680 0.002577506
22 0.09733055 0.002427956
g
 11  22 
126 142 
[1] "NectarySize"
[1] 7
[1] 205.7089
[1] "100001_1134102"
[1] "100001_1134102"
         mean          SE
11 0.09542039 0.002485643
22 0.10820432 0.002229995
g
 11  22 
132 164 
[1] "NectarySize"
[1] 8
[1] 30.58759
[1] "100003_16625759"
[1] "100003_16625759"
         mean          SE
11 0.09338221 0.002397616
22 0.10791357 0.002192840
g
 11  22 
133 159 
[1] "NectarySize"
[1] 13
[1] 0.244014
[1] "100017_399752"
[1] "100017_399463"
         mean          SE
11 0.09807283 0.002344643
22 0.10660878 0.002491053
g
 11  22 
149 132 
[1] "NectarySize"
[1] 13
[1] 142.9588
[1] "100025_1924974"
[1] "100025_1924974"
        mean          SE
11 0.0947157 0.002393577
22 0.1079847 0.002251255
g
 11  22 
138 156 
[1] "NectarySize"
[1] 14
[1] 20
[1] "100018_8566911"
[1] "100018_8566911"
         mean          SE
11 0.09376098 0.002252109
22 0.10852213 0.002286234
g
 11  22 
135 131 
[1] "NectarySize"
[1] 14
[1] 165.8767
[1] "100005_13361328"
[1] "100005_13361328"
         mean          SE
11 0.09529417 0.002120439
22 0.11048346 0.002571410
g
 11  22 
175 119 
[1] "sqrtNectarVol"
[1] 13
[1] 58.34566
[1] "100017_5685438"
[1] "100017_5685438"
       mean         SE
11 1.149062 0.01815782
22 1.260434 0.01905031
g
 11  22 
153 139 
[1] "lnNectarySize"
[1] 1
[1] 205
[1] "100014_6820348"
[1] "100014_6820348"
        mean         SE
11 -2.307073 0.02293622
22 -2.432274 0.02215318
g
 11  22 
139 149 
[1] "lnNectarySize"
[1] 3
[1] 52
[1] "100004_12435272"
[1] "100004_12435272"
        mean         SE
11 -2.396504 0.01703519
22 -2.151325 0.04287095
g
 11  22 
247  39 
[1] "lnNectarySize"
[1] 4
[1] 185
[1] "100080_4785241"
[1] "100080_4785175"
        mean         SE
11 -2.434227 0.02339800
22 -2.291965 0.02207872
g
 11  22 
130 146 
[1] "lnNectarySize"
[1] 5
[1] 63.10468
[1] "100012_6161114"
[1] "100012_6151460"
        mean         SE
11 -2.304376 0.02153514
22 -2.434006 0.02456882
g
 11  22 
164 126 
[1] "lnNectarySize"
[1] 8
[1] 30.58759
[1] "100003_16625759"
[1] "100003_16625759"
        mean         SE
11 -2.433812 0.02348089
22 -2.305620 0.02147543
g
 11  22 
133 159 
[1] "lnNectarySize"
[1] 8
[1] 241.0189
[1] "100019_337864"
[1] "100019_267659"
        mean         SE
11 -2.305674 0.02256337
22 -2.414849 0.02310158
g
 11  22 
152 145 
[1] "lnNectarySize"
[1] 13
[1] 27.04108
[1] "100017_2816440"
[1] "100017_2816268"
        mean         SE
11 -2.433233 0.02250355
22 -2.279290 0.02282052
g
 11  22 
145 141 
[1] "lnNectarySize"
[1] 14
[1] 19
[1] "100018_8566911"
[1] "100018_8566911"
        mean         SE
11 -2.435891 0.02210525
22 -2.279230 0.02225929
g
 11  22 
145 143 
[1] "lnNectarySize"
[1] 14
[1] 185.4798
[1] "100005_15329289"
[1] "100005_15116716"
        mean         SE
11 -2.433527 0.02168259
22 -2.287532 0.02312711
g
 11  22 
157 138 
