[1] "CorollaWidth"
[1] 1
[1] 69
       mean        SE
11 22.32194 0.1534861
22 21.37866 0.1599288
g
 11  22 
152 140 
[1] "CorollaWidth"
[1] 1
[1] 205
       mean        SE
11 22.44686 0.1504197
22 21.19020 0.1452844
g
 11  22 
139 149 
[1] "CorollaWidth"
[1] 2
[1] 49.931
       mean        SE
11 22.35704 0.1459846
22 21.16029 0.1567744
g
 11  22 
158 137 
[1] "CorollaWidth"
[1] 3
[1] 141
       mean        SE
11 22.11235 0.1614587
22 21.69312 0.1592468
g
 11  22 
143 147 
[1] "CorollaWidth"
[1] 4
[1] 62.3755
       mean        SE
11 21.26020 0.1632735
22 22.41482 0.1472093
g
 11  22 
126 155 
[1] "CorollaWidth"
[1] 5
[1] 167.7815
       mean        SE
11 22.44017 0.1404506
22 21.19649 0.1664774
g
 11  22 
170 121 
[1] "CorollaWidth"
[1] 5
[1] 201.701
       mean        SE
11 22.37528 0.1479187
22 21.21910 0.1606199
g
 11  22 
158 134 
[1] "CorollaWidth"
[1] 7
[1] 192.457
       mean        SE
11 21.55159 0.1610254
22 22.19351 0.1484055
g
 11  22 
141 166 
[1] "CorollaWidth"
[1] 8
[1] 206.8125
       mean        SE
11 22.22018 0.1598765
22 21.56572 0.1615683
g
 11  22 
144 141 
[1] "CorollaWidth"
[1] 9
[1] 145.207
       mean        SE
11 22.20926 0.1619151
22 21.48015 0.1552582
g
 11  22 
137 149 
[1] "CorollaWidth"
[1] 10
[1] 177.9935
       mean        SE
11 22.06247 0.1229453
22 21.05546 0.2438328
g
 11  22 
236  60 
[1] "CorollaWidth"
[1] 11
[1] 111.0425
       mean        SE
11 22.16622 0.1607284
22 21.57762 0.1547634
g
 11  22 
140 151 
[1] "CorollaWidth"
[1] 13
[1] 65.978
       mean        SE
11 21.25337 0.1512751
22 22.55685 0.1611154
g
 11  22 
152 134 
[1] "CorollaWidth"
[1] 14
[1] 97
       mean        SE
11 21.60405 0.1442129
22 22.18914 0.1816474
g
 11  22 
165 104 
[1] "CorollaWidth"
[1] 14
[1] 180.5415
       mean        SE
11 21.55602 0.1517707
22 22.23275 0.1652270
g
 11  22 
160 135 
[1] "CorollaWidth"
[1] 15
[1] 7
       mean        SE
11 21.48444 0.2238527
22 21.99299 0.1361997
g
 11  22 
77 208 
[1] "CorollaThroat"
[1] 1
[1] 61.731
       mean         SE
11 6.605234 0.03831570
22 6.399132 0.03949491
g
 11  22 
153 144 
[1] "CorollaThroat"
[1] 1
[1] 242.2405
       mean         SE
11 6.662826 0.03715345
22 6.343876 0.03778428
g
 11  22 
151 146 
[1] "CorollaThroat"
[1] 3
[1] 52
       mean         SE
11 6.462497 0.02984085
22 6.745192 0.07509783
g
 11  22 
247  39 
[1] "CorollaThroat"
[1] 4
[1] 224
       mean         SE
11 6.430222 0.04094048
22 6.600644 0.03833182
g
 11  22 
135 154 
[1] "CorollaThroat"
[1] 5
[1] 201.211
       mean         SE
11 6.551014 0.03693543
22 6.453221 0.04012982
g
 11  22 
157 133 
[1] "CorollaThroat"
[1] 6
[1] 57
       mean         SE
11 6.611514 0.03909584
22 6.375038 0.04110204
g
 11  22 
147 133 
[1] "CorollaThroat"
[1] 7
[1] 211.835
       mean         SE
11 6.410446 0.04000663
22 6.612364 0.03780746
g
 11  22 
142 159 
[1] "CorollaThroat"
[1] 8
[1] 227.0865
       mean         SE
11 6.679347 0.03749160
22 6.353052 0.03787745
g
 11  22 
148 145 
[1] "CorollaThroat"
[1] 8
[1] 241.0185
       mean         SE
11 6.679013 0.03683674
22 6.350960 0.03771542
g
 11  22 
152 145 
[1] "CorollaThroat"
[1] 9
[1] 131.927
       mean         SE
11 6.637067 0.03708556
22 6.352039 0.03825083
g
 11  22 
150 141 
[1] "CorollaThroat"
[1] 11
[1] 190.251
      mean         SE
11 6.44233 0.04005075
22 6.56316 0.03777553
g
 11  22 
137 154 
[1] "CorollaThroat"
[1] 12
[1] 148.696
       mean         SE
11 6.537906 0.03858569
22 6.462553 0.04032525
g
 11  22 
154 141 
[1] "CorollaThroat"
[1] 13
[1] 42.771
       mean         SE
11 6.390796 0.03776406
22 6.649312 0.04015147
g
 11  22 
156 138 
[1] "CorollaThroat"
[1] 14
[1] 2.126
       mean         SE
11 6.415186 0.03843637
22 6.555109 0.03980464
g
 11  22 
148 138 
[1] "CorollaThroat"
[1] 15
[1] 10.0715
       mean         SE
11 6.406688 0.05430808
22 6.556724 0.03248505
g
 11  22 
78 218 
[1] "CorollaLength"
[1] 1
[1] 207
       mean        SE
11 22.91827 0.1344948
22 22.14863 0.1299343
g
 11  22 
140 150 
[1] "CorollaLength"
[1] 4
[1] 52
       mean        SE
11 22.11268 0.1357353
22 23.09855 0.1276456
g
 11  22 
130 147 
[1] "CorollaLength"
[1] 4
[1] 199.142
       mean        SE
11 22.33635 0.1368442
22 22.76511 0.1268947
g
 11  22 
135 157 
[1] "CorollaLength"
[1] 5
[1] 69.7335
       mean        SE
11 22.94389 0.1246763
22 22.06362 0.1375991
g
 11  22 
162 133 
[1] "CorollaLength"
[1] 5
[1] 169
       mean        SE
11 23.05665 0.1174530
22 21.99415 0.1405615
g
 11  22 
169 118 
[1] "CorollaLength"
[1] 6
[1] 164.3355
       mean        SE
11 22.28922 0.1430760
22 22.68721 0.1341558
g
 11  22 
131 149 
[1] "CorollaLength"
[1] 7
[1] 25.6185
       mean        SE
11 22.67663 0.1402007
22 22.41567 0.1377791
g
 11  22 
141 146 
[1] "CorollaLength"
[1] 8
[1] 195.216
       mean        SE
11 23.01032 0.1359599
22 22.21669 0.1364446
g
 11  22 
141 140 
[1] "CorollaLength"
[1] 9
[1] 35
       mean        SE
11 22.97985 0.1353472
22 22.12428 0.1338996
g
 11  22 
138 141 
[1] "CorollaLength"
[1] 9
[1] 145.207
       mean        SE
11 23.19554 0.1286100
22 21.91795 0.1233224
g
 11  22 
137 149 
[1] "CorollaLength"
[1] 13
[1] 42.771
       mean        SE
11 22.30615 0.1297805
22 22.85809 0.1379851
g
 11  22 
156 138 
[1] "CorollaLength"
[1] 14
[1] 138.9475
       mean        SE
11 22.84459 0.1170174
22 22.19574 0.1501301
g
 11  22 
186 113 
[1] "CorollaLength"
[1] 15
[1] 27.217
     mean         SE
11 21.799 0.22373327
22 22.751 0.09985705
g
 11  22 
50 251 
[1] "OverallCorollaLength"
[1] 1
[1] 207
       mean        SE
11 27.08036 0.1548856
22 26.00952 0.1496337
g
 11  22 
140 150 
[1] "OverallCorollaLength"
[1] 2
[1] 50
       mean        SE
11 26.85114 0.1493692
22 26.19602 0.1604092
g
 11  22 
158 137 
[1] "OverallCorollaLength"
[1] 3
[1] 151.9625
       mean        SE
11 26.92438 0.1579693
22 26.34156 0.1563490
g
 11  22 
144 147 
[1] "OverallCorollaLength"
[1] 4
[1] 52
       mean        SE
11 25.99853 0.1597233
22 27.20453 0.1502039
g
 11  22 
130 147 
[1] "OverallCorollaLength"
[1] 4
[1] 199.142
       mean        SE
11 26.31531 0.1613231
22 26.77667 0.1495938
g
 11  22 
135 157 
[1] "OverallCorollaLength"
[1] 5
[1] 98
       mean        SE
11 27.03344 0.1530633
22 26.12045 0.1668688
g
 11  22 
145 122 
[1] "OverallCorollaLength"
[1] 5
[1] 169
       mean        SE
11 27.25334 0.1354696
22 25.77862 0.1621229
g
 11  22 
169 118 
[1] "OverallCorollaLength"
[1] 5
[1] 202
       mean        SE
11 27.08080 0.1459793
22 25.90783 0.1597103
g
 11  22 
158 132 
[1] "OverallCorollaLength"
[1] 7
[1] 25.6185
       mean        SE
11 26.74506 0.1642087
22 26.36527 0.1613724
g
 11  22 
141 146 
[1] "OverallCorollaLength"
[1] 8
[1] 199.001
       mean        SE
11 27.00498 0.1598758
22 26.24088 0.1627057
g
 11  22 
145 140 
[1] "OverallCorollaLength"
[1] 9
[1] 28
       mean        SE
11 26.96302 0.1595607
22 26.13557 0.1551884
g
 11  22 
140 148 
[1] "OverallCorollaLength"
[1] 9
[1] 145.207
       mean        SE
11 27.28339 0.1528383
22 25.86813 0.1465546
g
 11  22 
137 149 
[1] "OverallCorollaLength"
[1] 13
[1] 42.771
       mean        SE
11 26.22667 0.1519989
22 26.99386 0.1616081
g
 11  22 
156 138 
[1] "OverallCorollaLength"
[1] 14
[1] 37.4595
       mean        SE
11 26.42018 0.1558989
22 26.74266 0.1602004
g
 11  22 
151 143 
[1] "OverallCorollaLength"
[1] 14
[1] 138.9475
       mean        SE
11 26.82135 0.1387902
22 26.23897 0.1780640
g
 11  22 
186 113 
[1] "OverallCorollaLength"
[1] 15
[1] 27.217
       mean        SE
11 25.87147 0.2662222
22 26.74524 0.1188208
g
 11  22 
50 251 
[1] "SepalLength"
[1] 1
[1] 70
       mean         SE
11 11.24710 0.06168131
22 10.87829 0.06405868
g
 11  22 
151 140 
[1] "SepalLength"
[1] 1
[1] 206
       mean         SE
11 11.38672 0.05892784
22 10.79194 0.05731307
g
 11  22 
140 148 
[1] "SepalLength"
[1] 3
[1] 32
       mean         SE
11 11.01010 0.05174027
22 11.30893 0.09424944
g
 11  22 
219  66 
[1] "SepalLength"
[1] 4
[1] 35.924
       mean         SE
11 10.95929 0.06519203
22 11.18458 0.06277259
g
 11  22 
140 151 
[1] "SepalLength"
[1] 5
[1] 69.7335
       mean         SE
11 11.19961 0.06058999
22 10.95041 0.06687019
g
 11  22 
162 133 
[1] "SepalLength"
[1] 6
[1] 201.194
       mean         SE
11 10.95572 0.06677381
22 11.20289 0.06058305
g
 11  22 
135 164 
[1] "SepalLength"
[1] 7
[1] 128.1675
       mean         SE
11 10.90475 0.06598951
22 11.23349 0.06122317
g
 11  22 
136 158 
[1] "SepalLength"
[1] 9
[1] 38.0725
       mean         SE
11 10.94946 0.06229302
22 11.23000 0.06270970
g
 11  22 
151 149 
[1] "SepalLength"
[1] 11
[1] 190.251
       mean         SE
11 11.00440 0.06721711
22 11.17669 0.06339861
g
 11  22 
137 154 
[1] "SepalLength"
[1] 12
[1] 144.152
       mean         SE
11 11.25711 0.06004766
22 10.86257 0.06509517
g
 11  22 
161 137 
[1] "SepalLength"
[1] 13
[1] 44.3355
       mean         SE
11 10.99857 0.06291570
22 11.21041 0.06646299
g
 11  22 
154 138 
[1] "SepalLength"
[1] 14
[1] 180.5415
       mean         SE
11 10.91080 0.06042428
22 11.31441 0.06578163
g
 11  22 
160 135 
[1] "SepalLength"
[1] 15
[1] 0
       mean         SE
11 10.94499 0.08249136
22 11.15579 0.05489154
g
 11  22 
89 201 
[1] "LongestStamenLength"
[1] 1
[1] 6.171
       mean         SE
11 15.72335 0.09158354
22 16.23904 0.10110549
g
 11  22 
156 128 
[1] "LongestStamenLength"
[1] 1
[1] 229.008
       mean         SE
11 16.29231 0.09341699
22 15.63726 0.09564530
g
 11  22 
152 145 
[1] "LongestStamenLength"
[1] 2
[1] 30.8095
       mean         SE
11 16.12857 0.09455228
22 15.79233 0.09782495
g
 11  22 
152 142 
[1] "LongestStamenLength"
[1] 3
[1] 151.9625
       mean         SE
11 16.12953 0.09778249
22 15.82965 0.09677957
g
 11  22 
144 147 
[1] "LongestStamenLength"
[1] 4
[1] 46.0925
       mean         SE
11 15.53497 0.09693984
22 16.41012 0.09186088
g
 11  22 
132 147 
[1] "LongestStamenLength"
[1] 4
[1] 183.761
       mean         SE
11 15.79400 0.09953287
22 16.13792 0.09549606
g
 11  22 
139 151 
[1] "LongestStamenLength"
[1] 5
[1] 89.571
       mean         SE
11 16.16581 0.09301193
22 15.75400 0.10176073
g
 11  22 
158 132 
[1] "LongestStamenLength"
[1] 5
[1] 167.7815
       mean         SE
11 16.27524 0.08752827
22 15.61269 0.10374809
g
 11  22 
170 121 
[1] "LongestStamenLength"
[1] 7
[1] 43
       mean         SE
11 16.06343 0.10309615
22 15.81577 0.09483466
g
 11  22 
132 156 
[1] "LongestStamenLength"
[1] 8
[1] 201.2425
       mean         SE
11 16.16716 0.09695667
22 15.79266 0.10009073
g
 11  22 
146 137 
[1] "LongestStamenLength"
[1] 9
[1] 145.207
       mean         SE
11 16.25937 0.09575586
22 15.57440 0.09181899
g
 11  22 
137 149 
[1] "LongestStamenLength"
[1] 11
[1] 27
       mean         SE
11 16.26215 0.13038371
22 15.79236 0.08403274
g
 11  22 
81 195 
[1] "LongestStamenLength"
[1] 13
[1] 58.3455
       mean         SE
11 15.70270 0.09427775
22 16.19678 0.09891167
g
 11  22 
153 139 
[1] "LongestStamenLength"
[1] 13
[1] 142.9585
       mean         SE
11 15.68953 0.09875929
22 16.18376 0.09288706
g
 11  22 
138 156 
[1] "LongestStamenLength"
[1] 14
[1] 141.24
       mean         SE
11 16.14648 0.08588176
22 15.62576 0.10774356
g
 11  22 
181 115 
[1] "PistilLength"
[1] 1
[1] 224.249
       mean        SE
11 14.22409 0.1109501
22 13.68574 0.1120689
g
 11  22 
151 148 
[1] "PistilLength"
[1] 2
[1] 112.3145
       mean        SE
11 13.76868 0.1016736
22 14.20341 0.1212215
g
 11  22 
172 121 
[1] "PistilLength"
[1] 3
[1] 64.0185
       mean         SE
11 13.80579 0.08967311
22 14.48239 0.16630419
g
 11  22 
227  66 
[1] "PistilLength"
[1] 4
[1] 52
       mean        SE
11 13.32140 0.1066913
22 14.52968 0.1003326
g
 11  22 
130 147 
[1] "PistilLength"
[1] 4
[1] 61
       mean         SE
11 13.29321 0.11060042
22 14.46334 0.09868746
g
 11  22 
125 157 
[1] "PistilLength"
[1] 4
[1] 182.9425
       mean        SE
11 13.72950 0.1133518
22 14.10525 0.1099219
g
 11  22 
142 151 
[1] "PistilLength"
[1] 5
[1] 167.7815
       mean         SE
11 14.35100 0.09994949
22 13.45678 0.11847108
g
 11  22 
170 121 
[1] "PistilLength"
[1] 5
[1] 201.701
       mean        SE
11 14.24676 0.1060470
22 13.53415 0.1151528
g
 11  22 
158 134 
[1] "PistilLength"
[1] 7
[1] 0
       mean       SE
11 14.12641 0.110245
22 13.72135 0.110245
g
 11  22 
145 145 
[1] "PistilLength"
[1] 7
[1] 192.457
       mean        SE
11 13.72628 0.1125193
22 14.18729 0.1037009
g
 11  22 
141 166 
[1] "PistilLength"
[1] 8
[1] 30.5875
       mean        SE
11 13.83690 0.1152921
22 13.99504 0.1054452
g
 11  22 
133 159 
[1] "PistilLength"
[1] 8
[1] 215
       mean        SE
11 14.29898 0.1124521
22 13.61918 0.1108902
g
 11  22 
141 145 
[1] "PistilLength"
[1] 9
[1] 12.701
       mean        SE
11 14.42180 0.1080965
22 13.48639 0.1051344
g
 11  22 
140 148 
[1] "PistilLength"
[1] 9
[1] 145.207
       mean        SE
11 14.19803 0.1142147
22 13.61985 0.1095190
g
 11  22 
137 149 
[1] "PistilLength"
[1] 10
[1] 58.9175
       mean        SE
11 14.04832 0.1008116
22 13.71574 0.1306374
g
 11  22 
178 106 
[1] "PistilLength"
[1] 11
[1] 81.501
       mean        SE
11 13.86828 0.1289946
22 13.98470 0.1031957
g
 11  22 
112 175 
[1] "PistilLength"
[1] 13
[1] 46.0535
       mean        SE
11 13.64855 0.1062194
22 14.24765 0.1122082
g
 11  22 
154 138 
[1] "PistilLength"
[1] 13
[1] 142.9585
       mean        SE
11 13.66388 0.1145487
22 14.19455 0.1077376
g
 11  22 
138 156 
[1] "PistilLength"
[1] 14
[1] 96
       mean        SE
11 13.72541 0.1075002
22 14.24374 0.1345109
g
 11  22 
155  99 
[1] "PistilLength"
[1] 15
[1] 10
       mean         SE
11 13.56722 0.15394994
22 14.06466 0.09208705
g
 11  22 
78 218 
[1] "SeedMass"
[1] 1
[1] 193.618
         mean           SE
11 0.02921875 0.0003440735
22 0.02767419 0.0003316398
g
 11  22 
144 155 
[1] "SeedMass"
[1] 2
[1] 92.3455
         mean           SE
11 0.02795283 0.0003335636
22 0.02915328 0.0003593494
g
 11  22 
159 137 
[1] "SeedMass"
[1] 12
[1] 133.2835
         mean           SE
11 0.02929755 0.0003294782
22 0.02748106 0.0003661285
g
 11  22 
163 132 
[1] "SeedMass"
[1] 13
[1] 65
         mean           SE
11 0.02764238 0.0003405210
22 0.02919030 0.0003614764
g
 11  22 
151 134 
[1] "SeedLength"
[1] 1
[1] 260.3905
       mean         SE
11 4.465100 0.02650092
22 4.361897 0.02695396
g
 11  22 
150 145 
[1] "SeedLength"
[1] 2
[1] 92.3455
       mean         SE
11 4.349277 0.02568011
22 4.477336 0.02766529
g
 11  22 
159 137 
[1] "SeedLength"
[1] 4
[1] 218.1885
       mean         SE
11 4.342099 0.02781588
22 4.477640 0.02509086
g
 11  22 
131 161 
[1] "SeedLength"
[1] 6
[1] 232.18
       mean         SE
11 4.386955 0.02811103
22 4.457201 0.02571011
g
 11  22 
133 159 
[1] "SeedLength"
[1] 11
[1] 16.483
       mean         SE
11 4.547320 0.03131789
22 4.390262 0.02231833
g
 11  22 
97 191 
[1] "SeedLength"
[1] 12
[1] 116
       mean         SE
11 4.489072 0.02469227
22 4.335244 0.02877178
g
 11  22 
167 123 
[1] "SeedLength"
[1] 13
[1] 24.9815
       mean         SE
11 4.331284 0.02604393
22 4.512036 0.02677770
g
 11  22 
148 140 
[1] "SeedLength"
[1] 14
[1] 182
       mean         SE
11 4.365128 0.02621376
22 4.491429 0.02839002
g
 11  22 
156 133 
[1] "SeedWidth"
[1] 1
[1] 193.618
       mean         SE
11 4.070972 0.02041790
22 3.950613 0.01968006
g
 11  22 
144 155 
[1] "SeedWidth"
[1] 3
[1] 4.509
       mean         SE
11 3.988984 0.01850764
22 4.062740 0.02481734
g
 11  22 
187 104 
[1] "SeedWidth"
[1] 4
[1] 183.761
       mean         SE
11 3.972446 0.02147563
22 4.058907 0.02060463
g
 11  22 
139 151 
[1] "SeedWidth"
[1] 12
[1] 119
       mean         SE
11 4.067117 0.01981867
22 3.949262 0.02290806
g
 11  22 
163 122 
[1] "NectarVolume"
[1] 1
[1] 191.904
       mean         SE
11 1.630464 0.04488339
22 1.457319 0.04398861
g
 11  22 
146 152 
[1] "NectarVolume"
[1] 3
[1] 196.4575
       mean         SE
11 1.685378 0.04476051
22 1.450886 0.04355054
g
 11  22 
142 150 
[1] "NectarVolume"
[1] 4
[1] 154.002
       mean         SE
11 1.449463 0.04457837
22 1.645512 0.04351863
g
 11  22 
142 149 
[1] "NectarVolume"
[1] 5
[1] 26
       mean         SE
11 1.637266 0.04088157
22 1.422026 0.04767569
g
 11  22 
170 125 
[1] "NectarVolume"
[1] 7
[1] 205.7085
       mean         SE
11 1.445569 0.04661362
22 1.662174 0.04181941
g
 11  22 
132 164 
[1] "NectarVolume"
[1] 8
[1] 216.4295
       mean         SE
11 1.662891 0.04546410
22 1.458776 0.04377682
g
 11  22 
140 151 
[1] "NectarVolume"
[1] 10
[1] 2.124
       mean         SE
11 1.625192 0.04063877
22 1.422192 0.04857262
g
 11  22 
170 119 
[1] "NectarVolume"
[1] 13
[1] 69
       mean         SE
11 1.461883 0.04518362
22 1.725526 0.04779751
g
 11  22 
141 126 
[1] "NectarVolume"
[1] 13
[1] 142.9585
       mean         SE
11 1.421125 0.04502846
22 1.681061 0.04235106
g
 11  22 
138 156 
[1] "SugarConcentration"
[1] 4
[1] 197
       mean       SE
11 302.5230 2.589284
22 318.9986 2.392116
g
 11  22 
134 157 
[1] "SugarConcentration"
[1] 5
[1] 23.6985
       mean       SE
11 316.0939 2.391808
22 304.8327 2.808753
g
 11  22 
171 124 
[1] "SugarConcentration"
[1] 7
[1] 84.7995
       mean       SE
11 318.6231 2.729054
22 306.3076 2.481674
g
 11  22 
129 156 
[1] "SugarConcentration"
[1] 8
[1] 31.3235
       mean       SE
11 305.7125 2.701301
22 316.1926 2.504898
g
 11  22 
135 157 
[1] "SugarConcentration"
[1] 9
[1] 68.0645
       mean       SE
11 316.6476 2.511548
22 305.2273 2.571457
g
 11  22 
152 145 
[1] "SugarConcentration"
[1] 9
[1] 136.3695
       mean       SE
11 316.7997 2.501970
22 302.5874 2.572462
g
 11  22 
148 140 
[1] "SugarConcentration"
[1] 10
[1] 77.4425
       mean       SE
11 315.6049 2.334589
22 303.7072 3.033779
g
 11  22 
179 106 
[1] "SugarConcentration"
[1] 11
[1] 25.8895
       mean       SE
11 322.1708 3.335874
22 304.7940 2.198499
g
 11  22 
86 198 
[1] "SugarConcentration"
[1] 12
[1] 84
      mean       SE
11 315.284 2.782600
22 306.596 2.816059
g
 11  22 
127 124 
[1] "SugarConcentration"
[1] 13
[1] 6
       mean       SE
11 307.7296 2.547908
22 316.0150 2.667766
g
 11  22 
148 135 
[1] "SugarConcentration"
[1] 14
[1] 163
       mean       SE
11 306.3467 2.372533
22 319.6847 2.897386
g
 11  22 
173 116 
[1] "SugarConcentration"
[1] 15
[1] 60.1785
       mean       SE
11 297.9268 4.632722
22 313.9014 1.953810
g
 11  22 
45 253 
[1] "NectarySize"
[1] 1
[1] 70.901
         mean          SE
11 0.10581280 0.002212167
22 0.09578962 0.002302497
g
 11  22 
156 144 
[1] "NectarySize"
[1] 1
[1] 204
         mean          SE
11 0.10655242 0.002330222
22 0.09463862 0.002251208
g
 11  22 
140 150 
[1] "NectarySize"
[1] 3
[1] 51
         mean          SE
11 0.09783505 0.001750170
22 0.12443336 0.004404499
g
 11  22 
247  39 
[1] "NectarySize"
[1] 4
[1] 186
        mean          SE
11 0.0939461 0.002396899
22 0.1081146 0.002260792
g
 11  22 
129 145 
[1] "NectarySize"
[1] 5
[1] 52.4275
         mean          SE
11 0.10740368 0.002184727
22 0.09461129 0.002545130
g
 11  22 
171 126 
[1] "NectarySize"
[1] 6
[1] 159
         mean          SE
11 0.10792851 0.002509834
22 0.09654393 0.002465250
g
 11  22 
137 142 
[1] "NectarySize"
[1] 7
[1] 205.627
         mean          SE
11 0.09542039 0.002485643
22 0.10820432 0.002229995
g
 11  22 
132 164 
[1] "NectarySize"
[1] 8
[1] 30.5875
         mean          SE
11 0.09338221 0.002397616
22 0.10791357 0.002192840
g
 11  22 
133 159 
[1] "NectarySize"
[1] 8
[1] 227.0865
         mean          SE
11 0.10674114 0.002387875
22 0.09739695 0.002412451
g
 11  22 
148 145 
[1] "NectarySize"
[1] 11
[1] 158.611
        mean          SE
11 0.1057160 0.002560407
22 0.0977409 0.002302825
g
 11  22 
127 157 
[1] "NectarySize"
[1] 12
[1] 172.178
         mean          SE
11 0.10447516 0.002270278
22 0.09800979 0.002373344
g
 11  22 
153 140 
[1] "NectarySize"
[1] 13
[1] 24.9815
         mean          SE
11 0.09393568 0.002286743
22 0.11036878 0.002351170
g
 11  22 
148 140 
[1] "NectarySize"
[1] 13
[1] 58.3455
         mean          SE
11 0.09404448 0.002262091
22 0.11139126 0.002373277
g
 11  22 
153 139 
[1] "NectarySize"
[1] 13
[1] 142
        mean          SE
11 0.0952413 0.002410952
22 0.1081725 0.002273990
g
 11  22 
137 154 
[1] "NectarySize"
[1] 14
[1] 18
         mean         SE
11 0.09349103 0.00225858
22 0.11000227 0.00227443
g
 11  22 
144 142 
[1] "NectarySize"
[1] 14
[1] 184
        mean          SE
11 0.0939500 0.002213218
22 0.1099564 0.002413721
g
 11  22 
157 132 
[1] "NectarySize"
[1] 15
[1] 162.0245
         mean          SE
11 0.10423044 0.002135781
22 0.09602844 0.002759810
g
 11  22 
182 109 
[1] "sqrtNectarVol"
[1] 3
[1] 196.4575
       mean         SE
11 1.251740 0.01914289
22 1.156059 0.01862542
g
 11  22 
142 150 
[1] "sqrtNectarVol"
[1] 4
[1] 154.002
       mean         SE
11 1.153333 0.01915304
22 1.238909 0.01869772
g
 11  22 
142 149 
[1] "sqrtNectarVol"
[1] 5
[1] 27
       mean         SE
11 1.231520 0.01742957
22 1.146224 0.02038589
g
 11  22 
171 125 
[1] "sqrtNectarVol"
[1] 7
[1] 211.347
       mean         SE
11 1.156655 0.01878936
22 1.238364 0.01787522
g
 11  22 
143 158 
[1] "sqrtNectarVol"
[1] 8
[1] 115.168
       mean         SE
11 1.242392 0.02037372
22 1.166510 0.01798367
g
 11  22 
127 163 
[1] "sqrtNectarVol"
[1] 10
[1] 2.124
       mean         SE
11 1.227072 0.01725708
22 1.147429 0.02062616
g
 11  22 
170 119 
[1] "sqrtNectarVol"
[1] 13
[1] 69
       mean         SE
11 1.158758 0.01915676
22 1.269343 0.02026498
g
 11  22 
141 126 
[1] "sqrtNectarVol"
[1] 13
[1] 142.9585
       mean        SE
11 1.140325 0.0192600
22 1.252962 0.0181148
g
 11  22 
138 156 
[1] "lnNectarySize"
[1] 1
[1] 70.901
        mean         SE
11 -2.314268 0.02148356
22 -2.422038 0.02236080
g
 11  22 
156 144 
[1] "lnNectarySize"
[1] 1
[1] 205
        mean         SE
11 -2.307073 0.02293622
22 -2.432274 0.02215318
g
 11  22 
139 149 
[1] "lnNectarySize"
[1] 3
[1] 52
        mean         SE
11 -2.396504 0.01703519
22 -2.151325 0.04287095
g
 11  22 
247  39 
[1] "lnNectarySize"
[1] 4
[1] 186
        mean         SE
11 -2.437205 0.02353749
22 -2.294400 0.02220092
g
 11  22 
129 145 
[1] "lnNectarySize"
[1] 5
[1] 52.4275
        mean         SE
11 -2.308252 0.02111181
22 -2.427354 0.02459452
g
 11  22 
171 126 
[1] "lnNectarySize"
[1] 6
[1] 159
        mean         SE
11 -2.306875 0.02410605
22 -2.408869 0.02367784
g
 11  22 
137 142 
[1] "lnNectarySize"
[1] 7
[1] 205.7085
        mean         SE
11 -2.418416 0.02397418
22 -2.298935 0.02150844
g
 11  22 
132 164 
[1] "lnNectarySize"
[1] 8
[1] 30.5875
        mean         SE
11 -2.433812 0.02348089
22 -2.305620 0.02147543
g
 11  22 
133 159 
[1] "lnNectarySize"
[1] 8
[1] 216.9195
        mean         SE
11 -2.312010 0.02366289
22 -2.401361 0.02302324
g
 11  22 
142 150 
[1] "lnNectarySize"
[1] 11
[1] 136.3885
        mean         SE
11 -2.296719 0.02344034
22 -2.420217 0.02287543
g
 11  22 
140 147 
[1] "lnNectarySize"
[1] 12
[1] 172.178
        mean         SE
11 -2.330681 0.02233196
22 -2.398893 0.02334579
g
 11  22 
153 140 
[1] "lnNectarySize"
[1] 13
[1] 26
        mean         SE
11 -2.433211 0.02242133
22 -2.279978 0.02289675
g
 11  22 
146 140 
[1] "lnNectarySize"
[1] 13
[1] 142.9585
        mean         SE
11 -2.422364 0.02316612
22 -2.305488 0.02178866
g
 11  22 
138 156 
[1] "lnNectarySize"
[1] 14
[1] 17.8015
        mean         SE
11 -2.437397 0.02206753
22 -2.277703 0.02222131
g
 11  22 
145 143 
[1] "lnNectarySize"
[1] 14
[1] 184.413
        mean         SE
11 -2.432384 0.02165795
22 -2.286829 0.02334406
g
 11  22 
158 136 
[1] "lnNectarySize"
[1] 15
[1] 162.0245
        mean         SE
11 -2.334695 0.02065502
22 -2.420258 0.02668997
g
 11  22 
182 109 
