lodindex	lodcolumn	chr	pos	lod	ci_lo	ci_hi	peakCol	loCol	hiCol	11	22	intercept	mu	a
1	CorollaWidth	1	69	2.931533	52.277	83.172	c1.loc69	100013_6996064	100013_4004522	0.303720246	-0.303720246	21.52171159	21.52171159	-0.607440492
1	CorollaWidth	1	205	10.140215	196.4175	231.566	c1.loc205	100014_6248003	100014_8919389	0.553738324	-0.553738324	21.57326458	21.57326458	-1.107476647
1	CorollaWidth	2	49.931	8.753845	38.009	55.9015	100006_5533825	100006_4455316	100006_6052586	0.500992723	-0.500992723	21.53363241	21.53363241	-1.001985446
1	CorollaWidth	3	141	3.097203	84.789	167.9645	c3.loc141	100004_9212752	100021_5862980	0.303016164	-0.303016164	21.5834294	21.5834294	-0.606032328
1	CorollaWidth	4	62.3755	6.171439	46.0925	96.087	100015_9914595	100034_41245	100015_6205121	-0.443960669	0.443960669	21.54346948	21.54346948	0.887921339
1	CorollaWidth	5	167.7815	7.534143	153.3715	176.023	100024_3507820	100024_4552968	100024_2416602	0.481252937	-0.481252937	21.5914421	21.5914421	-0.962505874
1	CorollaWidth	5	201.701	7.23343	196.5505	204.4765	100024_586067	100024_849106	100024_191243	0.474129748	-0.474129748	21.65224142	21.65224142	-0.948259495
1	CorollaWidth	7	192.457	1.944113	112.847	213.957	100001_2098693	100001_11026808	100001_139827	-0.22466509	0.22466509	21.57385543	21.57385543	0.44933018
1	CorollaWidth	8	206.8125	6.093384	178.0505	232.3005	100019_3128027	100019_6228786	100019_1114969	0.420340523	-0.420340523	21.56188227	21.56188227	-0.840681046
1	CorollaWidth	9	145.207	2.564658	103.85	147.6645	100033_908998	100010_1743141	100033_152137	0.282491669	-0.282491669	21.59072181	21.59072181	-0.564983338
1	CorollaWidth	10	177.9935	3.923731	144.6865	182.1695	100023_8472477	100023_5163374	100023_9438676	0.406523277	-0.406523277	21.47071626	21.47071626	-0.813046555
1	CorollaWidth	11	111.0425	3.462357	100.2545	142.55	100007_6990833	100007_5251640	100007_10391511	0.311698349	-0.311698349	21.50212349	21.50212349	-0.623396699
1	CorollaWidth	13	65.978	8.789049	55.066	74.067	100017_6856365	100017_5245284	100017_7312917	-0.505254506	0.505254506	21.56641226	21.56641226	1.010509012
1	CorollaWidth	14	97	2.415352	0	111.1115	c14.loc97	100018_10576116	100005_8265681	-0.299151759	0.299151759	21.60690929	21.60690929	0.598303519
1	CorollaWidth	14	180.5415	1.820395	147.898	185.4795	100005_14572838	100005_11823293	100005_15116716	-0.23221418	0.23221418	21.54973164	21.54973164	0.46442836
1	CorollaWidth	15	7	1.751314	0	162.269	c15.loc7	100002_25015243	100002_252602	-0.25214615	0.25214615	21.47341419	21.47341419	0.504292301
2	CorollaThroat	1	61.731	4.446111	47.5145	80.3005	100013_6332184	100013_7939177	100013_4439669	0.099571382	-0.099571382	6.501591478	6.501591478	-0.199142763
2	CorollaThroat	1	242.2405	9.844063	227.2735	254.236	100014_9785442	100014_8580745	100014_10765249	0.144929965	-0.144929965	6.488858108	6.488858108	-0.289859929
2	CorollaThroat	3	52	2.456232	39.9135	212.4895	c3.loc52	100004_13439493	100021_169205	-0.094883946	0.094883946	6.52901656	6.52901656	0.189767891
2	CorollaThroat	4	224	2.259363	180.8085	227.099	c4.loc224	100080_4626419	100080_9371632	-0.065595055	0.065595055	6.497157993	6.497157993	0.13119011
2	CorollaThroat	5	201.211	2.136158	128.866	204.4765	100024_635832	100024_6400767	100024_191243	0.065217232	-0.065217232	6.502705384	6.502705384	-0.130434464
2	CorollaThroat	6	57	2.89354	11.937	227.2655	c6.loc57	100030_4872795	635_1485256	0.075512585	-0.075512585	6.493738499	6.493738499	-0.15102517
2	CorollaThroat	7	211.835	5.747755	201.704	213.957	100001_352666	100001_1397389	100001_139726	-0.106854514	0.106854514	6.495272465	6.495272465	0.213709028
2	CorollaThroat	8	227.0865	9.752778	212.4055	232.3005	100019_1511273	100019_2627009	100019_1114969	0.146648097	-0.146648097	6.513063786	6.513063786	-0.293296194
2	CorollaThroat	8	241.0185	9.624274	232.3005	241.0995	100019_337864	100019_1114969	100019_199285	0.143979708	-0.143979708	6.519960439	6.519960439	-0.287959416
2	CorollaThroat	9	131.927	6.72557	103.85	147.6645	100033_3393476	100010_1743181	100033_152137	0.118925146	-0.118925146	6.494356937	6.494356937	-0.237850291
2	CorollaThroat	11	190.251	1.761904	43.377	190.251	100007_14323445	100016_6807134	100007_14323445	-0.059370029	0.059370029	6.492747012	6.492747012	0.118740059
2	CorollaThroat	12	148.696	2.11408	134.9235	185.037	100009_9182829	100009_7816452	100009_12328242	0.065098598	-0.065098598	6.499091001	6.499091001	-0.130197196
2	CorollaThroat	13	42.771	6.192714	34.8345	74.067	100017_3996190	100017_3428217	100017_7312917	-0.111934473	0.111934473	6.506297742	6.506297742	0.223868946
2	CorollaThroat	14	2.126	2.149904	0	60.1655	100018_10019459	100018_10576116	100018_4812609	-0.064028972	0.064028972	6.502983017	6.502983017	0.128057944
2	CorollaThroat	15	10.0715	3.010917	0	34.094	100002_23926753	100002_25007123	100002_21846837	-0.088483075	0.088483075	6.498422557	6.498422557	0.176966151
3	CorollaLength	1	207	5.488744	189.9165	231.566	c1.loc207	100014_5650455	100014_8919389	0.361254511	-0.361254511	22.29492835	22.29492835	-0.722509021
3	CorollaLength	4	52	8.974564	36.826	64.3415	c4.loc52	100034_772194	100015_9543408	-0.48355242	0.48355242	22.29697451	22.29697451	0.96710484
3	CorollaLength	4	199.142	3.421336	151.503	220.97	100080_5899023	100080_1989141	100080_8180005	-0.296426905	0.296426905	22.29812024	22.29812024	0.592853809
3	CorollaLength	5	69.7335	7.11869	55.3635	103.139	100012_6576269	100012_5548012	100012_10450418	0.440279135	-0.440279135	22.3684505	22.3684505	-0.880558269
3	CorollaLength	5	169	7.902297	156.1125	176.023	c5.loc169	100024_4113313	100024_2416602	0.474189007	-0.474189007	22.35526563	22.35526563	-0.948378013
3	CorollaLength	6	164.3355	2.381859	0	227.2655	635_5865400	100030_5456192	635_1485256	-0.232196814	0.232196814	22.28413704	22.28413704	0.464393628
3	CorollaLength	7	25.6185	2.138707	0	110.95	100001_27289725	100001_29720559	100001_11469415	0.219387464	-0.219387464	22.2529182	22.2529182	-0.438774928
3	CorollaLength	8	195.216	5.748446	178.0505	215.694	100019_4543013	100019_6228786	100019_2234928	0.371957819	-0.371957819	22.25983356	22.25983356	-0.743915638
3	CorollaLength	9	35	5.64683	26.35	52.792	c9.loc35	100010_10899547	100010_9320735	0.406333289	-0.406333289	22.35088029	22.35088029	-0.812666578
3	CorollaLength	9	145.207	13.851634	139.7295	147.6645	100033_908998	100033_1772288	100033_152137	0.615169043	-0.615169043	22.36368159	22.36368159	-1.230338086
3	CorollaLength	13	42.771	1.866423	0	74.067	100017_3996190	100017_94108	100017_7312917	-0.210173841	0.210173841	22.27663891	22.27663891	0.420347681
3	CorollaLength	14	138.9475	5.712576	129.887	143.2275	100005_11172801	100005_10307586	100005_11477523	0.384908524	-0.384908524	22.24674833	22.24674833	-0.769817047
3	CorollaLength	15	27.217	3.806571	4.03	34.094	100002_22639756	100002_24556225	100002_21846837	-0.401582424	0.401582424	22.14679644	22.14679644	0.803164848
4	OverallCorollaLength	1	207	8.237548	197.6455	224.9825	c1.loc207	100014_6488624	100014_8293413	0.495257442	-0.495257442	26.22073039	26.22073039	-0.990514884
4	OverallCorollaLength	2	50	3.401029	0	56.5555	c2.loc50	100006_130391	100006_6107639	0.317120152	-0.317120152	26.18999708	26.18999708	-0.634240304
4	OverallCorollaLength	3	151.9625	2.418239	88.778	187.352	100004_3019184	100004_8940960	100021_3338632	0.269910084	-0.269910084	26.21568116	26.21568116	-0.539820168
4	OverallCorollaLength	4	52	9.179843	45.273	64.3415	c4.loc52	100034_199724	100015_9543408	-0.539993458	0.539993458	26.22276864	26.22276864	1.079986917
4	OverallCorollaLength	4	199.142	2.874222	145.9415	220.97	100080_5899023	100080_1289715	100080_8180005	-0.300277323	0.300277323	26.23214405	26.23214405	0.600554646
4	OverallCorollaLength	5	98	6.337307	60.782	105.184	c5.loc98	100012_6057751	100012_10770899	0.510699815	-0.510699815	26.32356872	26.32356872	-1.021399629
4	OverallCorollaLength	5	169	11.680557	163.722	176.023	c5.loc169	100024_3686859	100024_2416602	0.646382644	-0.646382644	26.29507656	26.29507656	-1.292765287
4	OverallCorollaLength	5	202	7.90442	196.5505	204.4765	c5.loc202	100024_849051	100024_191243	0.537181755	-0.537181755	26.37497846	26.37497846	-1.07436351
4	OverallCorollaLength	7	25.6185	2.633428	0	89.655	100001_27289725	100001_29720559	100001_21898962	0.271105365	-0.271105365	26.21486171	26.21486171	-0.54221073
4	OverallCorollaLength	8	199.001	5.762885	178.0505	215.694	100019_4021217	100019_6228786	100019_2235007	0.414367301	-0.414367301	26.20216775	26.20216775	-0.828734602
4	OverallCorollaLength	9	28	5.042618	22.7335	46.476	c9.loc28	100010_11022001	100010_9730395	0.419202425	-0.419202425	26.28920012	26.28920012	-0.83840485
4	OverallCorollaLength	9	145.207	12.213113	139.7295	147.6645	100033_901685	100033_1772288	100033_322126	0.646624399	-0.646624399	26.30872537	26.30872537	-1.293248798
4	OverallCorollaLength	13	42.771	3.463942	32.847	74.067	100017_3996190	100017_3183153	100017_7312917	-0.321264057	0.321264057	26.23899043	26.23899043	0.642528113
4	OverallCorollaLength	14	37.4595	1.810615	0	97.224	100018_7436548	100018_10576116	100005_6499643	-0.23236556	0.23236556	26.2876252	26.2876252	0.464731119
4	OverallCorollaLength	14	138.9475	3.590595	127.2185	144.043	100005_11172801	100005_10279674	100005_11527825	0.34111386	-0.34111386	26.18131713	26.18131713	-0.68222772
4	OverallCorollaLength	15	27.217	1.786884	0	143.934	100002_22639756	100002_25103899	100002_1597565	-0.3053877	0.3053877	26.10341532	26.10341532	0.610775399
5	SepalLength	1	70	4.417509	58.4255	138.0135	c1.loc70	100013_6501309	100029_2733046	0.17167945	-0.17167945	10.99216749	10.99216749	-0.343358899
5	SepalLength	1	206	13.015013	196.4175	214.2415	c1.loc206	100014_6247968	100014_7460428	0.289242374	-0.289242374	11.01387452	11.01387452	-0.578484749
5	SepalLength	3	32	1.792415	13.9945	159.926	c3.loc32	100004_15035190	100004_1286600	-0.11493222	0.11493222	10.98946428	10.98946428	0.229864441
5	SepalLength	4	35.924	2.040663	10.419	171.8655	100034_829543	100034_2817599	100080_3918459	-0.104958107	0.104958107	10.9730879	10.9730879	0.209916213
5	SepalLength	5	69.7335	3.060204	0	203.661	100012_6576269	100012_22511	100024_459931	0.130716388	-0.130716388	10.99620446	10.99620446	-0.261432775
5	SepalLength	6	201.194	4.226738	190.9315	227.2655	635_3651577	635_4575013	635_1485256	-0.150891782	0.150891782	10.99046334	10.99046334	0.301783565
5	SepalLength	7	128.1675	3.405859	84.7995	201.4605	100001_8513083	100001_22172436	100001_1458770	-0.139332808	0.139332808	10.98228347	10.98228347	0.278665616
5	SepalLength	9	38.0725	5.129109	26.35	44.761	100010_10417482	100010_10907667	100010_9896484	-0.170560185	0.170560185	10.99830049	10.99830049	0.34112037
5	SepalLength	11	190.251	2.517069	6.241	190.251	100007_14323512	100016_9545615	100007_14323445	-0.119424036	0.119424036	11.01181902	11.01181902	0.238848073
5	SepalLength	12	144.152	5.89055	129.696	156.972	100009_8860871	100009_7596413	100009_9712704	0.184043932	-0.184043932	10.98686486	10.98686486	-0.368087865
5	SepalLength	13	44.3355	1.825943	0	160.99	100017_4055053	100017_94108	100025_174521	-0.099861181	0.099861181	10.98319111	10.98319111	0.199722363
5	SepalLength	14	180.5415	6.645739	159.6695	185.4795	100005_14572838	100005_12958562	100005_15329289	-0.196895085	0.196895085	10.98274322	10.98274322	0.393790171
5	SepalLength	15	0	1.925394	0	129.8885	100002_25015243	100002_25007123	100002_3149064	-0.111532164	0.111532164	10.97913203	10.97913203	0.223064327
6	LongestStamenLength	1	6.171	2.559498	0	22.852	100013_11706417	100013_12746748	100013_10235361	-0.182993173	0.182993173	15.84203033	15.84203033	0.365986346
6	LongestStamenLength	1	229.008	6.873327	202.955	237.407	100014_8654243	100014_6820336	100014_9355203	0.283192074	-0.283192074	15.83943518	15.83943518	-0.566384148
6	LongestStamenLength	2	30.8095	3.275676	2.616	56.5555	100006_3646177	100006_992457	100006_6107639	0.19056048	-0.19056048	15.8594489	15.8594489	-0.38112096
6	LongestStamenLength	3	151.9625	1.846581	18.429	202.459	100004_3019184	100004_14622823	100021_1646298	0.148460127	-0.148460127	15.80281596	15.80281596	-0.296920254
6	LongestStamenLength	4	46.0925	13.933133	36.826	64.3415	100034_41245	100034_772194	100015_9543408	-0.421824328	0.421824328	15.87514285	15.87514285	0.843648656
6	LongestStamenLength	4	183.761	3.251964	151.503	218.1885	100080_4785175	100080_1989141	100080_7999789	-0.207802104	0.207802104	15.89073543	15.89073543	0.415604208
6	LongestStamenLength	5	89.571	3.435663	59.7155	102.318	100012_8734126	100012_5871296	100012_10290753	0.210538033	-0.210538033	15.87281954	15.87281954	-0.421076067
6	LongestStamenLength	5	167.7815	5.405028	163.722	176.023	100024_3437336	100024_3686681	100024_2416602	0.255302928	-0.255302928	15.86817926	15.86817926	-0.510605856
6	LongestStamenLength	7	43	2.906178	0	211.347	c7.loc43	100001_29720559	100001_452723	0.185484423	-0.185484423	15.85331014	15.85331014	-0.370968847
6	LongestStamenLength	8	201.2425	5.003138	178.0505	218.3195	100019_3684730	100019_6228786	100019_2039588	0.244489151	-0.244489151	15.85165447	15.85165447	-0.488978302
6	LongestStamenLength	9	145.207	7.196786	135.47	147.6645	100033_908998	100033_2596942	100033_152137	0.303697645	-0.303697645	15.8756168	15.8756168	-0.60739529
6	LongestStamenLength	11	27	5.76203	18.526	38.431	c11.loc27	100016_8645788	100016_7127394	0.286590291	-0.286590291	15.90932873	15.90932873	-0.573180581
6	LongestStamenLength	13	58.3455	4.062428	19.7815	74.067	100017_5685438	100017_2407647	100017_7312917	-0.22188358	0.22188358	15.84743087	15.84743087	0.443767159
6	LongestStamenLength	13	142.9585	3.885541	132.6865	158.78	100025_1924974	100025_2474443	100025_767368	-0.21513165	0.21513165	15.79355676	15.79355676	0.4302633
6	LongestStamenLength	14	141.24	6.878702	134.177	145.276	100005_11311246	100005_10716593	100005_11691599	0.294560863	-0.294560863	15.83966883	15.83966883	-0.589121725
7	PistilLength	1	224.249	8.957204	201.805	244.152	100014_8228316	100014_6744626	100014_9958794	0.317928831	-0.317928831	13.85255833	13.85255833	-0.635857662
7	PistilLength	2	112.3145	4.873913	56.5555	130.71	100006_11594807	100006_6107639	100027_7153712	-0.236650502	0.236650502	13.86084843	13.86084843	0.473301005
7	PistilLength	3	64.0185	3.234325	26.7175	78.8795	100004_11232994	100004_14049035	100004_9933047	-0.21873225	0.21873225	13.82694546	13.82694546	0.4374645
7	PistilLength	4	52	20.080269	48.6605	57.7715	c4.loc52	100015_11515527	100015_10411833	-0.512662319	0.512662319	13.86114647	13.86114647	1.025324638
7	PistilLength	4	61	19.776475	57.7715	69.3825	c4.loc61	100015_10411833	100015_9005908	-0.526597158	0.526597158	13.85195279	13.85195279	1.053194316
7	PistilLength	4	182.9425	2.8457	171.8655	224.7925	100080_4769569	100080_3918459	100080_8434277	-0.197618668	0.197618668	13.90567277	13.90567277	0.395237336
7	PistilLength	5	167.7815	9.487924	163.722	176.023	100024_3507820	100024_3686802	100024_2416602	0.335985023	-0.335985023	13.82558989	13.82558989	-0.671970045
7	PistilLength	5	201.701	6.624499	196.5505	204.4765	100024_585952	100024_849106	100024_191243	0.285202072	-0.285202072	13.86806366	13.86806366	-0.570404144
7	PistilLength	7	0	3.134612	0	23.5625	100001_29720559	100001_29720559	100001_27458850	0.195319459	-0.195319459	13.9018015	13.9018015	-0.390638917
7	PistilLength	7	192.457	5.401624	184.371	198.645	100001_2096658	100001_2585892	100001_1747236	-0.242535128	0.242535128	13.90320313	13.90320313	0.485070256
7	PistilLength	8	30.5875	2.583274	23.2775	91.61	100003_16625940	100003_17220160	100003_10707402	-0.177698333	0.177698333	13.84068242	13.84068242	0.355396666
7	PistilLength	8	215	6.887641	178.0505	223.1235	c8.loc215	100019_6228786	100019_1708083	0.285711625	-0.285711625	13.89705162	13.89705162	-0.571423251
7	PistilLength	9	12.701	14.076313	9.6035	31.76	100010_11985050	100010_12107464	100010_10721189	0.424409024	-0.424409024	13.84857724	13.84857724	-0.848818047
7	PistilLength	9	145.207	4.347136	132.4975	147.6645	100033_908998	100033_3219147	100033_322126	0.251380025	-0.251380025	13.91376651	13.91376651	-0.502760051
7	PistilLength	10	58.9175	5.117359	42.8065	65.726	100008_8345728	100008_7048096	100008_8935154	0.258779948	-0.258779948	13.90035847	13.90035847	-0.517559897
7	PistilLength	11	81.501	1.865352	6.241	153.392	100007_3453768	100016_9545615	100007_11023631	-0.145873391	0.145873391	13.78710808	13.78710808	0.291746782
7	PistilLength	13	46.0535	5.342284	39.3265	74.067	100017_4184803	100017_3849412	100017_7312917	-0.25421224	0.25421224	13.87928723	13.87928723	0.508424481
7	PistilLength	13	142.9585	8.335773	132.6865	158.78	100025_1926283	100025_2474443	100025_786217	-0.310918275	0.310918275	13.78909333	13.78909333	0.62183655
7	PistilLength	14	96	2.209339	65.4305	183.012	c14.loc96	100018_4224964	100005_14746332	-0.179090894	0.179090894	13.86945793	13.86945793	0.358181788
7	PistilLength	15	10	2.85403	0	34.094	c15.loc10	100002_25015240	100002_21846837	-0.205654498	0.205654498	13.8138845	13.8138845	0.411308995
8	SeedMass	1	193.618	2.269288	150.6485	265.98	100014_6049987	100049_704741	100014_11667901	0.000760165	-0.000760165	0.028707963	0.028707963	-0.001520331
8	SeedMass	2	92.3455	1.778056	35.801	194.6195	100006_9005491	100006_4347274	100027_1374734	-0.000671903	0.000671903	0.028713947	0.028713947	0.001343805
8	SeedMass	12	133.2835	2.835046	100.523	156.972	100009_7717774	100009_5234402	100009_9712704	0.000862522	-0.000862522	0.028616553	0.028616553	-0.001725045
8	SeedMass	13	65	1.881849	15.324	160.99	c13.loc65	100017_1925650	100025_174521	-0.000702107	0.000702107	0.02869802	0.02869802	0.001404214
9	SeedLength	1	260.3905	2.402093	1.628	268.514	100014_11158729	100013_12128971	100014_12012021	0.057590024	-0.057590024	4.436902073	4.436902073	-0.115180047
9	SeedLength	2	92.3455	3.196395	13.49	107.2625	100006_9005491	100006_2379951	100006_10885757	-0.066315553	0.066315553	4.443228293	4.443228293	0.132631106
9	SeedLength	4	218.1885	2.299019	0	227.099	100080_7999789	100034_3996198	100080_9371632	-0.056458079	0.056458079	4.431369904	4.431369904	0.112916157
9	SeedLength	6	232.18	1.785002	0	237.017	635_962208	100030_5456192	635_69930	-0.050497497	0.050497497	4.439321351	4.439321351	0.100994994
9	SeedLength	11	16.483	2.599628	0.6515	115.595	100016_8869765	100016_10595196	100007_7678915	0.063117663	-0.063117663	4.449791927	4.449791927	-0.126235327
9	SeedLength	12	116	3.302696	100.523	141.3395	c12.loc116	100009_5234402	100009_8480382	0.069275898	-0.069275898	4.437025589	4.437025589	-0.138551797
9	SeedLength	13	24.9815	5.34003	15.324	74.067	100017_2731145	100017_1925663	100017_7312917	-0.087086996	0.087086996	4.442246914	4.442246914	0.174173992
9	SeedLength	14	182	3.104524	163.464	185.4795	c14.loc182	100005_13206883	100005_15329289	-0.066500114	0.066500114	4.442273496	4.442273496	0.133000228
10	SeedWidth	1	193.618	3.569231	150.2405	238.392	100014_6049987	100049_670569	100014_9425304	0.057352186	-0.057352186	4.024646368	4.024646368	-0.114704371
10	SeedWidth	3	4.509	1.874085	0	62.214	100004_15823859	100004_16626523	100004_11412548	-0.043602682	0.043602682	4.035371225	4.035371225	0.087205365
10	SeedWidth	4	183.761	1.970353	90.433	218.1885	100080_4785175	100015_6917495	100080_7999789	-0.042780009	0.042780009	4.022347851	4.022347851	0.085560019
10	SeedWidth	12	119	3.047802	100.523	148.696	c12.loc119	100009_5234402	100009_9182534	0.054907287	-0.054907287	4.019121911	4.019121911	-0.109814574
11	NectarVolume	1	191.904	2.293941	10.6385	212.0845	100014_5676957	100013_11331470	100014_7276238	0.090212716	-0.090212716	1.524781202	1.524781202	-0.180425432
11	NectarVolume	3	196.4575	2.631956	49.2175	212.4895	100021_2343117	100004_12762299	100021_169174	0.099047383	-0.099047383	1.504139111	1.504139111	-0.198094766
11	NectarVolume	4	154.002	3.656793	121.5925	171.8655	100080_2214687	100015_2662370	100080_3918459	-0.114799204	0.114799204	1.527167399	1.527167399	0.229598407
11	NectarVolume	5	26	3.229344	2.3735	69.7335	c5.loc26	100012_783376	100012_6576269	0.110501678	-0.110501678	1.527524326	1.527524326	-0.221003356
11	NectarVolume	7	205.7085	2.337015	24.0515	213.957	100001_1134102	100001_27414362	100001_139864	-0.092421328	0.092421328	1.520197356	1.520197356	0.184842656
11	NectarVolume	8	216.4295	2.075774	0	241.0995	100019_2173776	100003_20031345	100019_199607	0.088454439	-0.088454439	1.529976625	1.529976625	-0.176908879
11	NectarVolume	10	2.124	2.64068	0	27.415	100008_2116854	100008_282291	100008_5825515	0.100020872	-0.100020872	1.527421284	1.527421284	-0.200041744
11	NectarVolume	13	69	3.807356	25.0625	85.278	c13.loc69	100017_2731214	100017_8385603	-0.124679447	0.124679447	1.532516669	1.532516669	0.249358894
11	NectarVolume	13	142.9585	3.426826	107.6085	151.019	100025_1924974	100025_4203750	100025_1236052	-0.113155018	0.113155018	1.510892035	1.510892035	0.226310037
12	SugarConcentration	4	197	6.595214	180.8085	218.1885	c4.loc197	100080_4626419	100080_7999789	-9.075731085	9.075731085	310.6913115	310.6913115	18.15146217
12	SugarConcentration	5	23.6985	2.201672	4.0915	66.2895	100012_2720736	100012_1143067	100012_6373742	5.178233995	-5.178233995	310.9916426	310.9916426	-10.35646799
12	SugarConcentration	7	84.7995	2.890754	24.0515	105.2735	100001_22172436	100001_27414303	100001_11990587	6.053333655	-6.053333655	311.2123347	311.2123347	-12.10666731
12	SugarConcentration	8	31.3235	2.486823	0	241.0995	100003_16544157	100003_20031345	100019_199607	-5.501813989	5.501813989	310.8230658	310.8230658	11.00362798
12	SugarConcentration	9	68.0645	4.118054	57.908	78.6575	100010_8147381	100010_8904473	100010_7458411	7.036108089	-7.036108089	311.0950443	311.0950443	-14.07221618
12	SugarConcentration	9	136.3695	4.801412	132.4975	146.9315	100033_2493772	100033_3219147	100033_563149	7.811008819	-7.811008819	310.813047	310.813047	-15.62201764
12	SugarConcentration	10	77.4425	2.653526	40.138	100.9855	100008_11369627	100008_6843789	100028_7040975	6.042114326	-6.042114326	310.6496486	310.6496486	-12.08422865
12	SugarConcentration	11	25.8895	5.72575	18.526	45.788	100016_8316186	100016_8645596	100016_6627662	9.051628741	-9.051628741	312.9220008	312.9220008	-18.10325748
12	SugarConcentration	12	84	1.745876	0	196.016	c12.loc84	100031_4066063	100009_14057535	4.94928141	-4.94928141	311.2780013	311.2780013	-9.898562819
12	SugarConcentration	13	6	2.271226	0	151.9985	c13.loc6	100017_164311	100025_1167045	-5.268886459	5.268886459	311.3030184	311.3030184	10.53777292
12	SugarConcentration	14	163	2.363912	138.9475	185.4795	c14.loc163	100005_11172801	100005_15329289	-5.498339853	5.498339853	311.3695364	311.3695364	10.99667971
12	SugarConcentration	15	60.1785	3.267661	56.2105	74.6195	100002_17673179	100002_18010398	100002_16486550	-8.576693904	8.576693904	308.1741924	308.1741924	17.15338781
13	NectarySize	1	70.901	2.633468	52.277	142.6955	100013_5396298	100013_6996064	100094_1134919	0.004289393	-0.004289393	0.102715677	0.102715677	-0.008578786
13	NectarySize	1	204	4.030496	181.6895	241.0965	c1.loc204	100014_4636568	100014_9684882	0.005377947	-0.005377947	0.103015709	0.103015709	-0.010755895
13	NectarySize	3	51	6.986244	45.6875	55.911	c3.loc51	100004_13171739	100004_11913692	-0.009842833	0.009842833	0.105986155	0.105986155	0.019685665
13	NectarySize	4	186	6.532344	171.8655	196.253	c4.loc186	100080_3918459	100080_5722856	-0.006980083	0.006980083	0.103098315	0.103098315	0.013960167
13	NectarySize	5	52.4275	5.665011	45.308	66.2895	100012_4850617	100012_4303972	100012_6373742	0.006164391	-0.006164391	0.103233456	0.103233456	-0.012328782
13	NectarySize	6	159	3.117219	128.4285	190.3605	c6.loc159	635_9197028	635_4597070	0.004482539	-0.004482539	0.10300817	0.10300817	-0.008965078
13	NectarySize	7	205.627	3.606387	196.25	213.957	100001_1134351	100001_1918910	100001_139674	-0.004935633	0.004935633	0.10280808	0.10280808	0.009871265
13	NectarySize	8	30.5875	6.007034	27.4625	51.358	100003_16625759	100003_16937423	100003_14655042	-0.006703138	0.006703138	0.102766045	0.102766045	0.013406275
13	NectarySize	8	227.0865	3.190246	205.669	241.0995	100019_1511273	100019_3311427	100019_199285	0.00502042	-0.00502042	0.104278896	0.104278896	-0.010040839
13	NectarySize	11	158.611	2.438949	18.526	187.886	100007_11712656	100016_8645802	100007_13530539	0.004248306	-0.004248306	0.102663921	0.102663921	-0.008496612
13	NectarySize	12	172.178	2.457566	141.584	193.7315	100009_11433091	100009_8508587	100009_13370270	0.004140589	-0.004140589	0.10302109	0.10302109	-0.008281178
13	NectarySize	13	24.9815	7.947556	10.7365	32.847	100017_2731156	100017_1492715	100017_3183153	-0.007838363	0.007838363	0.103644566	0.103644566	0.015676725
13	NectarySize	13	58.3455	8.107684	34.8345	77.65	100017_5665935	100017_3428088	100017_7674458	-0.007924997	0.007924997	0.102608304	0.102608304	0.015849995
13	NectarySize	13	142	5.616595	107.6085	146.6415	c13.loc142	100025_4203750	100025_1460359	-0.006625224	0.006625224	0.10100123	0.10100123	0.013250448
13	NectarySize	14	18	7.583916	6.173	32.1965	c14.loc18	100018_9648883	100018_7548594	-0.007609319	0.007609319	0.101691107	0.101691107	0.015218638
13	NectarySize	14	184	6.311883	153.596	185.4795	c14.loc184	100005_12347660	100005_15329289	-0.00715126	0.00715126	0.102396521	0.102396521	0.014302519
13	NectarySize	15	162.0245	1.885125	27.787	162.269	100002_280364	100002_22539573	100002_277033	0.003734537	-0.003734537	0.104340382	0.104340382	-0.007469075
14	sqrtNectarVol	3	196.4575	2.490744	49.2175	212.4895	100021_2343117	100004_12554202	100021_169174	0.041705788	-0.041705788	1.180990398	1.180990398	-0.083411577
14	sqrtNectarVol	4	154.002	3.608003	109.647	171.8655	100080_2214687	100015_4466961	100080_3918459	-0.049611326	0.049611326	1.190215159	1.190215159	0.099222652
14	sqrtNectarVol	5	27	2.675314	2.3735	74.937	c5.loc27	100012_783376	100012_6932159	0.043417833	-0.043417833	1.189716198	1.189716198	-0.086835665
14	sqrtNectarVol	7	211.347	2.029563	0	213.957	100001_452723	100001_29720559	100001_139827	-0.037178146	0.037178146	1.188992764	1.188992764	0.074356292
14	sqrtNectarVol	8	115.168	1.776815	0	241.0995	100003_8053158	100003_20031369	100019_199626	0.035464064	-0.035464064	1.191619971	1.191619971	-0.070928127
14	sqrtNectarVol	10	2.124	2.159153	0	81.3345	100008_2095192	100008_178534	100008_12023417	0.039153319	-0.039153319	1.188850035	1.188850035	-0.078306639
14	sqrtNectarVol	13	69	3.646841	21.58	85.278	c13.loc69	100017_2638850	100017_8385603	-0.052914413	0.052914413	1.192553079	1.192553079	0.105828827
14	sqrtNectarVol	13	142.9585	3.385132	104.9745	151.019	100025_1924974	100025_4499806	100025_1236052	-0.048737778	0.048737778	1.183832445	1.183832445	0.097475557
15	lnNectarySize	1	70.901	3.167863	55.5165	117.9975	100013_5396298	100013_6742485	100013_343637	0.046680074	-0.046680074	-2.360117715	-2.360117715	-0.093360149
15	lnNectarySize	1	205	4.046884	182.839	229.008	c1.loc205	100014_4669824	100014_8654243	0.053854258	-0.053854258	-2.357885626	-2.357885626	-0.107708516
15	lnNectarySize	3	52	5.76507	45.6875	55.911	c3.loc52	100004_13162536	100004_11913591	-0.086156804	0.086156804	-2.330932672	-2.330932672	0.172313609
15	lnNectarySize	4	186	6.989102	171.8655	196.253	c4.loc186	100080_3918459	100080_5722856	-0.071783099	0.071783099	-2.35445599	-2.35445599	0.143566197
15	lnNectarySize	5	52.4275	4.988297	45.308	87.199	100012_4826937	100012_4303972	100012_8511699	0.05720948	-0.05720948	-2.353598811	-2.353598811	-0.11441896
15	lnNectarySize	6	159	2.610287	128.4285	198.3965	c6.loc159	635_9197028	635_3923367	0.040511306	-0.040511306	-2.356194837	-2.356194837	-0.081022613
15	lnNectarySize	7	205.7085	3.268425	192.457	213.957	100001_1134102	100001_2098693	100001_139864	-0.046446926	0.046446926	-2.35894994	-2.35894994	0.092893851
15	lnNectarySize	8	30.5875	4.781151	26.313	47.3895	100003_16625759	100003_17094186	100003_15164703	-0.059246695	0.059246695	-2.358246103	-2.358246103	0.11849339
15	lnNectarySize	8	216.9195	3.469101	205.669	241.0995	100019_2131137	100019_3311427	100019_199607	0.050560756	-0.050560756	-2.344558007	-2.344558007	-0.101121513
15	lnNectarySize	11	136.3885	2.32145	18.526	188.946	100007_9800192	100016_8645596	100007_13789578	0.041602955	-0.041602955	-2.367395603	-2.367395603	-0.083205909
15	lnNectarySize	12	172.178	2.629034	141.584	190.6255	100009_11433091	100009_8508587	100009_12882004	0.04260441	-0.04260441	-2.356215899	-2.356215899	-0.085208821
15	lnNectarySize	13	26	6.91527	20.3535	77.65	c13.loc26	100017_2491764	100017_7674452	-0.071351195	0.071351195	-2.349997859	-2.349997859	0.142702389
15	lnNectarySize	13	142.9585	4.420901	104.9745	149.7895	100025_1926283	100025_4499806	100025_1289497	-0.056987322	0.056987322	-2.374146924	-2.374146924	0.113974644
15	lnNectarySize	14	17.8015	7.217266	0	32.1965	100018_8700248	100018_10576116	100018_7548594	-0.072855233	0.072855233	-2.365646188	-2.365646188	0.145710466
15	lnNectarySize	14	184.413	5.43341	153.5145	185.4795	100005_14947020	100005_12336456	100005_15329289	-0.065059199	0.065059199	-2.359137662	-2.359137662	0.130118399
15	lnNectarySize	15	162.0245	2.137934	56.2105	162.269	100002_280364	100002_18010398	100002_252602	0.03943429	-0.03943429	-2.344290644	-2.344290644	-0.07886858