Sp	Line	Ind	NectarVolume	SugarConcentation	TotalSugAmt	NectarySize
CL5	1	1360	1.622708333	320.9370922	538.2177841	0.118372912
CL5	1	280	1.223958333	312.5756666	385.4945203	0.084372858
CL5	7	660	0.970416667	316.5440849	304.7649468	0.047476381
CL5	7	875	1.085625	277.3185365	307.2538341	0.052762154
CL5	8	590	1.595625	313.421384	500.0217743	0.076981097
CL5	8	987	1.279583333	299.1464047	390.2088046	0.064639039
CL5	9	1012	1.598333333	344.5642826	545.2276923	0.105163944
CL5	9	827	0.99875	340.2973648	339.8440949	0.053669677
CL5	11	525	2.392708333	337.905913	831.9022994	0.100433951
CL5	11	805	1.8825	310.7162175	598.4767685	0.093831387
CL5	12	1148	2.615208333	288.2462471	741.3103939	0.106498865
CL5	12	231	1.214791667	291.8527002	353.692853	0.067267242
CL5	13	140	1.808125	310.2234499	570.8003624	0.079106115
CL5	13	911	1.422083333	360.9692465	513.7656851	0.095020187
CL5	15	1274	2.525625	320.5366949	805.0088376	0.129329558
CL5	15	785	1.509583333	287.4963479	430.973807	0.125416945
CL5	18	1398	2.764791667	372.6692161	1051.239282	0.225349686
CL5	18	1401	1.939791667	358.3697981	694.3981068	0.228730324
CL5	19	722	1.181875	305.719458	360.1481071	0.091591368
CL5	19	890	1.596458333	291.761314	465.9345266	0.074895726
CL5	21	474	1.863541667	337.9626782	649.3940941	0.08622267
CL5	21	550	1.462083333	335.1879011	488.3840591	0.103437809
CL5	24	110	2.419375	325.0083321	791.9316747	0.107925274
CL5	24	716	2.963958333	350.2740371	1035.704649	0.133090822
CL5	27	1015	1.84	341.8012361	631.6477175	0.107973928
CL5	27	1172	2.279166667	311.6267322	720.7828361	0.100079229
CL5	29	643	0.734166667	315.7039406	235.9848195	0.135489159
CL5	29	692	1.34	325.8989836	450.3322823	0.124144103
CL5	30	1229	2.910416667	336.6596365	985.1907782	0.120660913
CL5	30	19	1.864375	286.41823	535.2158736	0.092160528
CL5	33	829	2.078125	313.1399559	671.9285667	0.116940268
CL5	33	884	2.320625	348.9529617	811.6173299	0.128777222
CL5	36	682	1.567083333	264.2114692	471.2805217	0.095898645
CL5	36	932	0.449583333	176.5101816	119.4816913	0.066556711
CL5	38	1337	2.57625	350.0165146	911.1393321	0.171766897
CL5	38	691	2.310625	349.6201053	823.496628	0.150652655
CL5	40	1200	1.97375	302.0036444	607.751725	0.133195439
CL5	40	774	1.422083333	321.3041948	485.6045419	0.102454076
CL5	41	130	0.095625	327.4369713	29.99950467	0.058621196
CL5	41	872	1.3275	283.9060463	377.7030078	0.060727704
CL5	42	263	2.11875	353.1228406	743.3058557	0.124819407
CL5	42	57	1.859791667	313.309645	579.6323176	0.111924663
CL5	44	366	1.921458333	358.0558253	687.1789249	0.128879427
CL5	44	824	1.694791667	366.637918	621.6827345	0.114785341
CL5	45	338	1.509791667	313.6074017	473.383681	0.073254102
CL5	45	393	1.01875	368.3603766	348.7414472	0.056790971
CL5	46	1032	1.26625	341.8345902	455.3514345	0.143692156
CL5	46	655	0.413958333	298.9109489	128.6090977	0.086230979
CL5	48	56	1.054791667	277.0033931	291.5802099	0.095630753
CL5	48	9	1.108125	326.2434028	372.7764951	0.111979579
CL5	49	112	2.040416667	375.9955991	786.3542169	0.12140664
CL5	50	199	1.93	344.3930417	668.5761657	0.126082382
CL5	50	521	1.094791667	303.5380067	333.0115262	0.089299944
CL5	52	1405	1.160833333	345.4056297	419.6747983	0.095284959
CL5	52	1408	1.082708333	366.3176278	392.6776876	0.08735059
CL5	53	1021	2.67375	353.0559823	953.8599144	0.150616586
CL5	53	538	1.486875	340.7510689	501.1626703	0.113283129
CL5	55	592	1.667083333	355.3586601	585.5724192	0.114534429
CL5	55	996	2.061041667	316.1954606	652.0201875	0.096892462
CL5	56	646	0.654791667	300.3064566	197.4835644	0.0761535
CL5	56	847	1.648333333	329.1627534	542.6145413	0.120434433
CL5	58	1004	1.127083333	317.1546992	357.6002038	0.110886432
CL5	58	694	1.210416667	321.6350306	386.2631574	0.146600681
CL5	59	355	1.776458333	334.3504337	599.6879047	0.097029926
CL5	59	864	1.98875	332.0550042	669.0488048	0.069368593
CL5	62	1111	2.80125	309.3896984	875.2544311	0.10588329
CL5	62	463	1.773958333	344.1933789	608.8306842	0.122730936
CL5	63	1322	1.495833333	331.8969526	506.5724619	0.080874296
CL5	63	698	0.925833333	263.5548965	247.7139069	0.058826661
CL5	64	457	1.684791667	351.9607071	601.4295109	0.200118081
CL5	64	468	1.472708333	331.8148199	491.3363613	0.120390618
CL5	69	1243	2.492708333	335.2225317	837.5651687	0.10649429
CL5	69	873	1.454583333	296.2629066	432.880319	0.099118809
CL5	70	1069	2.14	390.4342505	831.4401152	0.131564035
CL5	70	155	1.340208333	382.5263751	512.9523826	0.110796604
CL5	71	233	1.273541667	309.2083374	407.7205471	0.093931069
CL5	71	489	1.202708333	282.3285609	371.5682131	0.156235294
CL5	72	1112	1.190208333	320.7631508	391.6941394	0.052080388
CL5	72	954	1.53875	315.2770461	495.039066	0.105497096
CL5	74	362	2.403541667	366.6735795	879.4859156	0.175933066
CL5	74	657	2.01625	365.8195237	740.6640791	0.189824665
CL5	76	1282	1.421041667	332.7186222	466.3233339	0.103039327
CL5	76	372	1.57	328.9358241	516.2714891	0.140655435
CL5	80	1286	0.58625	265.6743568	160.798177	0.063143523
CL5	80	131	0.141666667	258.2083638	35.79912904	0.063249627
CL5	83	1050	0.994166667	323.7515691	316.29707	0.067781171
CL5	83	751	1.07375	282.8791453	309.020256	0.062701439
CL5	84	1063	1.780208333	350.5433947	569.3629473	0.108350645
CL5	84	1087	2.019583333	326.2470487	655.4891316	0.123721232
CL5	86	1113	2.799166667	336.655797	939.4032062	0.104190019
CL5	86	831	2.26875	270.6213484	615.6484021	0.104714805
CL5	88	1358	1.5025	292.846782	437.0273289	0.098660793
CL5	88	858	1.063958333	323.7781242	340.4766083	0.082513654
CL5	91	1222	0.711875	246.7464908	176.2977877	0.070759134
CL5	91	1325	2.367083333	345.4641747	824.9506272	0.089695471
CL5	92	1056	2.440833333	374.984114	918.8197162	0.117754033
CL5	92	686	1.512916667	323.8860223	487.7592097	0.10477585
CL5	94	1213	1.33875	306.3189652	410.8485287	0.09796262
CL5	94	1221	0.52	272.5145055	142.7656686	0.052809985
CL5	95	1147	3.0775	359.3842054	1111.058896	0.137556207
CL5	95	797	2.8409375	314.8871979	894.8301033	0.136387711
CL5	99	60	2.083958333	367.6676641	761.4593294	0.10387508
CL5	99	647	1.449166667	315.1386372	460.0378227	0.101367534
CL5	104	1389	2.046875	342.2351515	697.0477227	0.08925649
CL5	104	649	1.464166667	294.5375284	425.3727763	0.091356233
CL5	105	1057	1.14	327.2298751	378.694811	0.081090987
CL5	105	495	1.161041667	321.4390084	367.4576247	0.090450775
CL5	106	269	0.349166667	241.6934319	74.5599617	0.078515623
CL5	108	54	1.354375	283.0814958	379.5180689	0.070676431
CL5	108	907	1.152708333	284.5664911	354.0513466	0.060152928
CL5	109	1151	1.435833333	308.1189035	437.1533472	0.06727165
CL5	109	1164	1.231458333	273.0100536	353.8704695	0.111740501
CL5	112	1335	1.594375	307.0248847	529.899558	0.072326334
CL5	112	82	1.763333333	316.3739496	551.3889279	0.102880361
CL5	115	1333	1.83125	264.1730851	482.8660114	0.086902841
CL5	115	885	0.344375	278.2437893	100.1849485	0.04342189
CL5	118	1182	1.1075	262.5491891	300.5448276	0.079222814
CL5	118	702	0.666041667	300.0301563	193.3891741	0.053614338
CL5	120	1290	1.340833333	269.5460616	363.4159214	0.123994965
CL5	120	688	1.117916667	289.7713496	328.2380347	0.116232215
CL5	121	1093	0.96375	296.3739303	276.2715878	0.045174747
CL5	121	297	0.7475	264.3217132	195.6665048	0.052639444
CL5	122	1094	1.395208333	268.1031603	375.3839328	0.099380097
CL5	122	1252	0.468333333	225.8778245	107.5682258	0.072338152
CL5	124	236	0.934375	336.1385372	304.8770801	0.093102626
CL5	124	599	1.888125	298.6647057	562.7438005	0.093785713
CL5	125	1180	1.063958333	274.4440992	291.6135063	0.070585137
CL5	125	844	0.820833333	249.216905	206.5379055	0.059036112
CL5	126	369	1.28875	333.5581763	415.8134244	0.069369229
CL5	126	625	1.201666667	283.535425	341.6317224	0.11134167
CL5	128	1123	1.994166667	296.0729663	580.1117287	0.125730611
CL5	128	559	1.865833333	318.0956497	592.2870333	0.120712277
CL5	130	598	1.537291667	303.8093059	499.0723906	0.207790478
CL5	130	966	1.734166667	306.8118206	563.1461643	0.144621821
CL5	132	1011	1.02125	289.9004919	288.9223504	0.082015089
CL5	132	103	1.445416667	274.6411997	413.4425325	0.070617331
CL5	133	1306	1.881041667	328.4282081	621.9510871	0.091903837
CL5	133	656	0.585625	269.6732362	160.9465519	0.057639894
CL5	134	1028	1.650625	349.1416489	570.8054516	0.119667079
CL5	134	653	1.762291667	302.3916466	533.5731597	0.133036143
CL5	135	830	0.979166667	305.5712228	302.264924	0.099728693
CL5	135	968	2.614791667	288.3227896	746.0238418	0.095382298
CL5	136	546	1.621041667	269.3255322	442.8070072	0.095101219
CL5	136	626	0.766666667	245.5366807	192.1393044	0.067613204
CL5	137	26	1.231666667	266.2274656	315.5205369	0.085197193
CL5	137	992	1.505416667	260.3769582	391.7695584	0.087633125
CL5	138	104	1.137083333	261.9370026	309.919858	0.06593406
CL5	138	191	1.639583333	285.1620785	519.2860341	0.084569112
CL5	139	32	1.552083333	295.4536551	460.527175	0.077239323
CL5	139	740	0.970625	302.346122	294.9740997	0.123548894
CL5	141	1311	2.241875	299.397785	676.9726275	0.137715182
CL5	141	815	0.932916667	352.5239471	314.060579	0.098528173
CL5	142	346	1.469791667	332.1538996	485.5468264	0.095236957
CL5	143	120	1.735833333	278.2790151	518.2242615	0.095761157
CL5	143	552	2.103333333	327.1470126	689.8725884	0.082526734
CL5	144	1102	1.252708333	277.09779	366.0757595	0.051941212
CL5	144	928	0.688958333	256.6939048	183.436332	0.066671928
CL5	145	298	1.039791667	341.3576864	355.4627397	0.140287623
CL5	145	313	1.779375	362.8292016	639.9778189	0.120070328
CL5	146	1241	2.307291667	344.0071303	799.385432	0.103860509
CL5	146	973	1.519375	329.7984652	530.3504038	0.080277198
CL5	147	1019	2.946041667	330.7176921	977.0004503	0.121206963
CL5	147	1114	2.014791667	316.7341247	632.997926	0.085603419
CL5	148	1082	1.63875	310.7056839	518.644263	0.099868329
CL5	148	595	1.973541667	285.1026263	582.4879518	0.0982588
CL5	149	499	1.72375	280.5117889	488.6891386	0.091302367
CL5	149	533	1.777083333	309.3720964	563.5498791	0.115271629
CL5	150	1206	0.5675	235.3401012	142.6303841	0.088690838
CL5	150	518	1.115	273.2136428	322.2123913	0.124398072
CL5	151	1277	1.96375	303.269953	624.9013087	0.083840864
CL5	151	188	1.400416667	320.7083399	449.156203	0.085631288
CL5	152	152	0.460208333	271.398015	134.8969064	0.062803168
CL5	152	729	2.398958333	342.6007154	836.7472386	0.115346883
CL5	153	1174	1.974375	323.1501094	635.4038707	0.103280183
CL5	153	1284	2.031041667	316.7466551	643.4895512	0.116136793
CL5	155	126	1.64875	352.2392376	581.121486	0.132437246
CL5	155	424	1.632916667	326.9562911	522.2528104	0.121336568
CL5	156	578	0.830208333	258.5009972	214.7381586	0.067934335
CL5	156	609	1.052916667	366.8038888	392.0490236	0.097830217
CL5	157	1045	0.946458333	377.8062116	351.6453173	0.120046792
CL5	157	361	0.551666667	364.337148	198.4527071	0.076001012
CL5	158	333	1.001041667	266.448196	261.9527589	0.064730213
CL5	158	558	1.417708333	306.0933766	450.7353082	0.098346394
CL5	160	480	0.819583333	286.5933212	234.0627805	0.063895215
CL5	160	901	1.820833333	274.0781122	503.3295345	0.106687549
CL5	161	1118	2.600625	316.516496	829.3221679	0.16457376
CL5	161	1316	2.849375	315.3394394	905.9461782	0.124794488
CL5	162	1128	2.26	346.4968693	783.8185696	0.103659877
CL5	162	793	0.423541667	310.1522158	134.6210917	0.109348002
CL5	165	1203	0.820416667	282.1125223	230.5590495	0.075074893
CL5	166	1338	1.919375	308.2406037	591.7139427	0.1017431
CL5	166	1380	2.659166667	329.9930518	880.5233447	0.116287858
CL5	172	1025	1.45125	323.7461276	470.1248846	0.100832105
CL5	172	715	1.216666667	294.4920201	379.2891146	0.088701413
CL5	174	1372	1.2175	251.3803945	307.8839117	0.083584358
CL5	174	849	0.423958333	240.6188293	104.0532755	0.054427015
CL5	176	1183	1.828333333	369.6656677	675.4012753	0.121636675
CL5	176	1407	2.270833333	399.1006113	906.736171	0.26089272
CL5	177	197	1.809375	300.7469288	549.8823898	0.122169985
CL5	177	923	2.132083333	270.4554845	576.1976089	0.087739131
CL5	180	1119	2.103958333	273.8292342	580.9002393	0.091990292
CL5	180	35	1.51625	270.9001385	408.5077576	0.09485114
CL5	181	738	1.630833333	338.9387501	555.3298295	0.083462674
CL5	181	877	1.6025	334.7078717	542.3913616	0.082833584
CL5	182	1035	1.738125	327.454759	615.5669369	0.161059601
CL5	182	461	2.52	374.7342029	944.430786	0.269331647
CL5	184	149	1.128541667	283.9672868	314.4572445	0.101750399
CL5	184	421	0.946458333	291.6332422	276.1206881	0.109054058
CL5	186	161	2.387916667	327.5762009	781.4859287	0.153113112
CL5	186	893	1.91625	329.927446	634.6475053	0.114404989
CL5	192	134	1.419583333	335.4000849	490.3910907	0.120993269
CL5	192	349	1.757083333	340.4313711	604.1844217	0.134002473
CL5	195	1120	1.500208333	305.5561744	471.5055709	0.088798292
CL5	195	1287	1.692291667	340.3618504	576.7580297	0.076131585
CL5	196	14	2.340416667	323.5458325	761.5059937	0.081779768
CL5	196	594	1.455625	276.8980793	461.5890764	0.095565739
CL5	197	67	1.990833333	333.4194001	653.5694273	0.109558517
CL5	197	976	2.25375	281.4141245	639.5299712	0.156270083
CL5	198	1239	1.527916667	340.5727693	519.3362764	0.10674698
CL5	198	777	0.878333333	342.4885955	307.2415028	0.080781005
CL5	200	183	0.368333333	336.9413003	125.9858676	0.072339537
CL5	200	356	0.593541667	330.3104801	204.3589775	0.096259764
CL5	201	167	0.875	303.2071303	265.801414	0.081949933
CL5	201	839	0.805208333	281.2463795	227.7543368	0.081310176
CL5	202	1294	1.881458333	327.081995	620.1381047	0.079263368
CL5	202	1378	0.871041667	278.3440418	242.8793544	0.068342232
CL5	203	1105	1.827916667	362.1000077	657.2061508	0.093771351
CL5	203	1339	3.834791667	347.9315596	1345.277688	0.119511319
CL5	205	1204	1.609791667	299.0515022	480.7743482	0.069045108
CL5	205	679	0.948333333	283.763456	276.1982926	0.064437353
CL5	207	1017	1.100416667	270.7924502	322.4792371	0.073983084
CL5	207	1024	1.895625	308.7957663	585.032825	0.100252771
CL5	209	323	2.465416667	333.6365813	816.0847298	0.158425231
CL5	209	493	2.043125	337.6612094	689.2224696	0.136806138
CL5	211	567	1.5075	289.3080363	468.9577476	0.07472129
CL5	211	861	1.0375	275.900502	289.2910512	0.057491348
CL5	214	1010	1.533541667	288.3513788	441.6540815	0.087313071
CL5	214	664	1.201041667	276.6426564	339.138424	0.07348777
CL5	217	308	2.254375	331.0116604	748.6108582	0.103576497
CL5	217	735	1.945	342.6481394	660.7080873	0.119952913
CL5	218	1303	2.394791667	328.7383239	786.2278066	0.078711908
CL5	218	451	2.019583333	266.7461913	542.348043	0.081292847
CL5	220	863	2.644583333	322.8136983	859.7102767	0.206019829
CL5	220	89	2.035625	339.9253571	692.8249115	0.168234198
CL5	222	1231	1.567708333	301.7865245	479.4572458	0.134101715
CL5	222	1386	1.712083333	346.3561091	592.0564511	0.158429457
CL5	226	1181	3.050833333	353.8824039	1070.673542	0.182763681
CL5	226	690	2.05125	381.1477356	779.8152811	0.146718028
CL5	227	759	1.644375	279.9105494	459.1829779	0.109892577
CL5	227	978	1.674583333	287.0094525	479.236426	0.111801449
CL5	229	1086	0.477916667	208.3275997	101.8484614	0.076130785
CL5	229	724	1.1975	312.6269084	372.7630405	0.120875159
CL5	231	782	1.653333333	253.3622069	423.2258994	0.065908543
CL5	231	820	1.398541667	306.9538522	427.1376561	0.080845308
CL5	233	1058	1.240416667	230.0890527	308.0656655	0.087805157
CL5	233	1305	1.145416667	242.0486636	274.5604484	0.064765899
CL5	234	1341	1.685	309.8296763	527.0414585	0.071645034
CL5	234	808	1.545208333	291.7994665	459.8776092	0.063759513
CL5	235	1192	2.189166667	330.2794049	768.0529706	0.138691545
CL5	235	1381	1.145	361.9421177	417.9332081	0.14991495
CL5	237	894	1.01625	333.0638983	335.8874004	0.110930979
CL5	237	957	0.456041667	249.6261273	118.8830264	0.097741779
CL5	238	1106	1.73875	305.4790229	522.6426196	0.083339277
CL5	238	693	1.851875	297.5730174	564.1889747	0.098689882
CL5	240	906	2.011875	280.4969865	559.3934779	0.079613212
CL5	240	933	1.2575	273.243848	346.9359143	0.063146618
CL5	244	1258	2.26625	324.5736336	750.8098653	0.179119917
CL5	244	866	0.510833333	294.7312414	156.8387257	0.064743583
CL5	247	1256	0.727291667	225.4000859	186.0613694	0.069463751
CL5	247	974	1.322916667	287.7244372	394.9937415	0.094234453
CL5	250	491	1.177708333	274.0871289	350.776615	0.14257099
CL5	250	895	1.991041667	311.1512256	626.9932062	0.107763363
CL5	251	479	0.985625	292.1634258	286.1048527	0.093243868
CL5	251	644	1.237916667	277.4558411	341.3585762	0.09618365
CL5	255	1071	1.868333333	319.1897416	612.4696854	0.099331559
CL5	255	43	1.883541667	286.9157485	552.446986	0.084948996
CL5	256	1301	2.33125	338.4253703	792.1216804	0.162621478
CL5	256	898	1.913125	377.2391175	707.7379917	0.15017543
CL5	257	936	1.039166667	288.0020471	304.3410252	0.054549587
CL5	257	977	1.87625	297.7404714	560.8651291	0.085278274
CL5	258	141	0.977291667	270.7013618	260.7197536	0.082439711
CL5	258	699	1.086666667	293.1885497	334.1464501	0.079069088
CL5	260	192	1.343125	277.9538198	373.6049339	0.082183163
CL5	260	914	2.058541667	299.0792886	615.8611013	0.084358895
CL5	262	632	1.765833333	285.3599795	514.5731407	0.103225053
CL5	262	639	1.137291667	320.5273265	368.3226359	0.115335968
CL5	264	118	0.9425	237.321993	244.8076534	0.065455365
CL5	264	1223	1.822708333	262.0231628	476.933825	0.078465259
CL5	269	1133	1.433541667	254.8044464	364.5994166	0.048919774
CL5	269	563	1.08875	234.081977	255.5179628	0.054966559
CL5	270	1261	1.589791667	272.8966994	443.4916981	0.084578888
CL5	270	837	0.517083333	290.2711017	152.9753826	0.051530817
CL5	271	217	1.184791667	315.7616637	377.0301419	0.094722345
CL5	271	229	1.680625	320.1209082	537.9362258	0.084896654
CL5	272	205	1.54	358.7218568	553.9999483	0.101946613
CL5	272	964	0.431458333	302.0584171	129.8136288	0.052519243
CL5	273	1238	2.573333333	339.5774649	875.2494657	0.11896826
CL5	273	677	1.686666667	346.3824705	589.0395049	0.114299931
CL5	274	1295	2.454583333	358.7237282	889.3524918	0.136759515
CL5	274	154	1.390416667	341.2814732	474.8797677	0.0966346
CL5	275	666	1.541041667	276.9077737	432.9736269	0.087849416
CL5	275	912	1.544375	252.8147163	391.9115171	0.083134214
CL5	276	541	0.99	260.7396945	258.0984931	0.074735767
CL5	276	806	1.672291667	277.7329002	474.8472073	0.079095858
CL5	277	295	1.54125	338.3441325	570.2938349	0.108220561
CL5	277	535	2.041666667	359.8835077	733.4043593	0.175093618
CL5	278	1170	2.667708333	292.1701146	779.1838821	0.092952418
CL5	278	428	1.056041667	322.8079555	336.4286381	0.063564117
CL5	279	168	1.174166667	283.5928566	348.9480162	0.085921688
CL5	279	616	0.453333333	255.3321016	116.5313698	0.053903076
CL5	281	156	0.876458333	272.1070649	238.9187971	0.058906188
CL5	281	50	0.962083333	250.4683759	237.7216289	0.05194339
CL5	282	1042	1.578125	296.2672731	460.6988026	0.094383922
CL5	282	856	0.955416667	279.7722017	266.5931953	0.063501919
CL5	283	17	1.031875	315.5725183	335.2961377	0.092715706
CL5	283	998	1.896458333	315.7303146	605.642332	0.099124387
CL5	284	470	1.054583333	371.9010149	371.6158524	0.109422708
CL5	284	648	1.32	332.2431706	437.2423731	0.123361614
CL5	285	1262	1.4825	276.8768213	470.223382	0.068062446
CL5	285	721	0.532083333	266.3228441	154.2762662	0.068093604
CL5	286	1079	0.967916667	356.8527924	334.9601818	0.095838375
CL5	286	516	0.745416667	296.3297869	220.5027194	0.071963463
CL5	287	106	1.964583333	295.2549211	580.4544415	0.092261746
CL5	287	163	2.920208333	311.7427813	910.9126791	0.138230876
CL5	288	135	2.17	316.5101618	693.9383785	0.099932991
CL5	288	571	2.291041667	343.4651432	792.2427833	0.117767679
CL5	290	1234	1.745	300.2090264	533.0624699	0.146098445
CL5	290	941	1.657708333	290.1553642	501.9409031	0.120917932
CL5	291	1117	2.010208333	355.8123477	709.093413	0.139498433
CL5	292	44	2.0725	358.1435581	751.5282916	0.133944393
CL5	292	938	1.651041667	362.1192188	596.3589972	0.099300432
CL5	293	336	1.365416667	309.8336487	425.5392903	0.122386146
CL5	293	946	2.3325	312.8374619	731.159474	0.082359814
CL5	294	386	1.10875	318.9221558	360.2643477	0.065066564
CL5	294	63	1.904583333	323.2243475	622.3333731	0.140527284
CL5	295	5	1.203958333	308.2469625	377.3327868	0.088983167
CL5	295	670	2.44875	322.6507531	783.0326168	0.148252479
CL5	297	1209	0.801875	310.4209735	250.2675307	0.037473922
CL5	297	291	1.436875	308.299774	443.7817244	0.050667186
CL5	299	434	0.952916667	274.9007466	275.8165472	0.0744539
CL5	299	572	1.211875	233.7171534	289.3154497	0.090223863
CL5	300	455	1.430625	299.4512935	432.0360121	0.100734186
CL5	300	915	1.596875	275.6505317	453.7804917	0.084746565
CL5	301	486	0.898333333	332.1807508	301.9940231	0.138671385
CL5	301	529	1.465625	317.6025217	475.3366809	0.128434239
CL5	303	445	1.18375	258.5837273	359.4685554	0.086195019
CL5	303	589	1.36625	307.6820259	436.7336325	0.142694168
CL5	306	1307	2.048958333	320.257692	655.4134874	0.092234268
CL5	306	817	0.989375	262.1876532	257.7125258	0.059290729
CL5	327	1299	2.879166667	334.9387996	965.1532819	0.116630372
CL5	327	247	1.190416667	268.4901219	323.4243268	0.074608484
CL5	328	1198	1.52375	267.3724143	413.6225059	0.094111092
CL5	328	892	1.509166667	209.1061762	312.3222171	0.087337717
CL5	329	1368	1.962916667	341.0315353	704.2747654	0.107286266
CL5	329	555	1.513541667	317.9377915	486.8991951	0.082160653
CL5	330	497	1.681458333	308.0205232	520.5801075	0.102483301
CL5	330	843	1.712916667	269.1233457	487.4641048	0.083055962
CL5	331	576	2.278125	360.8065971	825.2110641	0.131084431
CL5	331	695	1.738125	323.6098458	552.957335	0.082554398
CL5	332	1237	1.528125	282.5390624	438.7355629	0.085680933
CL5	332	723	1.514791667	288.8254695	432.2072563	0.113196555
CL5	333	1383	2.290625	349.2252729	801.3615219	0.092141956
CL5	333	158	1.248958333	306.2531279	384.0367343	0.095307634
CL5	335	187	0.952708333	268.2875049	267.1032705	0.057810714
CL5	335	761	1.881666667	300.0490059	566.0739612	0.111367424
CL5	336	539	0.772708333	270.7914668	212.1289507	0.080893598
CL5	336	871	1.048958333	261.7990487	273.376551	0.068897184
CL5	337	1097	1.063541667	264.5687163	323.1137596	0.063395671
CL5	337	354	0.47125	318.1622818	157.3289327	0.044980614
CL5	344	178	2.655625	366.0435314	960.6115559	0.13494732
CL5	344	31	2.16875	335.4960868	729.711813	0.160792721
CL5	351	1115	1.322291667	305.2351903	414.8170647	0.073522725
CL5	351	784	0.971458333	315.6530196	307.686942	0.075590249
CL5	353	39	1.450208333	326.2196886	475.0444884	0.102872848
CL5	353	865	1.176458333	321.1317273	363.4213502	0.077513497
CL5	354	1073	1.897291667	349.1586287	666.0588953	0.12438346
CL5	354	798	2.874375	324.2895462	930.0287818	0.169430868
CL5	355	963	2.402083333	309.8496193	756.7802938	0.093919169
CL5	355	98	2.703125	322.1864941	880.4419032	0.09424537
CL5	358	29	1.361666667	327.4443313	447.997223	0.09954981
CL5	358	610	0.839375	347.9861197	299.1109495	0.076813201
CL5	359	585	1.494375	369.3024646	551.5802917	0.105543014
CL5	359	825	0.468125	254.7686444	130.0632404	0.084604716
CL5	361	1124	1.725208333	317.3367537	554.9207361	0.08859439
CL5	361	629	1.711875	303.6223694	513.161069	0.09720482
CL5	363	1245	1.64875	325.0264701	545.2187604	0.117649638
CL5	363	789	1.305	317.244232	414.6642101	0.084140297
CL5	365	287	1.32375	322.2656897	409.6959167	0.064422709
CL5	365	897	1.0225	356.5707884	373.5556911	0.099391265
CL5	366	169	2.250416667	320.7467549	726.2029664	0.150431363
CL5	366	970	3.131666667	352.2876334	1106.859387	0.129575478
CL5	368	255	1.753541667	310.3573009	552.5476736	0.073109143
CL5	368	433	1.716458333	311.7541424	534.3373623	0.125344316
CL5	371	1352	2.882916667	359.9289289	1034.700363	0.113129426
CL5	371	264	1.748541667	362.6423268	632.2106064	0.08494306
CL5	373	1038	2.160833333	290.6217063	620.402297	0.150344697
CL5	373	1145	2.239375	338.5867331	759.131296	0.151738235
CL5	375	165	1.804583333	298.4875098	538.9767541	0.098955549
CL5	375	321	2.296458333	332.8191375	766.1036661	0.110844638
CL5	379	1399	1.648333333	351.0561697	577.9617973	0.154060235
CL5	379	293	1.429166667	253.2357677	360.1732507	0.084643364
CL5	380	1002	0.5825	283.3892402	167.3154697	0.078493342
CL5	380	1163	1.685416667	298.5147905	495.4668859	0.082458731
CL5	381	1043	1.47	325.6615738	482.5684686	0.078175566
CL5	381	904	0.608541667	293.8208645	154.5907503	0.042093997
CL5	383	1353	1.199583333	281.8290406	345.235704	0.062181171
CL5	383	345	1.004583333	290.4430859	294.4261324	0.067936277
CL5	385	137	1.137916667	311.735011	354.0379764	0.089029514
CL5	385	488	1.404583333	314.7829518	443.0159892	0.118313952
CL5	391	1190	1.677083333	338.989676	567.4010135	0.139848242
CL5	391	230	1.767916667	323.944592	573.933297	0.124191908
CL5	392	215	1.224583333	333.6120398	410.6838979	0.102364473
CL5	392	305	1.011875	282.8874793	277.0869543	0.066275005
CL5	393	545	1.895833333	366.0533225	692.433567	0.117541077
CL5	393	606	1.767916667	366.6647159	635.636294	0.113061206
CL5	396	1000	1.550833333	291.7228323	456.8883157	0.077371658
CL5	396	1267	0.855208333	241.5619445	207.8398735	0.078289671
CL5	399	671	0.831458333	295.4864417	246.6602098	0.076009693
CL5	399	925	0.317083333	340.853651	105.2805016	0.071513806
CL5	400	1196	2.630208333	339.3734342	891.0463336	0.140458727
CL5	400	1359	2.627916667	304.5613838	810.1096628	0.146610218
CL5	402	527	2.849583333	384.1029708	1095.619956	0.20617081
CL5	402	991	3.379791667	357.4538682	1212.749358	0.14430732
CL5	404	1291	2.32	386.5395787	919.4058244	0.185885282
CL5	404	930	1.625625	359.426689	587.6145562	0.190471852
CL5	405	1008	1.151875	325.8155787	388.1722388	0.091578559
CL5	405	1279	0.688958333	278.3260465	197.1126577	0.102565153
CL5	407	1022	1.521875	352.1713586	533.5504594	0.108257895
CL5	407	638	0.787291667	325.3114239	258.1556061	0.10545751
CL5	410	1278	0.933958333	263.0410867	243.1372557	0.105394397
CL5	410	737	1.387708333	298.7954698	421.037441	0.10155848
CL5	411	1367	1.886875	299.3099973	571.376612	0.126432582
CL5	411	706	1.279375	345.8150001	442.4270658	0.096718696
CL5	412	1323	1.691458333	294.7685173	502.0788911	0.088980765
CL5	412	574	1.319375	302.8826027	401.6725591	0.142565355
CL5	413	207	0.870208333	272.8373966	240.2031824	0.053115686
CL5	413	614	1.08875	279.7813352	304.4338526	0.071552672
CL5	414	1345	3.21125	330.5380613	1075.923494	0.132346204
CL5	414	417	2.440416667	323.1740439	793.0555689	0.127721313
CL5	415	162	1.256875	302.738168	382.73635	0.089637232
CL5	415	47	0.817708333	314.5836185	263.3973416	0.1025514
CL5	417	1168	1.71625	344.6039174	600.9555966	0.142445047
CL5	417	289	1.290416667	326.200846	421.352331	0.152757845
CL5	418	1326	3.586666667	374.1294215	1344.654655	0.156396249
CL5	418	601	1.559791667	309.3186875	481.4780049	0.122031549
CL5	421	472	1.873125	272.6530164	512.1232167	0.076708848
CL5	421	596	2.215416667	320.2201537	714.7653641	0.084216545
CL5	423	1083	0.795625	270.6660975	218.3272604	0.091864339
CL5	423	651	0.585208333	381.4011047	208.6400338	0.068992288
CL5	424	1051	1.19875	328.2755241	395.7686394	0.098801152
CL5	424	171	1.698541667	348.1180028	595.0419802	0.07823145
CL5	429	746	1.5575	334.6634548	533.9083612	0.083804462
CL5	429	955	1.669583333	346.1512513	575.7897552	0.104423818
CL5	432	1207	2.650208333	338.1472656	895.0682334	0.119463393
CL5	432	1324	1.978541667	346.5892609	689.976665	0.092266869
CL5	434	76	0.918125	300.5409228	272.5047703	0.094988345
CL5	434	929	0.545	301.7905263	161.7131222	0.082058641
CL5	436	1080	0.750625	305.0507505	235.3404407	0.108265324
CL5	436	509	1.455625	287.4923732	417.0084794	0.109724648
CL5	438	1328	3.355416667	339.8015075	1138.66885	0.121230904
CL5	438	581	0.97125	255.9098894	258.7371179	0.076558255
CL5	439	1297	0.607083333	225.6380716	139.2435904	0.091068667
CL5	439	170	0.2925	254.8793601	73.57400819	0.065411991
CL5	442	16	1.343125	321.9316296	450.6741704	0.161008295
CL5	442	778	2.074583333	376.8663306	778.6233906	0.184537461
CL5	444	580	1.262291667	280.0584096	363.6726391	0.07599722
CL5	444	961	2.812291667	333.8721267	936.3560031	0.111383245
CL5	447	1346	3.163958333	320.9922683	1020.840222	0.139449202
CL5	447	537	0.623333333	255.1334637	186.2768341	0.073675739
CL5	450	1095	1.413958333	297.6192337	422.0936827	0.099435466
CL5	450	931	1.059166667	254.5999455	274.2452546	0.07930312
CL5	451	211	1.394166667	303.9886424	431.967448	0.060741478
CL5	451	526	1.915416667	314.1330393	615.9479055	0.08564941
CL5	452	1388	1.787083333	322.8420129	583.9459945	0.099959376
CL5	452	1390	1.726041667	384.6857384	664.7579498	0.102577385
CL5	454	414	0.689166667	332.8878831	233.3321111	0.108451615
CL5	454	95	1.630833333	329.4017313	538.1100276	0.115330374
CL5	456	358	1.278541667	267.4702326	342.3873117	0.071419968
CL5	456	584	1.039166667	276.7181606	288.1428863	0.080713424
CL5	457	1090	0.921666667	372.7844379	334.63585	0.067239882
CL5	457	1110	1.641666667	307.2755014	506.1155349	0.064165091
CL5	459	133	0.83875	290.510863	256.840742	0.102107988
CL5	459	840	0.488125	303.8686227	156.6638221	0.0916429
CL5	462	1150	1.421041667	358.5663059	507.4094414	0.149158644
CL5	462	1224	1.495625	291.0600579	447.1666796	0.091425528
CL5	464	1266	1.11625	266.2480311	296.9302948	0.116196623
CL5	464	696	1.342708333	292.9104497	394.2884508	0.08840342
CL5	469	166	1.89	360.0619284	680.2732554	0.167794486
CL5	469	687	2.291041667	338.2339895	764.4324062	0.126040454
CL5	472	1027	1.324166667	291.2426966	384.8833132	0.084066717
CL5	472	962	1.385	315.8855424	434.488606	0.121600734
CL5	475	1047	1.679791667	310.634488	517.0593521	0.111098345
CL5	475	591	1.830208333	315.3131283	578.6725898	0.089939202
CL5	482	164	0.766875	151.2865077	102.3449206	0.128901816
CL5	482	945	0.983333333	252.3219335	251.3895564	0.094595825
CL5	483	1018	1.034375	267.7864557	277.4229522	0.082945259
CL5	483	1065	0.819791667	322.2535779	266.1600813	0.098487164
CL5	500	1126	2.402916667	330.1976875	808.6232817	0.100549838
CL5	500	1302	2.148958333	333.5096283	716.6776962	0.109366922
CL5	501	1275	3.265208333	382.8124855	1253.368832	0.176451224
CL5	501	771	2.328333333	359.6689518	839.7551478	0.169719396
CL5	502	252	1.81875	310.3066187	568.0314069	0.085115363
CL5	502	70	1.151666667	326.3213278	404.7981072	0.098381397
CL5	503	1040	0.953958333	329.703601	325.8782744	0.141625006
CL5	503	327	1.884583333	343.2893272	644.70751	0.139088007
CL5	506	21	1.138333333	274.4613844	327.5302474	0.07376276
CL5	506	42	1.12375	272.809936	338.3636096	0.10510435
CL5	507	557	1.796458333	263.0559756	471.857256	0.132473151
CL5	507	720	1.303125	261.6612058	364.0337826	0.12385115
CL5	508	1330	4.228541667	336.2063956	1424.412583	0.172775509
CL5	508	640	2.259375	294.9805431	669.3212093	0.190275435
CL5	014s	1052	1.940833333	367.4179173	700.0779651	0.164226132
CL5	014s	1139	2.165625	324.1944848	708.4413489	0.120738068
CL5	025s	367	1.253958333	286.8702551	359.8007676	0.077689406
CL5	025s	435	0.428958333	259.9785591	114.0611733	0.051589116
CL5	032s	1185	1.462916667	284.3624943	419.2457253	0.079153276
CL5	032s	180	0.679791667	314.6605625	214.0681549	0.073273353
CL5	039s	196	1.939791667	336.4194608	650.8694502	0.124144242
CL5	039s	597	2.074791667	324.5507744	683.4313594	0.109687018
CL5	043s	1003	1.62	341.3707355	551.9663596	0.135748395
CL5	043s	504	1.436041667	350.6424142	503.1780044	0.13831564
CL5	054s	642	1.680833333	371.7197317	630.7515428	0.117630923
CL5	054s	710	1.788125	360.2239466	641.0758141	0.124503739
CL5	068s	1366	1.012083333	344.7845333	352.4604488	0.080815092
CL5	068s	522	1.176041667	380.9959421	479.6354227	0.119920551
CL5	075s	102	1.620833333	328.7262474	527.2705396	0.087007454
CL5	075s	530	1.386458333	285.4771052	410.5042853	0.103930868
CL5	077b	260	0.943333333	407.306622	361.3083523	0.066757541
CL5	077b	317	1.512083333	303.8800942	464.6979191	0.075917059
CL5	081d	1078	1.677291667	309.725093	522.4238735	0.159744789
CL5	081d	81	1.09125	342.4171347	370.4616205	0.088522223
CL5	090b	1370	2.780625	343.7636405	952.50519	0.111760418
CL5	093s	1061	1.24875	305.3286419	386.8455972	0.094051884
CL5	093s	442	1.314583333	305.2526028	410.1483953	0.08362449
CL5	101s	1332	2.546666667	362.9936279	926.477367	0.111720436
CL5	101s	834	0.883125	310.8000642	276.7670214	0.064961627
CL5	107s	319	1.966666667	333.5640844	654.3027519	0.111827
CL5	107s	669	1.67875	277.0730815	470.5222603	0.095174409
CL5	117s	1049	1.7371875	310.8957429	537.1569889	0.108463839
CL5	117s	302	1.472083333	274.1514688	408.9379661	0.077785829
CL5	119s	1251	1.529583333	328.5175863	504.7803565	0.095275409
CL5	119s	64	1.231875	373.9589141	425.2868706	0.056423445
CL5	163d	747	1.559375	304.4975581	497.8517497	0.089367846
CL5	163d	749	1.228541667	306.1369783	375.2126963	0.129838204
CL5	178s	275	1.537291667	315.1660533	484.5067014	0.099487861
CL5	178s	757	0.9775	280.498057	273.4140365	0.12324289
CL5	179s	786	0.80375	247.994518	232.186039	0.067788095
CL5	179s	982	0.843958333	383.1113311	299.8193944	0.055637582
CL5	185s	61	1.630416667	300.7333753	490.7140545	0.101151925
CL5	185s	922	1.444166667	292.3604685	420.9472698	0.078766507
CL5	188d	1044	1.912083333	329.6293258	629.7337133	0.096048886
CL5	188d	1136	1.044166667	288.1844927	302.4736936	0.102727502
CL5	189d	232	0.46875	286.5303138	131.2974472	0.066670003
CL5	189d	27	0.899583333	257.9363083	254.3011617	0.104454651
CL5	213s	364	2.053958333	299.9277629	619.3371274	0.082262591
CL5	213s	683	1.767708333	336.0707886	600.038083	0.120053722
CL5	228s	382	2.377083333	364.9714111	869.5534911	0.118933131
CL5	228s	943	1.791041667	323.4952585	579.9392809	0.074539938
CL5	289s	605	2.778541667	362.5800649	1025.446936	0.140994895
CL5	289s	65	2.733125	354.0654575	967.2806001	0.133070341
CL5	302b	1336	1.31125	318.200352	411.6640602	0.055558628
CL5	302b	608	1.521875	313.4659669	482.6611295	0.071169666
CL5	305b	1387	1.543958333	314.0905966	497.6125224	0.100546684
CL5	305b	924	1.671875	333.2101854	557.2092881	0.103559069
CL5	338b	1013	1.468333333	285.1796563	423.0337189	0.074522293
CL5	338b	1309	1.063333333	304.9716686	325.6529469	0.102773207
CL5	340b	1396	0.966041667	306.8403408	296.3422158	0.099145961
CL5	340b	668	0.987083333	284.3112461	272.7457366	0.067924013
CL5	341s	420	0.810208333	264.0518225	214.732631	0.07308634
CL5	341s	624	1.434166667	315.5076671	453.8538503	0.113472374
CL5	343s	483	1.579583333	364.6359448	577.2015027	0.140128499
CL5	343s	971	1.36	323.0200538	441.8480375	0.068411312
CL5	357s	1031	2.22375	331.1592423	747.4478457	0.085360034
CL5	357s	1081	1.453958333	328.1276496	481.6014984	0.088777519
CL5	362s	271	1.969375	318.5033719	629.1652016	0.104110267
CL5	362s	615	2.140833333	307.001633	656.2599428	0.099278201
CL5	364s	1100	1.67625	377.407089	626.2698462	0.104597276
CL5	364s	1104	1.693125	312.3074225	526.7744454	0.066780628
CL5	367s	1385	2.383125	361.0031874	865.0753892	0.202172188
CL5	367s	494	2.035416667	310.3049956	630.5867556	0.134737816
CL5	369s	116	1.28	360.4196427	458.7061582	0.087252953
CL5	369s	768	1.145208333	303.2228902	373.2937255	0.094686339
CL5	372b	810	0.651458333	282.0886306	186.0162143	0.102808163
CL5	382s	1171	0.107708333	257.8043582	27.30914828	0.059405528
CL5	386s	1271	1.634166667	324.0537434	547.9052149	0.153708652
CL5	386s	84	1.376875	333.5180344	459.3330303	0.123979271
CL5	387b	899	1.564166667	336.5189322	531.8022013	0.098159876
CL5	387b	953	1.609166667	291.5582231	474.826475	0.089590955
CL5	390b	1321	2.739791667	300.7385181	948.3788159	0.126984272
CL5	390b	1354	2.590208333	332.9304621	863.3706739	0.141120995
CL5	406s	1393	1.277708333	312.2487802	401.6660253	0.077316177
CL5	406s	1402	0.6978125	351.9442356	250.4896068	0.067929328
CL5	409s	1066	1.348333333	316.0381525	427.5031743	0.097598692
CL5	409s	1296	1.966666667	307.643902	610.9945302	0.10790522
CL5	426b	588	0.669583333	280.5800007	181.5756688	0.068411995
CL5	426b	663	0.595208333	226.362525	142.5451028	0.073195645
CL5	431b	1348	1.885	310.7935489	596.0333227	0.101204902
CL5	431b	804	1.730625	312.2847719	551.8155123	0.103096912
CL5	433s	752	1.339166667	286.4928871	389.4335172	0.149231851
CL5	433s	90	0.717708333	187.3487464	154.4940162	0.112519627
CL5	440s	1233	2.149791667	317.6650435	691.8442192	0.130295315
CL5	440s	283	1.772916667	343.3408164	607.4751563	0.105740433
CL5	443w	1036	2.509166667	331.3752147	840.2063987	0.124143555
CL5	443w	1351	3.2775	357.2410731	1165.389222	0.115335978
CL5	453s	144	0.795208333	317.2117087	228.1147859	0.047080369
CL5	453s	265	1.735416667	280.1452126	486.0866352	0.078845464
CL5	458s	1217	2.378125	314.6689263	743.3225364	0.113158227
CL5	458s	177	1.659166667	276.4820586	465.4855126	0.073056184
CL5	460s	1395	2.395625	323.1289342	771.7080435	0.158778949
CL5	460s	1397	1.554791667	381.5033637	589.8541545	0.097109015
CL5	461b	1041	2.643333333	349.5167658	941.2508946	0.10490377
CL5	461b	20	1.599791667	368.4919684	579.6893732	0.118515597
CL5	465s	1327	1.801458333	333.454089	602.4795553	0.091767945
CL5	465s	209	0.625833333	299.1836998	187.7164239	0.061234636
CL5	473s	182	1.075208333	371.7318962	390.9224233	0.106100637
CL5	473s	268	1.38	327.0331438	466.7714819	0.08743292
CL5	474s	1248	2.120833333	319.1279426	684.3701371	0.153089756
CL5	474s	1347	2.2896875	344.3700007	802.6888783	0.110349348
CL5	479s	1247	0.731666667	252.0617402	196.3435467	0.082892875
CL5	479s	619	0.574791667	200.8300255	114.9637325	0.061768101
CL5	480s	916	2.291666667	387.0624693	886.8465095	0.110631611
CL5	490b	1394	1.804375	333.6194227	567.9332791	0.121777351
CL5	490b	1403	2.159166667	357.0867277	765.3826244	0.151866249
CL5	491b	1162	1.101666667	310.0405525	344.9223458	0.075408486
CL5	491b	125	1.29125	323.3011795	428.0279657	0.069145096
CL5	492b	202	1.487291667	280.20026	416.9843079	0.104452555
CL5	492b	802	0.769375	305.6746094	238.9331941	0.089533885
CL5	493s	227	1.17375	307.4928804	367.2192524	0.065215432
CL5	493s	673	0.768541667	351.7999277	274.6623601	0.090058457
CL5	495s	1141	2.367291667	310.1161365	740.5058991	0.104102601
CL5	495s	520	1.473958333	305.5526712	459.7859718	0.125484327
CL5	496s	270	0.837916667	262.9193708	218.7570119	0.039940501
CL5	496s	453	0.809791667	259.4116062	228.7137008	0.049589914
CL5	505s	1157	1.135	287.8998377	336.5648882	0.067596235
CL5	505s	315	0.671875	297.8167794	197.0483173	0.091227828