 	Label	X	Y	Circ.	AR	Round	Solidity
1	IMG01869.JPG	2.128	2.186	0	0	0	NaN
2	IMG01869.JPG	2.035	1.565	0	0	0	NaN
3	IMG01869.JPG	3.606	1.513	0	0	0	NaN
4	IMG01869.JPG	3.577	2.104	0	0	0	NaN
5	IMG01869.JPG	2.209	1.577	0	0	0	NaN
6	IMG01869.JPG	2.394	0.858	0	0	0	NaN
7	IMG01869.JPG	3.246	0.829	0	0	0	NaN
8	IMG01869.JPG	3.432	1.507	0	0	0	NaN
9	IMG01977.JPG	2.093	2.023	0	0	0	NaN
10	IMG01977.JPG	2.017	1.629	0	0	0	NaN
11	IMG01977.JPG	3.53	1.617	0	0	0	NaN
12	IMG01977.JPG	3.472	2.099	0	0	0	NaN
13	IMG01977.JPG	2.11	1.617	0	0	0	NaN
14	IMG01977.JPG	2.307	0.701	0	0	0	NaN
15	IMG01977.JPG	3.09	0.719	0	0	0	NaN
16	IMG01977.JPG	3.443	1.577	0	0	0	NaN
17	IMG01976.JPG	2.07	2.174	0	0	0	NaN
18	IMG01976.JPG	1.983	1.762	0	0	0	NaN
19	IMG01976.JPG	3.687	1.641	0	0	0	NaN
20	IMG01976.JPG	3.612	2.093	0	0	0	NaN
21	IMG01976.JPG	2.128	1.751	0	0	0	NaN
22	IMG01976.JPG	2.406	0.794	0	0	0	NaN
23	IMG01976.JPG	3.229	0.736	0	0	0	NaN
24	IMG01976.JPG	3.571	1.641	0	0	0	NaN
25	IMG01975.JPG	2.151	2.093	0	0	0	NaN
26	IMG01975.JPG	2.046	1.681	0	0	0	NaN
27	IMG01975.JPG	3.565	1.594	0	0	0	NaN
28	IMG01975.JPG	3.548	2.075	0	0	0	NaN
29	IMG01975.JPG	2.168	1.635	0	0	0	NaN
30	IMG01975.JPG	2.354	0.696	0	0	0	NaN
31	IMG01975.JPG	3.113	0.701	0	0	0	NaN
32	IMG01975.JPG	3.484	1.548	0	0	0	NaN
33	IMG01974.JPG	1.977	2.168	0	0	0	NaN
34	IMG01974.JPG	1.884	1.733	0	0	0	NaN
35	IMG01974.JPG	3.6	1.577	0	0	0	NaN
36	IMG01974.JPG	3.548	2.029	0	0	0	NaN
37	IMG01974.JPG	2.006	1.722	0	0	0	NaN
38	IMG01974.JPG	2.29	0.754	0	0	0	NaN
39	IMG01974.JPG	3.014	0.725	0	0	0	NaN
40	IMG01974.JPG	3.438	1.565	0	0	0	NaN
41	IMG01973.JPG	2.174	2.081	0	0	0	NaN
42	IMG01973.JPG	2.081	1.577	0	0	0	NaN
43	IMG01973.JPG	3.525	1.49	0	0	0	NaN
44	IMG01973.JPG	3.478	1.919	0	0	0	NaN
45	IMG01973.JPG	2.214	1.565	0	0	0	NaN
46	IMG01973.JPG	2.406	0.719	0	0	0	NaN
47	IMG01973.JPG	3.183	0.69	0	0	0	NaN
48	IMG01973.JPG	3.339	1.484	0	0	0	NaN
49	IMG01972.JPG	2.191	2.058	0	0	0	NaN
50	IMG01972.JPG	2.087	1.588	0	0	0	NaN
51	IMG01972.JPG	3.565	1.496	0	0	0	NaN
52	IMG01972.JPG	3.49	1.925	0	0	0	NaN
53	IMG01972.JPG	2.238	1.565	0	0	0	NaN
54	IMG01972.JPG	2.406	0.777	0	0	0	NaN
55	IMG01972.JPG	3.252	0.765	0	0	0	NaN
56	IMG01972.JPG	3.368	1.478	0	0	0	NaN
57	IMG01971.JPG	2.081	2.11	0	0	0	NaN
58	IMG01971.JPG	2.006	1.681	0	0	0	NaN
59	IMG01971.JPG	3.513	1.588	0	0	0	NaN
60	IMG01971.JPG	3.513	2.104	0	0	0	NaN
61	IMG01971.JPG	2.099	1.641	0	0	0	NaN
62	IMG01971.JPG	2.342	0.858	0	0	0	NaN
63	IMG01971.JPG	3.078	0.8	0	0	0	NaN
64	IMG01971.JPG	3.414	1.559	0	0	0	NaN
65	IMG01970.JPG	2	2.197	0	0	0	NaN
66	IMG01970.JPG	1.861	1.774	0	0	0	NaN
67	IMG01970.JPG	3.635	1.6	0	0	0	NaN
68	IMG01970.JPG	3.612	2.029	0	0	0	NaN
69	IMG01970.JPG	2.017	1.728	0	0	0	NaN
70	IMG01970.JPG	2.301	0.846	0	0	0	NaN
71	IMG01970.JPG	3.101	0.794	0	0	0	NaN
72	IMG01970.JPG	3.496	1.6	0	0	0	NaN
73	IMG01969.JPG	2.07	2.116	0	0	0	NaN
74	IMG01969.JPG	1.988	1.617	0	0	0	NaN
75	IMG01969.JPG	3.623	1.565	0	0	0	NaN
76	IMG01969.JPG	3.583	2.029	0	0	0	NaN
77	IMG01969.JPG	2.128	1.646	0	0	0	NaN
78	IMG01969.JPG	2.412	0.788	0	0	0	NaN
79	IMG01969.JPG	3.206	0.713	0	0	0	NaN
80	IMG01969.JPG	3.501	1.559	0	0	0	NaN
81	IMG01968.JPG	1.983	2.099	0	0	0	NaN
82	IMG01968.JPG	1.907	1.675	0	0	0	NaN
83	IMG01968.JPG	3.548	1.565	0	0	0	NaN
84	IMG01968.JPG	3.542	1.988	0	0	0	NaN
85	IMG01968.JPG	2.058	1.635	0	0	0	NaN
86	IMG01968.JPG	2.348	0.765	0	0	0	NaN
87	IMG01968.JPG	3.084	0.783	0	0	0	NaN
88	IMG01968.JPG	3.432	1.565	0	0	0	NaN
89	IMG01967.JPG	2.162	2.214	0	0	0	NaN
90	IMG01967.JPG	2.035	1.78	0	0	0	NaN
91	IMG01967.JPG	3.699	1.641	0	0	0	NaN
92	IMG01967.JPG	3.606	2.209	0	0	0	NaN
93	IMG01967.JPG	2.255	1.681	0	0	0	NaN
94	IMG01967.JPG	2.499	1.009	0	0	0	NaN
95	IMG01967.JPG	3.154	0.957	0	0	0	NaN
96	IMG01967.JPG	3.513	1.658	0	0	0	NaN
97	IMG01966.JPG	2.157	2.133	0	0	0	NaN
98	IMG01966.JPG	2.087	1.652	0	0	0	NaN
99	IMG01966.JPG	3.409	1.617	0	0	0	NaN
100	IMG01966.JPG	3.438	2.099	0	0	0	NaN
101	IMG01966.JPG	2.232	1.571	0	0	0	NaN
102	IMG01966.JPG	2.423	0.933	0	0	0	NaN
103	IMG01966.JPG	3.107	0.951	0	0	0	NaN
104	IMG01966.JPG	3.328	1.635	0	0	0	NaN
105	IMG01965.JPG	2.035	2.162	0	0	0	NaN
106	IMG01965.JPG	1.959	1.699	0	0	0	NaN
107	IMG01965.JPG	3.484	1.617	0	0	0	NaN
108	IMG01965.JPG	3.438	2.11	0	0	0	NaN
109	IMG01965.JPG	2.139	1.652	0	0	0	NaN
110	IMG01965.JPG	2.359	0.864	0	0	0	NaN
111	IMG01965.JPG	3.159	0.875	0	0	0	NaN
112	IMG01965.JPG	3.368	1.641	0	0	0	NaN
113	IMG01964.JPG	2.151	2.006	0	0	0	NaN
114	IMG01964.JPG	2.087	1.588	0	0	0	NaN
115	IMG01964.JPG	3.507	1.559	0	0	0	NaN
116	IMG01964.JPG	3.467	1.994	0	0	0	NaN
117	IMG01964.JPG	2.214	1.583	0	0	0	NaN
118	IMG01964.JPG	2.377	0.846	0	0	0	NaN
119	IMG01964.JPG	3.188	0.806	0	0	0	NaN
120	IMG01964.JPG	3.38	1.548	0	0	0	NaN
121	IMG01963.JPG	2.058	2.145	0	0	0	NaN
122	IMG01963.JPG	2.017	1.716	0	0	0	NaN
123	IMG01963.JPG	3.496	1.612	0	0	0	NaN
124	IMG01963.JPG	3.496	2.052	0	0	0	NaN
125	IMG01963.JPG	2.18	1.675	0	0	0	NaN
126	IMG01963.JPG	2.412	0.899	0	0	0	NaN
127	IMG01963.JPG	3.113	0.904	0	0	0	NaN
128	IMG01963.JPG	3.368	1.594	0	0	0	NaN
129	IMG01962.JPG	2.104	2.07	0	0	0	NaN
130	IMG01962.JPG	1.983	1.594	0	0	0	NaN
131	IMG01962.JPG	3.426	1.681	0	0	0	NaN
132	IMG01962.JPG	3.38	2.11	0	0	0	NaN
133	IMG01962.JPG	2.128	1.571	0	0	0	NaN
134	IMG01962.JPG	2.313	0.852	0	0	0	NaN
135	IMG01962.JPG	3.177	0.788	0	0	0	NaN
136	IMG01962.JPG	3.333	1.617	0	0	0	NaN
137	IMG01961.JPG	2.191	2.029	0	0	0	NaN
138	IMG01961.JPG	2.145	1.583	0	0	0	NaN
139	IMG01961.JPG	3.449	1.606	0	0	0	NaN
140	IMG01961.JPG	3.432	2.012	0	0	0	NaN
141	IMG01961.JPG	2.278	1.548	0	0	0	NaN
142	IMG01961.JPG	2.446	0.916	0	0	0	NaN
143	IMG01961.JPG	3.125	0.91	0	0	0	NaN
144	IMG01961.JPG	3.304	1.559	0	0	0	NaN
145	IMG01960.JPG	2.133	2.145	0	0	0	NaN
146	IMG01960.JPG	2.116	1.675	0	0	0	NaN
147	IMG01960.JPG	3.496	1.629	0	0	0	NaN
148	IMG01960.JPG	3.554	2.058	0	0	0	NaN
149	IMG01960.JPG	2.243	1.646	0	0	0	NaN
150	IMG01960.JPG	2.551	0.899	0	0	0	NaN
151	IMG01960.JPG	3.183	0.881	0	0	0	NaN
152	IMG01960.JPG	3.432	1.606	0	0	0	NaN
153	IMG01959.JPG	2.151	2.174	0	0	0	NaN
154	IMG01959.JPG	2.099	1.704	0	0	0	NaN
155	IMG01959.JPG	3.559	1.583	0	0	0	NaN
156	IMG01959.JPG	3.571	2.093	0	0	0	NaN
157	IMG01959.JPG	2.226	1.681	0	0	0	NaN
158	IMG01959.JPG	2.458	0.864	0	0	0	NaN
159	IMG01959.JPG	3.159	0.806	0	0	0	NaN
160	IMG01959.JPG	3.426	1.548	0	0	0	NaN
161	IMG01958.JPG	2.099	2.087	0	0	0	NaN
162	IMG01958.JPG	2.046	1.635	0	0	0	NaN
163	IMG01958.JPG	3.443	1.542	0	0	0	NaN
164	IMG01958.JPG	3.449	1.988	0	0	0	NaN
165	IMG01958.JPG	2.18	1.583	0	0	0	NaN
166	IMG01958.JPG	2.348	0.997	0	0	0	NaN
167	IMG01958.JPG	3.171	0.957	0	0	0	NaN
168	IMG01958.JPG	3.322	1.53	0	0	0	NaN
169	IMG01957.JPG	2.133	2.017	0	0	0	NaN
170	IMG01957.JPG	2.116	1.646	0	0	0	NaN
171	IMG01957.JPG	3.478	1.565	0	0	0	NaN
172	IMG01957.JPG	3.496	1.959	0	0	0	NaN
173	IMG01957.JPG	2.243	1.588	0	0	0	NaN
174	IMG01957.JPG	2.458	0.858	0	0	0	NaN
175	IMG01957.JPG	3.171	0.852	0	0	0	NaN
176	IMG01957.JPG	3.386	1.565	0	0	0	NaN
177	IMG01956.JPG	2.064	2.191	0	0	0	NaN
178	IMG01956.JPG	2.064	1.739	0	0	0	NaN
179	IMG01956.JPG	3.641	1.646	0	0	0	NaN
180	IMG01956.JPG	3.646	2.145	0	0	0	NaN
181	IMG01956.JPG	2.191	1.675	0	0	0	NaN
182	IMG01956.JPG	2.464	0.899	0	0	0	NaN
183	IMG01956.JPG	3.212	0.875	0	0	0	NaN
184	IMG01956.JPG	3.519	1.6	0	0	0	NaN
185	IMG01955.JPG	2.087	2.07	0	0	0	NaN
186	IMG01955.JPG	2.058	1.681	0	0	0	NaN
187	IMG01955.JPG	3.472	1.606	0	0	0	NaN
188	IMG01955.JPG	3.414	2.012	0	0	0	NaN
189	IMG01955.JPG	2.157	1.6	0	0	0	NaN
190	IMG01955.JPG	2.313	0.771	0	0	0	NaN
191	IMG01955.JPG	3.113	0.765	0	0	0	NaN
192	IMG01955.JPG	3.362	1.577	0	0	0	NaN
193	IMG01954.JPG	2.255	1.901	0	0	0	NaN
194	IMG01954.JPG	2.197	1.548	0	0	0	NaN
195	IMG01954.JPG	3.443	1.559	0	0	0	NaN
196	IMG01954.JPG	3.432	1.872	0	0	0	NaN
197	IMG01954.JPG	2.272	1.559	0	0	0	NaN
198	IMG01954.JPG	2.464	1.009	0	0	0	NaN
199	IMG01954.JPG	3.183	0.98	0	0	0	NaN
200	IMG01954.JPG	3.357	1.554	0	0	0	NaN
201	IMG01953.JPG	2.18	2.168	0	0	0	NaN
202	IMG01953.JPG	2.104	1.675	0	0	0	NaN
203	IMG01953.JPG	3.559	1.646	0	0	0	NaN
204	IMG01953.JPG	3.536	2.122	0	0	0	NaN
205	IMG01953.JPG	2.267	1.652	0	0	0	NaN
206	IMG01953.JPG	2.423	0.922	0	0	0	NaN
207	IMG01953.JPG	3.159	0.887	0	0	0	NaN
208	IMG01953.JPG	3.42	1.617	0	0	0	NaN
209	IMG01952.JPG	2.191	2.087	0	0	0	NaN
210	IMG01952.JPG	2.139	1.681	0	0	0	NaN
211	IMG01952.JPG	3.443	1.6	0	0	0	NaN
212	IMG01952.JPG	3.449	2.029	0	0	0	NaN
213	IMG01952.JPG	2.261	1.635	0	0	0	NaN
214	IMG01952.JPG	2.446	0.904	0	0	0	NaN
215	IMG01952.JPG	3.09	0.887	0	0	0	NaN
216	IMG01952.JPG	3.316	1.571	0	0	0	NaN
217	IMG01951.JPG	2.22	1.913	0	0	0	NaN
218	IMG01951.JPG	2.162	1.681	0	0	0	NaN
219	IMG01951.JPG	3.391	1.658	0	0	0	NaN
220	IMG01951.JPG	3.397	1.936	0	0	0	NaN
221	IMG01951.JPG	2.278	1.635	0	0	0	NaN
222	IMG01951.JPG	2.429	1.026	0	0	0	NaN
223	IMG01951.JPG	3.154	0.991	0	0	0	NaN
224	IMG01951.JPG	3.304	1.629	0	0	0	NaN
225	IMG01950.JPG	2.139	2.087	0	0	0	NaN
226	IMG01950.JPG	2.081	1.716	0	0	0	NaN
227	IMG01950.JPG	3.455	1.658	0	0	0	NaN
228	IMG01950.JPG	3.484	2.023	0	0	0	NaN
229	IMG01950.JPG	2.22	1.675	0	0	0	NaN
230	IMG01950.JPG	2.412	0.852	0	0	0	NaN
231	IMG01950.JPG	3.171	0.806	0	0	0	NaN
232	IMG01950.JPG	3.368	1.623	0	0	0	NaN
233	IMG01949.JPG	2.122	2.058	0	0	0	NaN
234	IMG01949.JPG	2.099	1.612	0	0	0	NaN
235	IMG01949.JPG	3.426	1.583	0	0	0	NaN
236	IMG01949.JPG	3.362	2.029	0	0	0	NaN
237	IMG01949.JPG	2.209	1.623	0	0	0	NaN
238	IMG01949.JPG	2.348	0.893	0	0	0	NaN
239	IMG01949.JPG	3.148	0.875	0	0	0	NaN
240	IMG01949.JPG	3.299	1.565	0	0	0	NaN
241	IMG01948.JPG	2.203	2.128	0	0	0	NaN
242	IMG01948.JPG	2.023	1.623	0	0	0	NaN
243	IMG01948.JPG	3.426	1.519	0	0	0	NaN
244	IMG01948.JPG	3.397	2.104	0	0	0	NaN
245	IMG01948.JPG	2.186	1.6	0	0	0	NaN
246	IMG01948.JPG	2.359	0.91	0	0	0	NaN
247	IMG01948.JPG	3.061	0.864	0	0	0	NaN
248	IMG01948.JPG	3.304	1.496	0	0	0	NaN
249	IMG01947.JPG	2.203	1.971	0	0	0	NaN
250	IMG01947.JPG	2.133	1.554	0	0	0	NaN
251	IMG01947.JPG	3.501	1.606	0	0	0	NaN
252	IMG01947.JPG	3.467	1.988	0	0	0	NaN
253	IMG01947.JPG	2.29	1.53	0	0	0	NaN
254	IMG01947.JPG	2.522	0.852	0	0	0	NaN
255	IMG01947.JPG	3.084	0.817	0	0	0	NaN
256	IMG01947.JPG	3.357	1.583	0	0	0	NaN
257	IMG01946.JPG	2.22	2.017	0	0	0	NaN
258	IMG01946.JPG	2.122	1.67	0	0	0	NaN
259	IMG01946.JPG	3.472	1.559	0	0	0	NaN
260	IMG01946.JPG	3.397	1.994	0	0	0	NaN
261	IMG01946.JPG	2.243	1.629	0	0	0	NaN
262	IMG01946.JPG	2.417	0.933	0	0	0	NaN
263	IMG01946.JPG	3.119	0.875	0	0	0	NaN
264	IMG01946.JPG	3.374	1.559	0	0	0	NaN
265	IMG01945.JPG	2.087	2.249	0	0	0	NaN
266	IMG01945.JPG	2.012	1.722	0	0	0	NaN
267	IMG01945.JPG	3.496	1.635	0	0	0	NaN
268	IMG01945.JPG	3.484	2.22	0	0	0	NaN
269	IMG01945.JPG	2.174	1.722	0	0	0	NaN
270	IMG01945.JPG	2.435	0.812	0	0	0	NaN
271	IMG01945.JPG	3.212	0.794	0	0	0	NaN
272	IMG01945.JPG	3.391	1.612	0	0	0	NaN
273	IMG01944.JPG	2.116	1.988	0	0	0	NaN
274	IMG01944.JPG	2.023	1.542	0	0	0	NaN
275	IMG01944.JPG	3.432	1.583	0	0	0	NaN
276	IMG01944.JPG	3.38	1.988	0	0	0	NaN
277	IMG01944.JPG	2.191	1.501	0	0	0	NaN
278	IMG01944.JPG	2.47	0.835	0	0	0	NaN
279	IMG01944.JPG	3.125	0.846	0	0	0	NaN
280	IMG01944.JPG	3.316	1.536	0	0	0	NaN
281	IMG01943.JPG	2.203	1.913	0	0	0	NaN
282	IMG01943.JPG	2.191	1.6	0	0	0	NaN
283	IMG01943.JPG	3.38	1.594	0	0	0	NaN
284	IMG01943.JPG	3.368	1.878	0	0	0	NaN
285	IMG01943.JPG	2.278	1.612	0	0	0	NaN
286	IMG01943.JPG	2.435	1.003	0	0	0	NaN
287	IMG01943.JPG	3.154	0.986	0	0	0	NaN
288	IMG01943.JPG	3.287	1.612	0	0	0	NaN
289	IMG01942.JPG	2.046	2	0	0	0	NaN
290	IMG01942.JPG	2.006	1.635	0	0	0	NaN
291	IMG01942.JPG	3.49	1.577	0	0	0	NaN
292	IMG01942.JPG	3.478	2.046	0	0	0	NaN
293	IMG01942.JPG	2.18	1.577	0	0	0	NaN
294	IMG01942.JPG	2.412	0.904	0	0	0	NaN
295	IMG01942.JPG	3.119	0.893	0	0	0	NaN
296	IMG01942.JPG	3.362	1.565	0	0	0	NaN
297	IMG01941.JPG	2.133	2.07	0	0	0	NaN
298	IMG01941.JPG	2.041	1.646	0	0	0	NaN
299	IMG01941.JPG	3.409	1.571	0	0	0	NaN
300	IMG01941.JPG	3.414	1.977	0	0	0	NaN
301	IMG01941.JPG	2.186	1.612	0	0	0	NaN
302	IMG01941.JPG	2.412	0.951	0	0	0	NaN
303	IMG01941.JPG	3.148	0.933	0	0	0	NaN
304	IMG01941.JPG	3.287	1.571	0	0	0	NaN
305	IMG01940.JPG	2.11	2.023	0	0	0	NaN
306	IMG01940.JPG	2.116	1.641	0	0	0	NaN
307	IMG01940.JPG	3.455	1.641	0	0	0	NaN
308	IMG01940.JPG	3.49	2.012	0	0	0	NaN
309	IMG01940.JPG	2.226	1.635	0	0	0	NaN
310	IMG01940.JPG	2.452	0.991	0	0	0	NaN
311	IMG01940.JPG	3.165	0.997	0	0	0	NaN
312	IMG01940.JPG	3.38	1.629	0	0	0	NaN
313	IMG01939.JPG	2.099	2.052	0	0	0	NaN
314	IMG01939.JPG	2.035	1.658	0	0	0	NaN
315	IMG01939.JPG	3.536	1.641	0	0	0	NaN
316	IMG01939.JPG	3.438	2.058	0	0	0	NaN
317	IMG01939.JPG	2.139	1.623	0	0	0	NaN
318	IMG01939.JPG	2.319	0.765	0	0	0	NaN
319	IMG01939.JPG	3.2	0.777	0	0	0	NaN
320	IMG01939.JPG	3.432	1.588	0	0	0	NaN
321	IMG01938.JPG	2.099	2.035	0	0	0	NaN
322	IMG01938.JPG	2.041	1.699	0	0	0	NaN
323	IMG01938.JPG	3.478	1.646	0	0	0	NaN
324	IMG01938.JPG	3.38	2.046	0	0	0	NaN
325	IMG01938.JPG	2.139	1.652	0	0	0	NaN
326	IMG01938.JPG	2.417	0.835	0	0	0	NaN
327	IMG01938.JPG	3.136	0.812	0	0	0	NaN
328	IMG01938.JPG	3.368	1.641	0	0	0	NaN
329	IMG01937.JPG	2.099	2.029	0	0	0	NaN
330	IMG01937.JPG	2.052	1.699	0	0	0	NaN
331	IMG01937.JPG	3.409	1.623	0	0	0	NaN
332	IMG01937.JPG	3.403	2.023	0	0	0	NaN
333	IMG01937.JPG	2.145	1.652	0	0	0	NaN
334	IMG01937.JPG	2.377	0.899	0	0	0	NaN
335	IMG01937.JPG	3.049	0.875	0	0	0	NaN
336	IMG01937.JPG	3.368	1.594	0	0	0	NaN
337	IMG01936.JPG	2.064	2.128	0	0	0	NaN
338	IMG01936.JPG	1.942	1.646	0	0	0	NaN
339	IMG01936.JPG	3.542	1.542	0	0	0	NaN
340	IMG01936.JPG	3.472	2.052	0	0	0	NaN
341	IMG01936.JPG	2.099	1.641	0	0	0	NaN
342	IMG01936.JPG	2.307	0.783	0	0	0	NaN
343	IMG01936.JPG	3.177	0.783	0	0	0	NaN
344	IMG01936.JPG	3.438	1.525	0	0	0	NaN
345	IMG01935.JPG	1.988	2.186	0	0	0	NaN
346	IMG01935.JPG	1.988	1.617	0	0	0	NaN
347	IMG01935.JPG	3.554	1.588	0	0	0	NaN
348	IMG01935.JPG	3.583	2.157	0	0	0	NaN
349	IMG01935.JPG	2.157	1.606	0	0	0	NaN
350	IMG01935.JPG	2.423	0.806	0	0	0	NaN
351	IMG01935.JPG	3.119	0.812	0	0	0	NaN
352	IMG01935.JPG	3.362	1.554	0	0	0	NaN
353	IMG01934.JPG	2.128	2.075	0	0	0	NaN
354	IMG01934.JPG	2.122	1.664	0	0	0	NaN
355	IMG01934.JPG	3.467	1.606	0	0	0	NaN
356	IMG01934.JPG	3.53	2	0	0	0	NaN
357	IMG01934.JPG	2.209	1.635	0	0	0	NaN
358	IMG01934.JPG	2.452	0.945	0	0	0	NaN
359	IMG01934.JPG	3.148	0.893	0	0	0	NaN
360	IMG01934.JPG	3.38	1.612	0	0	0	NaN
361	IMG01933.JPG	2.168	1.925	0	0	0	NaN
362	IMG01933.JPG	2.139	1.664	0	0	0	NaN
363	IMG01933.JPG	3.403	1.559	0	0	0	NaN
364	IMG01933.JPG	3.403	1.89	0	0	0	NaN
365	IMG01933.JPG	2.22	1.646	0	0	0	NaN
366	IMG01933.JPG	2.336	0.771	0	0	0	NaN
367	IMG01933.JPG	3.02	0.748	0	0	0	NaN
368	IMG01933.JPG	3.293	1.571	0	0	0	NaN
369	IMG01932.JPG	2.249	2.046	0	0	0	NaN
370	IMG01932.JPG	2.203	1.733	0	0	0	NaN
371	IMG01932.JPG	3.409	1.664	0	0	0	NaN
372	IMG01932.JPG	3.374	2.023	0	0	0	NaN
373	IMG01932.JPG	2.29	1.681	0	0	0	NaN
374	IMG01932.JPG	2.412	0.881	0	0	0	NaN
375	IMG01932.JPG	3.154	0.852	0	0	0	NaN
376	IMG01932.JPG	3.299	1.635	0	0	0	NaN
377	IMG01931.JPG	2.145	2.122	0	0	0	NaN
378	IMG01931.JPG	2.07	1.664	0	0	0	NaN
379	IMG01931.JPG	3.513	1.658	0	0	0	NaN
380	IMG01931.JPG	3.478	2.128	0	0	0	NaN
381	IMG01931.JPG	2.272	1.612	0	0	0	NaN
382	IMG01931.JPG	2.481	0.933	0	0	0	NaN
383	IMG01931.JPG	3.177	0.916	0	0	0	NaN
384	IMG01931.JPG	3.391	1.629	0	0	0	NaN
385	IMG01930.JPG	2.128	2.017	0	0	0	NaN
386	IMG01930.JPG	2.087	1.623	0	0	0	NaN
387	IMG01930.JPG	3.426	1.606	0	0	0	NaN
388	IMG01930.JPG	3.403	2.029	0	0	0	NaN
389	IMG01930.JPG	2.226	1.646	0	0	0	NaN
390	IMG01930.JPG	2.493	0.951	0	0	0	NaN
391	IMG01930.JPG	3.183	0.951	0	0	0	NaN
392	IMG01930.JPG	3.316	1.6	0	0	0	NaN
393	IMG01929.JPG	2.168	2.128	0	0	0	NaN
394	IMG01929.JPG	2.093	1.67	0	0	0	NaN
395	IMG01929.JPG	3.583	1.641	0	0	0	NaN
396	IMG01929.JPG	3.588	2.07	0	0	0	NaN
397	IMG01929.JPG	2.255	1.6	0	0	0	NaN
398	IMG01929.JPG	2.423	0.864	0	0	0	NaN
399	IMG01929.JPG	3.27	0.858	0	0	0	NaN
400	IMG01929.JPG	3.472	1.617	0	0	0	NaN
401	IMG01928.JPG	1.977	2.029	0	0	0	NaN
402	IMG01928.JPG	1.971	1.594	0	0	0	NaN
403	IMG01928.JPG	3.461	1.612	0	0	0	NaN
404	IMG01928.JPG	3.455	2.064	0	0	0	NaN
405	IMG01928.JPG	2.104	1.588	0	0	0	NaN
406	IMG01928.JPG	2.313	0.904	0	0	0	NaN
407	IMG01928.JPG	3.125	0.852	0	0	0	NaN
408	IMG01928.JPG	3.351	1.577	0	0	0	NaN
409	IMG01927.JPG	2.099	1.867	0	0	0	NaN
410	IMG01927.JPG	2.064	1.548	0	0	0	NaN
411	IMG01927.JPG	3.414	1.559	0	0	0	NaN
412	IMG01927.JPG	3.397	1.861	0	0	0	NaN
413	IMG01927.JPG	2.197	1.554	0	0	0	NaN
414	IMG01927.JPG	2.383	0.928	0	0	0	NaN
415	IMG01927.JPG	3.084	0.91	0	0	0	NaN
416	IMG01927.JPG	3.287	1.53	0	0	0	NaN
417	IMG01926.JPG	2.162	2.035	0	0	0	NaN
418	IMG01926.JPG	2.122	1.687	0	0	0	NaN
419	IMG01926.JPG	3.449	1.542	0	0	0	NaN
420	IMG01926.JPG	3.38	2.006	0	0	0	NaN
421	IMG01926.JPG	2.249	1.641	0	0	0	NaN
422	IMG01926.JPG	2.446	1.038	0	0	0	NaN
423	IMG01926.JPG	3.067	1.043	0	0	0	NaN
424	IMG01926.JPG	3.316	1.565	0	0	0	NaN
425	IMG01925.JPG	2.07	2.128	0	0	0	NaN
426	IMG01925.JPG	2.012	1.658	0	0	0	NaN
427	IMG01925.JPG	3.42	1.617	0	0	0	NaN
428	IMG01925.JPG	3.357	2.133	0	0	0	NaN
429	IMG01925.JPG	2.174	1.617	0	0	0	NaN
430	IMG01925.JPG	2.394	0.98	0	0	0	NaN
431	IMG01925.JPG	3.061	0.951	0	0	0	NaN
432	IMG01925.JPG	3.287	1.606	0	0	0	NaN
433	IMG01924.JPG	2.099	2.133	0	0	0	NaN
434	IMG01924.JPG	2.075	1.635	0	0	0	NaN
435	IMG01924.JPG	3.536	1.612	0	0	0	NaN
436	IMG01924.JPG	3.571	2.116	0	0	0	NaN
437	IMG01924.JPG	2.203	1.606	0	0	0	NaN
438	IMG01924.JPG	2.499	0.864	0	0	0	NaN
439	IMG01924.JPG	3.183	0.864	0	0	0	NaN
440	IMG01924.JPG	3.461	1.554	0	0	0	NaN
441	IMG01923.JPG	2.023	2.041	0	0	0	NaN
442	IMG01923.JPG	2.035	1.652	0	0	0	NaN
443	IMG01923.JPG	3.449	1.594	0	0	0	NaN
444	IMG01923.JPG	3.496	1.994	0	0	0	NaN
445	IMG01923.JPG	2.168	1.612	0	0	0	NaN
446	IMG01923.JPG	2.4	0.846	0	0	0	NaN
447	IMG01923.JPG	3.136	0.812	0	0	0	NaN
448	IMG01923.JPG	3.386	1.571	0	0	0	NaN
449	IMG01922.JPG	2.186	2.122	0	0	0	NaN
450	IMG01922.JPG	2.145	1.664	0	0	0	NaN
451	IMG01922.JPG	3.536	1.646	0	0	0	NaN
452	IMG01922.JPG	3.525	2.128	0	0	0	NaN
453	IMG01922.JPG	2.255	1.658	0	0	0	NaN
454	IMG01922.JPG	2.435	0.759	0	0	0	NaN
455	IMG01922.JPG	3.287	0.754	0	0	0	NaN
456	IMG01922.JPG	3.403	1.6	0	0	0	NaN
457	IMG01921.JPG	2.284	1.93	0	0	0	NaN
458	IMG01921.JPG	2.232	1.548	0	0	0	NaN
459	IMG01921.JPG	3.455	1.49	0	0	0	NaN
460	IMG01921.JPG	3.455	1.861	0	0	0	NaN
461	IMG01921.JPG	2.336	1.507	0	0	0	NaN
462	IMG01921.JPG	2.528	0.904	0	0	0	NaN
463	IMG01921.JPG	3.148	0.881	0	0	0	NaN
464	IMG01921.JPG	3.345	1.455	0	0	0	NaN
465	IMG01920.JPG	2.012	2.07	0	0	0	NaN
466	IMG01920.JPG	1.954	1.588	0	0	0	NaN
467	IMG01920.JPG	3.49	1.606	0	0	0	NaN
468	IMG01920.JPG	3.432	2.046	0	0	0	NaN
469	IMG01920.JPG	2.139	1.571	0	0	0	NaN
470	IMG01920.JPG	2.359	0.8	0	0	0	NaN
471	IMG01920.JPG	3.072	0.8	0	0	0	NaN
472	IMG01920.JPG	3.322	1.542	0	0	0	NaN
473	IMG01919.JPG	2.139	1.948	0	0	0	NaN
474	IMG01919.JPG	2.18	1.588	0	0	0	NaN
475	IMG01919.JPG	3.414	1.559	0	0	0	NaN
476	IMG01919.JPG	3.455	1.936	0	0	0	NaN
477	IMG01919.JPG	2.261	1.588	0	0	0	NaN
478	IMG01919.JPG	2.429	0.957	0	0	0	NaN
479	IMG01919.JPG	3.148	0.98	0	0	0	NaN
480	IMG01919.JPG	3.333	1.548	0	0	0	NaN
481	IMG01918.JPG	2.243	1.89	0	0	0	NaN
482	IMG01918.JPG	2.18	1.664	0	0	0	NaN
483	IMG01918.JPG	3.357	1.577	0	0	0	NaN
484	IMG01918.JPG	3.293	1.826	0	0	0	NaN
485	IMG01918.JPG	2.267	1.617	0	0	0	NaN
486	IMG01918.JPG	2.464	0.933	0	0	0	NaN
487	IMG01918.JPG	3.072	0.928	0	0	0	NaN
488	IMG01918.JPG	3.275	1.571	0	0	0	NaN
489	IMG01917.JPG	2.11	2.197	0	0	0	NaN
490	IMG01917.JPG	2.012	1.728	0	0	0	NaN
491	IMG01917.JPG	3.53	1.617	0	0	0	NaN
492	IMG01917.JPG	3.536	2.075	0	0	0	NaN
493	IMG01917.JPG	2.174	1.716	0	0	0	NaN
494	IMG01917.JPG	2.475	0.893	0	0	0	NaN
495	IMG01917.JPG	3.136	0.858	0	0	0	NaN
496	IMG01917.JPG	3.409	1.588	0	0	0	NaN
497	IMG01916.JPG	2.278	2.023	0	0	0	NaN
498	IMG01916.JPG	2.203	1.681	0	0	0	NaN
499	IMG01916.JPG	3.414	1.646	0	0	0	NaN
500	IMG01916.JPG	3.351	1.988	0	0	0	NaN
501	IMG01916.JPG	2.325	1.658	0	0	0	NaN
502	IMG01916.JPG	2.528	0.875	0	0	0	NaN
503	IMG01916.JPG	3.188	0.858	0	0	0	NaN
504	IMG01916.JPG	3.304	1.571	0	0	0	NaN
505	IMG01915.JPG	2.319	2.128	0	0	0	NaN
506	IMG01915.JPG	2.151	1.757	0	0	0	NaN
507	IMG01915.JPG	3.501	1.641	0	0	0	NaN
508	IMG01915.JPG	3.42	2.052	0	0	0	NaN
509	IMG01915.JPG	2.296	1.675	0	0	0	NaN
510	IMG01915.JPG	2.475	1.02	0	0	0	NaN
511	IMG01915.JPG	3.13	0.991	0	0	0	NaN
512	IMG01915.JPG	3.357	1.594	0	0	0	NaN
513	IMG01914.JPG	2.267	2.093	0	0	0	NaN
514	IMG01914.JPG	2.145	1.716	0	0	0	NaN
515	IMG01914.JPG	3.606	1.635	0	0	0	NaN
516	IMG01914.JPG	3.513	2.11	0	0	0	NaN
517	IMG01914.JPG	2.249	1.641	0	0	0	NaN
518	IMG01914.JPG	2.493	0.852	0	0	0	NaN
519	IMG01914.JPG	3.246	0.87	0	0	0	NaN
520	IMG01914.JPG	3.501	1.588	0	0	0	NaN
521	IMG01913.JPG	2.139	1.948	0	0	0	NaN
522	IMG01913.JPG	2.104	1.658	0	0	0	NaN
523	IMG01913.JPG	3.449	1.594	0	0	0	NaN
524	IMG01913.JPG	3.461	1.925	0	0	0	NaN
525	IMG01913.JPG	2.226	1.6	0	0	0	NaN
526	IMG01913.JPG	2.47	0.806	0	0	0	NaN
527	IMG01913.JPG	3.107	0.812	0	0	0	NaN
528	IMG01913.JPG	3.328	1.542	0	0	0	NaN
529	IMG01912.JPG	2.319	2.122	0	0	0	NaN
530	IMG01912.JPG	2.186	1.739	0	0	0	NaN
531	IMG01912.JPG	3.53	1.583	0	0	0	NaN
532	IMG01912.JPG	3.432	2.058	0	0	0	NaN
533	IMG01912.JPG	2.296	1.641	0	0	0	NaN
534	IMG01912.JPG	2.487	0.887	0	0	0	NaN
535	IMG01912.JPG	3.148	0.841	0	0	0	NaN
536	IMG01912.JPG	3.414	1.588	0	0	0	NaN
537	IMG01911.JPG	2.191	2.075	0	0	0	NaN
538	IMG01911.JPG	2.122	1.675	0	0	0	NaN
539	IMG01911.JPG	3.403	1.612	0	0	0	NaN
540	IMG01911.JPG	3.409	2.017	0	0	0	NaN
541	IMG01911.JPG	2.272	1.681	0	0	0	NaN
542	IMG01911.JPG	2.464	0.928	0	0	0	NaN
543	IMG01911.JPG	3.188	0.939	0	0	0	NaN
544	IMG01911.JPG	3.304	1.594	0	0	0	NaN
545	IMG01910.JPG	2.267	2.162	0	0	0	NaN
546	IMG01910.JPG	2.151	1.693	0	0	0	NaN
547	IMG01910.JPG	3.507	1.635	0	0	0	NaN
548	IMG01910.JPG	3.53	2.122	0	0	0	NaN
549	IMG01910.JPG	2.336	1.681	0	0	0	NaN
550	IMG01910.JPG	2.545	0.957	0	0	0	NaN
551	IMG01910.JPG	3.258	0.939	0	0	0	NaN
552	IMG01910.JPG	3.403	1.588	0	0	0	NaN
553	IMG01909.JPG	2.214	1.965	0	0	0	NaN
554	IMG01909.JPG	2.151	1.612	0	0	0	NaN
555	IMG01909.JPG	3.432	1.594	0	0	0	NaN
556	IMG01909.JPG	3.414	1.907	0	0	0	NaN
557	IMG01909.JPG	2.255	1.612	0	0	0	NaN
558	IMG01909.JPG	2.441	0.939	0	0	0	NaN
559	IMG01909.JPG	3.154	0.939	0	0	0	NaN
560	IMG01909.JPG	3.339	1.588	0	0	0	NaN
561	IMG01908.JPG	2.145	2.104	0	0	0	NaN
562	IMG01908.JPG	2.168	1.699	0	0	0	NaN
563	IMG01908.JPG	3.519	1.583	0	0	0	NaN
564	IMG01908.JPG	3.571	1.971	0	0	0	NaN
565	IMG01908.JPG	2.284	1.687	0	0	0	NaN
566	IMG01908.JPG	2.458	1.003	0	0	0	NaN
567	IMG01908.JPG	3.159	0.904	0	0	0	NaN
568	IMG01908.JPG	3.397	1.577	0	0	0	NaN
569	IMG01907.JPG	2.162	2.046	0	0	0	NaN
570	IMG01907.JPG	2.093	1.652	0	0	0	NaN
571	IMG01907.JPG	3.386	1.6	0	0	0	NaN
572	IMG01907.JPG	3.345	1.954	0	0	0	NaN
573	IMG01907.JPG	2.174	1.635	0	0	0	NaN
574	IMG01907.JPG	2.446	0.957	0	0	0	NaN
575	IMG01907.JPG	3.113	0.974	0	0	0	NaN
576	IMG01907.JPG	3.27	1.583	0	0	0	NaN
577	IMG01906.JPG	2.075	2.168	0	0	0	NaN
578	IMG01906.JPG	2.006	1.71	0	0	0	NaN
579	IMG01906.JPG	3.548	1.617	0	0	0	NaN
580	IMG01906.JPG	3.513	2.07	0	0	0	NaN
581	IMG01906.JPG	2.058	1.675	0	0	0	NaN
582	IMG01906.JPG	2.359	0.794	0	0	0	NaN
583	IMG01906.JPG	3.055	0.777	0	0	0	NaN
584	IMG01906.JPG	3.397	1.6	0	0	0	NaN
585	IMG01905.JPG	2.104	2.075	0	0	0	NaN
586	IMG01905.JPG	2.093	1.617	0	0	0	NaN
587	IMG01905.JPG	3.478	1.6	0	0	0	NaN
588	IMG01905.JPG	3.49	2.035	0	0	0	NaN
589	IMG01905.JPG	2.255	1.577	0	0	0	NaN
590	IMG01905.JPG	2.446	0.87	0	0	0	NaN
591	IMG01905.JPG	3.13	0.835	0	0	0	NaN
592	IMG01905.JPG	3.316	1.542	0	0	0	NaN
593	IMG01904.JPG	2.099	1.971	0	0	0	NaN
594	IMG01904.JPG	1.971	1.559	0	0	0	NaN
595	IMG01904.JPG	3.501	1.525	0	0	0	NaN
596	IMG01904.JPG	3.438	1.954	0	0	0	NaN
597	IMG01904.JPG	2.197	1.519	0	0	0	NaN
598	IMG01904.JPG	2.446	0.806	0	0	0	NaN
599	IMG01904.JPG	3.13	0.794	0	0	0	NaN
600	IMG01904.JPG	3.391	1.496	0	0	0	NaN
601	IMG01903.JPG	2.151	2.006	0	0	0	NaN
602	IMG01903.JPG	2.093	1.652	0	0	0	NaN
603	IMG01903.JPG	3.443	1.571	0	0	0	NaN
604	IMG01903.JPG	3.368	1.959	0	0	0	NaN
605	IMG01903.JPG	2.214	1.594	0	0	0	NaN
606	IMG01903.JPG	2.435	0.899	0	0	0	NaN
607	IMG01903.JPG	3.136	0.881	0	0	0	NaN
608	IMG01903.JPG	3.345	1.554	0	0	0	NaN
609	IMG01902.JPG	2.116	2.162	0	0	0	NaN
610	IMG01902.JPG	2.075	1.664	0	0	0	NaN
611	IMG01902.JPG	3.53	1.6	0	0	0	NaN
612	IMG01902.JPG	3.49	2.174	0	0	0	NaN
613	IMG01902.JPG	2.255	1.641	0	0	0	NaN
614	IMG01902.JPG	2.475	1.02	0	0	0	NaN
615	IMG01902.JPG	3.183	0.991	0	0	0	NaN
616	IMG01902.JPG	3.386	1.571	0	0	0	NaN
617	IMG01901.JPG	2.162	2.174	0	0	0	NaN
618	IMG01901.JPG	2.133	1.71	0	0	0	NaN
619	IMG01901.JPG	3.513	1.658	0	0	0	NaN
620	IMG01901.JPG	3.484	2.168	0	0	0	NaN
621	IMG01901.JPG	2.255	1.687	0	0	0	NaN
622	IMG01901.JPG	2.528	0.875	0	0	0	NaN
623	IMG01901.JPG	3.113	0.864	0	0	0	NaN
624	IMG01901.JPG	3.403	1.629	0	0	0	NaN
625	IMG01900.JPG	2.157	2.07	0	0	0	NaN
626	IMG01900.JPG	2.081	1.588	0	0	0	NaN
627	IMG01900.JPG	3.455	1.565	0	0	0	NaN
628	IMG01900.JPG	3.455	2.058	0	0	0	NaN
629	IMG01900.JPG	2.238	1.606	0	0	0	NaN
630	IMG01900.JPG	2.394	0.957	0	0	0	NaN
631	IMG01900.JPG	3.159	0.933	0	0	0	NaN
632	IMG01900.JPG	3.328	1.548	0	0	0	NaN
633	IMG01899.JPG	2.139	2.133	0	0	0	NaN
634	IMG01899.JPG	2.023	1.699	0	0	0	NaN
635	IMG01899.JPG	3.641	1.629	0	0	0	NaN
636	IMG01899.JPG	3.588	2.064	0	0	0	NaN
637	IMG01899.JPG	2.249	1.652	0	0	0	NaN
638	IMG01899.JPG	2.423	0.922	0	0	0	NaN
639	IMG01899.JPG	3.212	0.893	0	0	0	NaN
640	IMG01899.JPG	3.443	1.571	0	0	0	NaN
641	IMG01898.JPG	2.197	1.977	0	0	0	NaN
642	IMG01898.JPG	2.133	1.745	0	0	0	NaN
643	IMG01898.JPG	3.368	1.652	0	0	0	NaN
644	IMG01898.JPG	3.357	1.936	0	0	0	NaN
645	IMG01898.JPG	2.261	1.641	0	0	0	NaN
646	IMG01898.JPG	2.406	1.003	0	0	0	NaN
647	IMG01898.JPG	3.107	1.003	0	0	0	NaN
648	IMG01898.JPG	3.281	1.641	0	0	0	NaN
649	IMG01897.JPG	2.081	1.884	0	0	0	NaN
650	IMG01897.JPG	2.023	1.6	0	0	0	NaN
651	IMG01897.JPG	3.449	1.594	0	0	0	NaN
652	IMG01897.JPG	3.42	1.901	0	0	0	NaN
653	IMG01897.JPG	2.151	1.53	0	0	0	NaN
654	IMG01897.JPG	2.359	0.87	0	0	0	NaN
655	IMG01897.JPG	3.188	0.817	0	0	0	NaN
656	IMG01897.JPG	3.339	1.554	0	0	0	NaN
657	IMG01896.JPG	2.203	2.139	0	0	0	NaN
658	IMG01896.JPG	2.099	1.739	0	0	0	NaN
659	IMG01896.JPG	3.38	1.641	0	0	0	NaN
660	IMG01896.JPG	3.38	2.029	0	0	0	NaN
661	IMG01896.JPG	2.22	1.71	0	0	0	NaN
662	IMG01896.JPG	2.47	1.043	0	0	0	NaN
663	IMG01896.JPG	3.061	0.997	0	0	0	NaN
664	IMG01896.JPG	3.27	1.594	0	0	0	NaN
665	IMG01895.JPG	2.174	1.948	0	0	0	NaN
666	IMG01895.JPG	2.151	1.629	0	0	0	NaN
667	IMG01895.JPG	3.501	1.583	0	0	0	NaN
668	IMG01895.JPG	3.472	1.988	0	0	0	NaN
669	IMG01895.JPG	2.267	1.6	0	0	0	NaN
670	IMG01895.JPG	2.377	0.887	0	0	0	NaN
671	IMG01895.JPG	3.206	0.829	0	0	0	NaN
672	IMG01895.JPG	3.386	1.577	0	0	0	NaN
673	IMG01894.JPG	2.099	2.035	0	0	0	NaN
674	IMG01894.JPG	2.11	1.658	0	0	0	NaN
675	IMG01894.JPG	3.426	1.594	0	0	0	NaN
676	IMG01894.JPG	3.438	1.994	0	0	0	NaN
677	IMG01894.JPG	2.226	1.635	0	0	0	NaN
678	IMG01894.JPG	2.441	0.991	0	0	0	NaN
679	IMG01894.JPG	3.113	0.997	0	0	0	NaN
680	IMG01894.JPG	3.316	1.571	0	0	0	NaN
681	IMG01893.JPG	2.151	1.994	0	0	0	NaN
682	IMG01893.JPG	2.11	1.559	0	0	0	NaN
683	IMG01893.JPG	3.414	1.53	0	0	0	NaN
684	IMG01893.JPG	3.397	1.983	0	0	0	NaN
685	IMG01893.JPG	2.272	1.548	0	0	0	NaN
686	IMG01893.JPG	2.504	0.974	0	0	0	NaN
687	IMG01893.JPG	3.078	0.974	0	0	0	NaN
688	IMG01893.JPG	3.281	1.525	0	0	0	NaN
689	IMG01892.JPG	2.168	2.099	0	0	0	NaN
690	IMG01892.JPG	2.081	1.67	0	0	0	NaN
691	IMG01892.JPG	3.443	1.548	0	0	0	NaN
692	IMG01892.JPG	3.426	2.029	0	0	0	NaN
693	IMG01892.JPG	2.203	1.658	0	0	0	NaN
694	IMG01892.JPG	2.383	0.928	0	0	0	NaN
695	IMG01892.JPG	3.119	0.835	0	0	0	NaN
696	IMG01892.JPG	3.357	1.536	0	0	0	NaN
697	IMG01891.JPG	2.017	2.122	0	0	0	NaN
698	IMG01891.JPG	1.983	1.751	0	0	0	NaN
699	IMG01891.JPG	3.53	1.675	0	0	0	NaN
700	IMG01891.JPG	3.478	2.087	0	0	0	NaN
701	IMG01891.JPG	2.122	1.681	0	0	0	NaN
702	IMG01891.JPG	2.412	0.893	0	0	0	NaN
703	IMG01891.JPG	3.096	0.922	0	0	0	NaN
704	IMG01891.JPG	3.351	1.635	0	0	0	NaN
705	IMG01890.JPG	2.064	2.122	0	0	0	NaN
706	IMG01890.JPG	1.988	1.646	0	0	0	NaN
707	IMG01890.JPG	3.501	1.606	0	0	0	NaN
708	IMG01890.JPG	3.484	2.087	0	0	0	NaN
709	IMG01890.JPG	2.151	1.664	0	0	0	NaN
710	IMG01890.JPG	2.446	0.881	0	0	0	NaN
711	IMG01890.JPG	3.101	0.904	0	0	0	NaN
712	IMG01890.JPG	3.391	1.577	0	0	0	NaN
713	IMG01889.JPG	2.174	2.081	0	0	0	NaN
714	IMG01889.JPG	2.104	1.687	0	0	0	NaN
715	IMG01889.JPG	3.478	1.606	0	0	0	NaN
716	IMG01889.JPG	3.507	2.052	0	0	0	NaN
717	IMG01889.JPG	2.214	1.658	0	0	0	NaN
718	IMG01889.JPG	2.487	0.858	0	0	0	NaN
719	IMG01889.JPG	3.159	0.846	0	0	0	NaN
720	IMG01889.JPG	3.345	1.623	0	0	0	NaN
721	IMG01888.JPG	2.168	2.035	0	0	0	NaN
722	IMG01888.JPG	2.093	1.658	0	0	0	NaN
723	IMG01888.JPG	3.455	1.623	0	0	0	NaN
724	IMG01888.JPG	3.426	2.006	0	0	0	NaN
725	IMG01888.JPG	2.226	1.652	0	0	0	NaN
726	IMG01888.JPG	2.464	0.939	0	0	0	NaN
727	IMG01888.JPG	3.171	0.951	0	0	0	NaN
728	IMG01888.JPG	3.351	1.6	0	0	0	NaN
729	IMG01887.JPG	2.093	2.151	0	0	0	NaN
730	IMG01887.JPG	1.988	1.751	0	0	0	NaN
731	IMG01887.JPG	3.478	1.658	0	0	0	NaN
732	IMG01887.JPG	3.42	2.122	0	0	0	NaN
733	IMG01887.JPG	2.18	1.687	0	0	0	NaN
734	IMG01887.JPG	2.342	0.916	0	0	0	NaN
735	IMG01887.JPG	3.084	0.899	0	0	0	NaN
736	IMG01887.JPG	3.316	1.623	0	0	0	NaN
737	IMG01886.JPG	2.29	1.867	0	0	0	NaN
738	IMG01886.JPG	2.209	1.635	0	0	0	NaN
739	IMG01886.JPG	3.374	1.577	0	0	0	NaN
740	IMG01886.JPG	3.362	1.832	0	0	0	NaN
741	IMG01886.JPG	2.307	1.588	0	0	0	NaN
742	IMG01886.JPG	2.493	1.055	0	0	0	NaN
743	IMG01886.JPG	3.096	1.055	0	0	0	NaN
744	IMG01886.JPG	3.293	1.565	0	0	0	NaN
745	IMG01885.JPG	2.151	1.919	0	0	0	NaN
746	IMG01885.JPG	2.122	1.6	0	0	0	NaN
747	IMG01885.JPG	3.426	1.559	0	0	0	NaN
748	IMG01885.JPG	3.351	1.849	0	0	0	NaN
749	IMG01885.JPG	2.232	1.565	0	0	0	NaN
750	IMG01885.JPG	2.423	0.928	0	0	0	NaN
751	IMG01885.JPG	3.165	0.875	0	0	0	NaN
752	IMG01885.JPG	3.299	1.554	0	0	0	NaN
753	IMG01884.JPG	2.104	2.238	0	0	0	NaN
754	IMG01884.JPG	2.012	1.652	0	0	0	NaN
755	IMG01884.JPG	3.554	1.6	0	0	0	NaN
756	IMG01884.JPG	3.548	2.255	0	0	0	NaN
757	IMG01884.JPG	2.214	1.617	0	0	0	NaN
758	IMG01884.JPG	2.446	0.951	0	0	0	NaN
759	IMG01884.JPG	3.188	0.945	0	0	0	NaN
760	IMG01884.JPG	3.374	1.565	0	0	0	NaN
761	IMG01883.JPG	2.186	2.145	0	0	0	NaN
762	IMG01883.JPG	2.11	1.675	0	0	0	NaN
763	IMG01883.JPG	3.438	1.629	0	0	0	NaN
764	IMG01883.JPG	3.391	2.058	0	0	0	NaN
765	IMG01883.JPG	2.243	1.641	0	0	0	NaN
766	IMG01883.JPG	2.435	0.939	0	0	0	NaN
767	IMG01883.JPG	3.148	0.893	0	0	0	NaN
768	IMG01883.JPG	3.293	1.6	0	0	0	NaN
769	IMG01882.JPG	2.214	2.099	0	0	0	NaN
770	IMG01882.JPG	2.133	1.699	0	0	0	NaN
771	IMG01882.JPG	3.449	1.675	0	0	0	NaN
772	IMG01882.JPG	3.432	2.058	0	0	0	NaN
773	IMG01882.JPG	2.29	1.675	0	0	0	NaN
774	IMG01882.JPG	2.539	0.974	0	0	0	NaN
775	IMG01882.JPG	3.148	0.945	0	0	0	NaN
776	IMG01882.JPG	3.339	1.635	0	0	0	NaN
777	IMG01881.JPG	2.11	2.104	0	0	0	NaN
778	IMG01881.JPG	2.046	1.681	0	0	0	NaN
779	IMG01881.JPG	3.478	1.612	0	0	0	NaN
780	IMG01881.JPG	3.501	2.099	0	0	0	NaN
781	IMG01881.JPG	2.214	1.646	0	0	0	NaN
782	IMG01881.JPG	2.412	0.957	0	0	0	NaN
783	IMG01881.JPG	3.188	0.957	0	0	0	NaN
784	IMG01881.JPG	3.333	1.617	0	0	0	NaN
785	IMG01880.JPG	2.243	1.896	0	0	0	NaN
786	IMG01880.JPG	2.174	1.652	0	0	0	NaN
787	IMG01880.JPG	3.443	1.623	0	0	0	NaN
788	IMG01880.JPG	3.362	1.913	0	0	0	NaN
789	IMG01880.JPG	2.307	1.606	0	0	0	NaN
790	IMG01880.JPG	2.475	0.922	0	0	0	NaN
791	IMG01880.JPG	3.212	0.899	0	0	0	NaN
792	IMG01880.JPG	3.351	1.623	0	0	0	NaN
793	IMG01879.JPG	2.162	1.913	0	0	0	NaN
794	IMG01879.JPG	2.128	1.612	0	0	0	NaN
795	IMG01879.JPG	3.559	1.455	0	0	0	NaN
796	IMG01879.JPG	3.542	1.843	0	0	0	NaN
797	IMG01879.JPG	2.209	1.513	0	0	0	NaN
798	IMG01879.JPG	2.4	0.806	0	0	0	NaN
799	IMG01879.JPG	3.183	0.771	0	0	0	NaN
800	IMG01879.JPG	3.414	1.449	0	0	0	NaN
801	IMG01878.JPG	2.133	1.971	0	0	0	NaN
802	IMG01878.JPG	2.081	1.641	0	0	0	NaN
803	IMG01878.JPG	3.403	1.571	0	0	0	NaN
804	IMG01878.JPG	3.426	1.93	0	0	0	NaN
805	IMG01878.JPG	2.203	1.606	0	0	0	NaN
806	IMG01878.JPG	2.487	0.87	0	0	0	NaN
807	IMG01878.JPG	3.084	0.87	0	0	0	NaN
808	IMG01878.JPG	3.304	1.588	0	0	0	NaN
809	IMG01877.JPG	2.145	2.087	0	0	0	NaN
810	IMG01877.JPG	2.075	1.728	0	0	0	NaN
811	IMG01877.JPG	3.426	1.675	0	0	0	NaN
812	IMG01877.JPG	3.443	2.087	0	0	0	NaN
813	IMG01877.JPG	2.18	1.681	0	0	0	NaN
814	IMG01877.JPG	2.423	0.945	0	0	0	NaN
815	IMG01877.JPG	3.014	0.904	0	0	0	NaN
816	IMG01877.JPG	3.299	1.664	0	0	0	NaN
817	IMG01876.JPG	2.186	2.197	0	0	0	NaN
818	IMG01876.JPG	2.133	1.623	0	0	0	NaN
819	IMG01876.JPG	3.455	1.554	0	0	0	NaN
820	IMG01876.JPG	3.455	2.145	0	0	0	NaN
821	IMG01876.JPG	2.313	1.641	0	0	0	NaN
822	IMG01876.JPG	2.522	0.945	0	0	0	NaN
823	IMG01876.JPG	3.13	0.933	0	0	0	NaN
824	IMG01876.JPG	3.333	1.513	0	0	0	NaN
825	IMG01875.JPG	2.191	2.151	0	0	0	NaN
826	IMG01875.JPG	2.093	1.646	0	0	0	NaN
827	IMG01875.JPG	3.675	1.629	0	0	0	NaN
828	IMG01875.JPG	3.67	2.116	0	0	0	NaN
829	IMG01875.JPG	2.272	1.664	0	0	0	NaN
830	IMG01875.JPG	2.609	0.846	0	0	0	NaN
831	IMG01875.JPG	3.264	0.841	0	0	0	NaN
832	IMG01875.JPG	3.559	1.623	0	0	0	NaN
833	IMG01874.JPG	2.307	1.884	0	0	0	NaN
834	IMG01874.JPG	2.238	1.6	0	0	0	NaN
835	IMG01874.JPG	3.449	1.594	0	0	0	NaN
836	IMG01874.JPG	3.403	1.884	0	0	0	NaN
837	IMG01874.JPG	2.348	1.588	0	0	0	NaN
838	IMG01874.JPG	2.586	0.962	0	0	0	NaN
839	IMG01874.JPG	3.142	0.974	0	0	0	NaN
840	IMG01874.JPG	3.345	1.577	0	0	0	NaN
841	IMG01873.JPG	2.139	2.122	0	0	0	NaN
842	IMG01873.JPG	2.087	1.716	0	0	0	NaN
843	IMG01873.JPG	3.664	1.739	0	0	0	NaN
844	IMG01873.JPG	3.583	2.075	0	0	0	NaN
845	IMG01873.JPG	2.174	1.641	0	0	0	NaN
846	IMG01873.JPG	2.464	0.846	0	0	0	NaN
847	IMG01873.JPG	3.27	0.788	0	0	0	NaN
848	IMG01873.JPG	3.554	1.704	0	0	0	NaN
849	IMG01872.JPG	2.116	2.035	0	0	0	NaN
850	IMG01872.JPG	2.093	1.704	0	0	0	NaN
851	IMG01872.JPG	3.299	1.687	0	0	0	NaN
852	IMG01872.JPG	3.194	2.046	0	0	0	NaN
853	IMG01872.JPG	2.186	1.652	0	0	0	NaN
854	IMG01872.JPG	2.371	0.991	0	0	0	NaN
855	IMG01872.JPG	3.043	1.003	0	0	0	NaN
856	IMG01872.JPG	3.2	1.664	0	0	0	NaN
857	IMG01871.JPG	2.157	2.075	0	0	0	NaN
858	IMG01871.JPG	2.081	1.739	0	0	0	NaN
859	IMG01871.JPG	3.542	1.635	0	0	0	NaN
860	IMG01871.JPG	3.49	2.064	0	0	0	NaN
861	IMG01871.JPG	2.267	1.635	0	0	0	NaN
862	IMG01871.JPG	2.429	0.928	0	0	0	NaN
863	IMG01871.JPG	3.217	0.864	0	0	0	NaN
864	IMG01871.JPG	3.386	1.658	0	0	0	NaN
865	IMG01870.JPG	2.278	1.936	0	0	0	NaN
866	IMG01870.JPG	2.18	1.664	0	0	0	NaN
867	IMG01870.JPG	3.472	1.571	0	0	0	NaN
868	IMG01870.JPG	3.357	1.878	0	0	0	NaN
869	IMG01870.JPG	2.278	1.6	0	0	0	NaN
870	IMG01870.JPG	2.47	0.794	0	0	0	NaN
871	IMG01870.JPG	3.125	0.759	0	0	0	NaN
872	IMG01870.JPG	3.374	1.542	0	0	0	NaN