 	Label	X	Y	Circ.	AR	Round	Solidity
1	IMG02305.JPG	2.168	1.861	0	0	0	NaN
2	IMG02305.JPG	2.145	1.577	0	0	0	NaN
3	IMG02305.JPG	3.357	1.571	0	0	0	NaN
4	IMG02305.JPG	3.362	1.768	0	0	0	NaN
5	IMG02305.JPG	2.22	1.565	0	0	0	NaN
6	IMG02305.JPG	2.394	0.881	0	0	0	NaN
7	IMG02305.JPG	3.136	0.858	0	0	0	NaN
8	IMG02305.JPG	3.287	1.525	0	0	0	NaN
9	IMG02400.JPG	2.064	1.919	0	0	0	NaN
10	IMG02400.JPG	2.052	1.565	0	0	0	NaN
11	IMG02400.JPG	3.397	1.594	0	0	0	NaN
12	IMG02400.JPG	3.391	1.942	0	0	0	NaN
13	IMG02400.JPG	2.18	1.565	0	0	0	NaN
14	IMG02400.JPG	2.371	0.951	0	0	0	NaN
15	IMG02400.JPG	3.159	0.904	0	0	0	NaN
16	IMG02400.JPG	3.304	1.577	0	0	0	NaN
17	IMG02399.JPG	2.017	2.104	0	0	0	NaN
18	IMG02399.JPG	1.965	1.681	0	0	0	NaN
19	IMG02399.JPG	3.53	1.617	0	0	0	NaN
20	IMG02399.JPG	3.501	2.041	0	0	0	NaN
21	IMG02399.JPG	2.139	1.658	0	0	0	NaN
22	IMG02399.JPG	2.359	0.98	0	0	0	NaN
23	IMG02399.JPG	3.136	0.962	0	0	0	NaN
24	IMG02399.JPG	3.333	1.559	0	0	0	NaN
25	IMG02398.JPG	2.116	2.023	0	0	0	NaN
26	IMG02398.JPG	2.046	1.6	0	0	0	NaN
27	IMG02398.JPG	3.438	1.617	0	0	0	NaN
28	IMG02398.JPG	3.391	2.046	0	0	0	NaN
29	IMG02398.JPG	2.232	1.548	0	0	0	NaN
30	IMG02398.JPG	2.394	0.933	0	0	0	NaN
31	IMG02398.JPG	3.142	0.87	0	0	0	NaN
32	IMG02398.JPG	3.27	1.519	0	0	0	NaN
33	IMG02397.JPG	2.128	2.371	0	0	0	NaN
34	IMG02397.JPG	2.081	1.635	0	0	0	NaN
35	IMG02397.JPG	3.745	1.548	0	0	0	NaN
36	IMG02397.JPG	3.768	2.243	0	0	0	NaN
37	IMG02397.JPG	2.214	1.612	0	0	0	NaN
38	IMG02397.JPG	2.516	0.968	0	0	0	NaN
39	IMG02397.JPG	3.281	0.922	0	0	0	NaN
40	IMG02397.JPG	3.559	1.53	0	0	0	NaN
41	IMG02396.JPG	2.214	2.116	0	0	0	NaN
42	IMG02396.JPG	2.174	1.675	0	0	0	NaN
43	IMG02396.JPG	3.432	1.652	0	0	0	NaN
44	IMG02396.JPG	3.432	2.087	0	0	0	NaN
45	IMG02396.JPG	2.243	1.623	0	0	0	NaN
46	IMG02396.JPG	2.499	1.02	0	0	0	NaN
47	IMG02396.JPG	3.107	1.02	0	0	0	NaN
48	IMG02396.JPG	3.351	1.646	0	0	0	NaN
49	mIMG02395.tif	2.151	2.064	0	0	0	NaN
50	mIMG02395.tif	2.087	1.554	0	0	0	NaN
51	mIMG02395.tif	3.542	1.542	0	0	0	NaN
52	mIMG02395.tif	3.501	2.046	0	0	0	NaN
53	mIMG02395.tif	2.203	1.525	0	0	0	NaN
54	mIMG02395.tif	2.481	0.829	0	0	0	NaN
55	mIMG02395.tif	3.252	0.788	0	0	0	NaN
56	mIMG02395.tif	3.432	1.496	0	0	0	NaN
57	IMG02394.JPG	2.139	2.197	0	0	0	NaN
58	IMG02394.JPG	2.139	1.687	0	0	0	NaN
59	IMG02394.JPG	3.548	1.629	0	0	0	NaN
60	IMG02394.JPG	3.594	2.093	0	0	0	NaN
61	IMG02394.JPG	2.249	1.664	0	0	0	NaN
62	IMG02394.JPG	2.516	1.003	0	0	0	NaN
63	IMG02394.JPG	3.183	0.986	0	0	0	NaN
64	IMG02394.JPG	3.409	1.635	0	0	0	NaN
65	IMG02393.JPG	2.099	1.988	0	0	0	NaN
66	IMG02393.JPG	2.081	1.67	0	0	0	NaN
67	IMG02393.JPG	3.588	1.606	0	0	0	NaN
68	IMG02393.JPG	3.565	1.925	0	0	0	NaN
69	IMG02393.JPG	2.191	1.652	0	0	0	NaN
70	IMG02393.JPG	2.371	0.881	0	0	0	NaN
71	IMG02393.JPG	3.328	0.835	0	0	0	NaN
72	IMG02393.JPG	3.478	1.571	0	0	0	NaN
73	IMG02392.JPG	2.139	2.029	0	0	0	NaN
74	IMG02392.JPG	2.093	1.699	0	0	0	NaN
75	IMG02392.JPG	3.53	1.577	0	0	0	NaN
76	IMG02392.JPG	3.53	1.965	0	0	0	NaN
77	IMG02392.JPG	2.186	1.681	0	0	0	NaN
78	IMG02392.JPG	2.423	0.852	0	0	0	NaN
79	IMG02392.JPG	3.275	0.881	0	0	0	NaN
80	IMG02392.JPG	3.438	1.571	0	0	0	NaN
81	IMG02391.JPG	2.081	2.18	0	0	0	NaN
82	IMG02391.JPG	1.988	1.809	0	0	0	NaN
83	IMG02391.JPG	3.496	1.664	0	0	0	NaN
84	IMG02391.JPG	3.513	2.093	0	0	0	NaN
85	IMG02391.JPG	2.116	1.751	0	0	0	NaN
86	IMG02391.JPG	2.307	0.904	0	0	0	NaN
87	IMG02391.JPG	3.235	0.875	0	0	0	NaN
88	IMG02391.JPG	3.386	1.606	0	0	0	NaN
89	IMG02390.JPG	2.133	2.023	0	0	0	NaN
90	IMG02390.JPG	2.116	1.699	0	0	0	NaN
91	IMG02390.JPG	3.565	1.635	0	0	0	NaN
92	IMG02390.JPG	3.594	1.942	0	0	0	NaN
93	IMG02390.JPG	2.22	1.658	0	0	0	NaN
94	IMG02390.JPG	2.464	0.852	0	0	0	NaN
95	IMG02390.JPG	3.148	0.841	0	0	0	NaN
96	IMG02390.JPG	3.426	1.623	0	0	0	NaN
97	IMG02389.JPG	2.197	1.959	0	0	0	NaN
98	IMG02389.JPG	2.157	1.583	0	0	0	NaN
99	IMG02389.JPG	3.536	1.542	0	0	0	NaN
100	IMG02389.JPG	3.536	1.954	0	0	0	NaN
101	IMG02389.JPG	2.272	1.565	0	0	0	NaN
102	IMG02389.JPG	2.441	0.794	0	0	0	NaN
103	IMG02389.JPG	3.229	0.748	0	0	0	NaN
104	IMG02389.JPG	3.414	1.519	0	0	0	NaN
105	IMG02388.JPG	2.191	1.93	0	0	0	NaN
106	IMG02388.JPG	2.11	1.629	0	0	0	NaN
107	IMG02388.JPG	3.397	1.53	0	0	0	NaN
108	IMG02388.JPG	3.397	1.814	0	0	0	NaN
109	IMG02388.JPG	2.22	1.6	0	0	0	NaN
110	IMG02388.JPG	2.377	0.87	0	0	0	NaN
111	IMG02388.JPG	3.113	0.835	0	0	0	NaN
112	IMG02388.JPG	3.31	1.542	0	0	0	NaN
113	IMG02387.JPG	2.087	2.075	0	0	0	NaN
114	IMG02387.JPG	2.07	1.641	0	0	0	NaN
115	IMG02387.JPG	3.542	1.565	0	0	0	NaN
116	IMG02387.JPG	3.565	2.041	0	0	0	NaN
117	IMG02387.JPG	2.186	1.612	0	0	0	NaN
118	IMG02387.JPG	2.435	0.951	0	0	0	NaN
119	IMG02387.JPG	3.171	0.922	0	0	0	NaN
120	IMG02387.JPG	3.426	1.548	0	0	0	NaN
121	IMG02386.JPG	2.139	1.965	0	0	0	NaN
122	IMG02386.JPG	2.075	1.606	0	0	0	NaN
123	IMG02386.JPG	3.432	1.559	0	0	0	NaN
124	IMG02386.JPG	3.38	1.913	0	0	0	NaN
125	IMG02386.JPG	2.209	1.565	0	0	0	NaN
126	IMG02386.JPG	2.435	0.91	0	0	0	NaN
127	IMG02386.JPG	3.171	0.904	0	0	0	NaN
128	IMG02386.JPG	3.293	1.519	0	0	0	NaN
129	IMG02385.JPG	2.075	2.139	0	0	0	NaN
130	IMG02385.JPG	1.994	1.675	0	0	0	NaN
131	IMG02385.JPG	3.525	1.571	0	0	0	NaN
132	IMG02385.JPG	3.554	2.052	0	0	0	NaN
133	IMG02385.JPG	2.11	1.664	0	0	0	NaN
134	IMG02385.JPG	2.319	0.817	0	0	0	NaN
135	IMG02385.JPG	3.229	0.8	0	0	0	NaN
136	IMG02385.JPG	3.409	1.571	0	0	0	NaN
137	IMG02384.JPG	2.168	2.145	0	0	0	NaN
138	IMG02384.JPG	2.07	1.704	0	0	0	NaN
139	IMG02384.JPG	3.496	1.629	0	0	0	NaN
140	IMG02384.JPG	3.525	2.006	0	0	0	NaN
141	IMG02384.JPG	2.249	1.658	0	0	0	NaN
142	IMG02384.JPG	2.394	1.026	0	0	0	NaN
143	IMG02384.JPG	3.165	0.974	0	0	0	NaN
144	IMG02384.JPG	3.368	1.588	0	0	0	NaN
145	IMG02383.JPG	2.174	2.226	0	0	0	NaN
146	IMG02383.JPG	2.099	1.623	0	0	0	NaN
147	IMG02383.JPG	3.594	1.594	0	0	0	NaN
148	IMG02383.JPG	3.577	2.191	0	0	0	NaN
149	IMG02383.JPG	2.238	1.67	0	0	0	NaN
150	IMG02383.JPG	2.429	0.887	0	0	0	NaN
151	IMG02383.JPG	3.241	0.841	0	0	0	NaN
152	IMG02383.JPG	3.461	1.548	0	0	0	NaN
153	IMG02382.JPG	2.226	1.814	0	0	0	NaN
154	IMG02382.JPG	2.174	1.536	0	0	0	NaN
155	IMG02382.JPG	3.467	1.525	0	0	0	NaN
156	IMG02382.JPG	3.438	1.814	0	0	0	NaN
157	IMG02382.JPG	2.272	1.496	0	0	0	NaN
158	IMG02382.JPG	2.475	0.91	0	0	0	NaN
159	IMG02382.JPG	3.183	0.916	0	0	0	NaN
160	IMG02382.JPG	3.368	1.478	0	0	0	NaN
161	IMG02381.JPG	2.075	2	0	0	0	NaN
162	IMG02381.JPG	2.029	1.623	0	0	0	NaN
163	IMG02381.JPG	3.42	1.583	0	0	0	NaN
164	IMG02381.JPG	3.443	1.965	0	0	0	NaN
165	IMG02381.JPG	2.151	1.577	0	0	0	NaN
166	IMG02381.JPG	2.458	0.974	0	0	0	NaN
167	IMG02381.JPG	3.113	0.939	0	0	0	NaN
168	IMG02381.JPG	3.316	1.571	0	0	0	NaN
169	IMG02380.JPG	2.017	2.087	0	0	0	NaN
170	IMG02380.JPG	2.023	1.641	0	0	0	NaN
171	IMG02380.JPG	3.577	1.594	0	0	0	NaN
172	IMG02380.JPG	3.617	2.064	0	0	0	NaN
173	IMG02380.JPG	2.151	1.594	0	0	0	NaN
174	IMG02380.JPG	2.412	0.858	0	0	0	NaN
175	IMG02380.JPG	3.177	0.841	0	0	0	NaN
176	IMG02380.JPG	3.461	1.565	0	0	0	NaN
177	IMG02379.JPG	2.029	2.041	0	0	0	NaN
178	IMG02379.JPG	2.029	1.704	0	0	0	NaN
179	IMG02379.JPG	3.49	1.606	0	0	0	NaN
180	IMG02379.JPG	3.461	1.988	0	0	0	NaN
181	IMG02379.JPG	2.128	1.67	0	0	0	NaN
182	IMG02379.JPG	2.33	1.003	0	0	0	NaN
183	IMG02379.JPG	3.148	0.997	0	0	0	NaN
184	IMG02379.JPG	3.368	1.6	0	0	0	NaN
185	IMG02378.JPG	2.128	2.081	0	0	0	NaN
186	IMG02378.JPG	2.145	1.542	0	0	0	NaN
187	IMG02378.JPG	3.467	1.472	0	0	0	NaN
188	IMG02378.JPG	3.525	1.942	0	0	0	NaN
189	IMG02378.JPG	2.238	1.507	0	0	0	NaN
190	IMG02378.JPG	2.383	0.87	0	0	0	NaN
191	IMG02378.JPG	3.125	0.841	0	0	0	NaN
192	IMG02378.JPG	3.368	1.472	0	0	0	NaN
193	IMG02377.JPG	2.139	2.093	0	0	0	NaN
194	IMG02377.JPG	2.075	1.797	0	0	0	NaN
195	IMG02377.JPG	3.49	1.646	0	0	0	NaN
196	IMG02377.JPG	3.426	1.942	0	0	0	NaN
197	IMG02377.JPG	2.209	1.728	0	0	0	NaN
198	IMG02377.JPG	2.365	0.945	0	0	0	NaN
199	IMG02377.JPG	3.165	0.904	0	0	0	NaN
200	IMG02377.JPG	3.42	1.617	0	0	0	NaN
201	IMG02376.JPG	2.017	2.261	0	0	0	NaN
202	IMG02376.JPG	1.983	1.693	0	0	0	NaN
203	IMG02376.JPG	3.612	1.693	0	0	0	NaN
204	IMG02376.JPG	3.6	2.307	0	0	0	NaN
205	IMG02376.JPG	2.139	1.641	0	0	0	NaN
206	IMG02376.JPG	2.359	0.974	0	0	0	NaN
207	IMG02376.JPG	3.27	0.997	0	0	0	NaN
208	IMG02376.JPG	3.49	1.675	0	0	0	NaN
209	IMG02375.JPG	2.035	2.197	0	0	0	NaN
210	IMG02375.JPG	2	1.664	0	0	0	NaN
211	IMG02375.JPG	3.525	1.629	0	0	0	NaN
212	IMG02375.JPG	3.507	2.151	0	0	0	NaN
213	IMG02375.JPG	2.11	1.629	0	0	0	NaN
214	IMG02375.JPG	2.354	0.922	0	0	0	NaN
215	IMG02375.JPG	3.183	0.91	0	0	0	NaN
216	IMG02375.JPG	3.391	1.617	0	0	0	NaN
217	IMG02374.JPG	2.099	1.983	0	0	0	NaN
218	IMG02374.JPG	2.087	1.652	0	0	0	NaN
219	IMG02374.JPG	3.461	1.606	0	0	0	NaN
220	IMG02374.JPG	3.403	2.012	0	0	0	NaN
221	IMG02374.JPG	2.197	1.612	0	0	0	NaN
222	IMG02374.JPG	2.354	0.887	0	0	0	NaN
223	IMG02374.JPG	3.217	0.858	0	0	0	NaN
224	IMG02374.JPG	3.38	1.577	0	0	0	NaN
225	IMG02373.JPG	2.133	1.93	0	0	0	NaN
226	IMG02373.JPG	2.133	1.554	0	0	0	NaN
227	IMG02373.JPG	3.484	1.577	0	0	0	NaN
228	IMG02373.JPG	3.525	1.994	0	0	0	NaN
229	IMG02373.JPG	2.267	1.49	0	0	0	NaN
230	IMG02373.JPG	2.47	0.858	0	0	0	NaN
231	IMG02373.JPG	3.2	0.858	0	0	0	NaN
232	IMG02373.JPG	3.357	1.53	0	0	0	NaN
233	IMG02372.JPG	2.087	1.988	0	0	0	NaN
234	IMG02372.JPG	2.087	1.588	0	0	0	NaN
235	IMG02372.JPG	3.53	1.571	0	0	0	NaN
236	IMG02372.JPG	3.571	1.93	0	0	0	NaN
237	IMG02372.JPG	2.226	1.583	0	0	0	NaN
238	IMG02372.JPG	2.487	1.009	0	0	0	NaN
239	IMG02372.JPG	3.2	1.02	0	0	0	NaN
240	IMG02372.JPG	3.38	1.525	0	0	0	NaN
241	IMG02371.JPG	2.012	2.284	0	0	0	NaN
242	IMG02371.JPG	1.89	1.693	0	0	0	NaN
243	IMG02371.JPG	3.675	1.542	0	0	0	NaN
244	IMG02371.JPG	3.728	2.099	0	0	0	NaN
245	IMG02371.JPG	2.128	1.641	0	0	0	NaN
246	IMG02371.JPG	2.371	0.794	0	0	0	NaN
247	IMG02371.JPG	3.304	0.788	0	0	0	NaN
248	IMG02371.JPG	3.548	1.53	0	0	0	NaN
249	IMG02370.JPG	2.174	2.342	0	0	0	NaN
250	IMG02370.JPG	2.087	1.728	0	0	0	NaN
251	IMG02370.JPG	3.675	1.687	0	0	0	NaN
252	IMG02370.JPG	3.577	2.261	0	0	0	NaN
253	IMG02370.JPG	2.214	1.687	0	0	0	NaN
254	IMG02370.JPG	2.441	0.916	0	0	0	NaN
255	IMG02370.JPG	3.217	0.916	0	0	0	NaN
256	IMG02370.JPG	3.507	1.658	0	0	0	NaN
257	IMG02369.JPG	2.012	2.104	0	0	0	NaN
258	IMG02369.JPG	1.913	1.641	0	0	0	NaN
259	IMG02369.JPG	3.565	1.617	0	0	0	NaN
260	IMG02369.JPG	3.507	2.046	0	0	0	NaN
261	IMG02369.JPG	2.099	1.641	0	0	0	NaN
262	IMG02369.JPG	2.354	0.974	0	0	0	NaN
263	IMG02369.JPG	3.136	0.928	0	0	0	NaN
264	IMG02369.JPG	3.414	1.565	0	0	0	NaN
265	IMG02368.JPG	2.157	2.128	0	0	0	NaN
266	IMG02368.JPG	2.012	1.722	0	0	0	NaN
267	IMG02368.JPG	3.571	1.623	0	0	0	NaN
268	IMG02368.JPG	3.6	2	0	0	0	NaN
269	IMG02368.JPG	2.145	1.646	0	0	0	NaN
270	IMG02368.JPG	2.307	0.841	0	0	0	NaN
271	IMG02368.JPG	3.252	0.806	0	0	0	NaN
272	IMG02368.JPG	3.484	1.6	0	0	0	NaN
273	IMG02367.JPG	2.017	2.087	0	0	0	NaN
274	IMG02367.JPG	1.994	1.658	0	0	0	NaN
275	IMG02367.JPG	3.478	1.646	0	0	0	NaN
276	IMG02367.JPG	3.455	2.087	0	0	0	NaN
277	IMG02367.JPG	2.18	1.583	0	0	0	NaN
278	IMG02367.JPG	2.336	0.957	0	0	0	NaN
279	IMG02367.JPG	3.188	0.974	0	0	0	NaN
280	IMG02367.JPG	3.38	1.664	0	0	0	NaN
281	IMG02366.JPG	2.18	2.006	0	0	0	NaN
282	IMG02366.JPG	2.145	1.565	0	0	0	NaN
283	IMG02366.JPG	3.478	1.478	0	0	0	NaN
284	IMG02366.JPG	3.484	1.965	0	0	0	NaN
285	IMG02366.JPG	2.261	1.536	0	0	0	NaN
286	IMG02366.JPG	2.481	0.87	0	0	0	NaN
287	IMG02366.JPG	3.206	0.875	0	0	0	NaN
288	IMG02366.JPG	3.391	1.484	0	0	0	NaN
289	IMG02365.JPG	2.151	1.919	0	0	0	NaN
290	IMG02365.JPG	2.093	1.664	0	0	0	NaN
291	IMG02365.JPG	3.357	1.6	0	0	0	NaN
292	IMG02365.JPG	3.299	1.907	0	0	0	NaN
293	IMG02365.JPG	2.18	1.623	0	0	0	NaN
294	IMG02365.JPG	2.319	0.899	0	0	0	NaN
295	IMG02365.JPG	3.13	0.899	0	0	0	NaN
296	IMG02365.JPG	3.252	1.583	0	0	0	NaN
297	IMG02364.JPG	2.197	1.884	0	0	0	NaN
298	IMG02364.JPG	2.139	1.536	0	0	0	NaN
299	IMG02364.JPG	3.38	1.496	0	0	0	NaN
300	IMG02364.JPG	3.386	1.884	0	0	0	NaN
301	IMG02364.JPG	2.226	1.49	0	0	0	NaN
302	IMG02364.JPG	2.441	0.875	0	0	0	NaN
303	IMG02364.JPG	3.09	0.858	0	0	0	NaN
304	IMG02364.JPG	3.275	1.49	0	0	0	NaN
305	IMG02363.JPG	2.052	2.104	0	0	0	NaN
306	IMG02363.JPG	2.075	1.641	0	0	0	NaN
307	IMG02363.JPG	3.426	1.571	0	0	0	NaN
308	IMG02363.JPG	3.461	2.157	0	0	0	NaN
309	IMG02363.JPG	2.214	1.594	0	0	0	NaN
310	IMG02363.JPG	2.452	0.968	0	0	0	NaN
311	IMG02363.JPG	3.096	0.974	0	0	0	NaN
312	IMG02363.JPG	3.281	1.559	0	0	0	NaN
313	IMG02362.JPG	2.128	2.052	0	0	0	NaN
314	IMG02362.JPG	2.041	1.519	0	0	0	NaN
315	IMG02362.JPG	3.496	1.583	0	0	0	NaN
316	IMG02362.JPG	3.501	2.029	0	0	0	NaN
317	IMG02362.JPG	2.18	1.53	0	0	0	NaN
318	IMG02362.JPG	2.371	0.783	0	0	0	NaN
319	IMG02362.JPG	3.212	0.835	0	0	0	NaN
320	IMG02362.JPG	3.391	1.536	0	0	0	NaN
321	IMG02361.JPG	2.261	1.959	0	0	0	NaN
322	IMG02361.JPG	2.128	1.594	0	0	0	NaN
323	IMG02361.JPG	3.426	1.501	0	0	0	NaN
324	IMG02361.JPG	3.397	1.872	0	0	0	NaN
325	IMG02361.JPG	2.255	1.565	0	0	0	NaN
326	IMG02361.JPG	2.504	1.026	0	0	0	NaN
327	IMG02361.JPG	3.119	1.02	0	0	0	NaN
328	IMG02361.JPG	3.304	1.478	0	0	0	NaN
329	IMG02360.JPG	2.029	2.087	0	0	0	NaN
330	IMG02360.JPG	1.977	1.629	0	0	0	NaN
331	IMG02360.JPG	3.478	1.623	0	0	0	NaN
332	IMG02360.JPG	3.472	2.087	0	0	0	NaN
333	IMG02360.JPG	2.139	1.641	0	0	0	NaN
334	IMG02360.JPG	2.359	0.806	0	0	0	NaN
335	IMG02360.JPG	3.09	0.806	0	0	0	NaN
336	IMG02360.JPG	3.351	1.588	0	0	0	NaN
337	IMG02359.JPG	2.093	2.157	0	0	0	NaN
338	IMG02359.JPG	2.006	1.658	0	0	0	NaN
339	IMG02359.JPG	3.594	1.478	0	0	0	NaN
340	IMG02359.JPG	3.583	2	0	0	0	NaN
341	IMG02359.JPG	2.11	1.577	0	0	0	NaN
342	IMG02359.JPG	2.336	0.748	0	0	0	NaN
343	IMG02359.JPG	3.304	0.736	0	0	0	NaN
344	IMG02359.JPG	3.519	1.484	0	0	0	NaN
345	IMG02358.JPG	2.151	2.174	0	0	0	NaN
346	IMG02358.JPG	2.035	1.733	0	0	0	NaN
347	IMG02358.JPG	3.536	1.652	0	0	0	NaN
348	IMG02358.JPG	3.53	2.133	0	0	0	NaN
349	IMG02358.JPG	2.186	1.675	0	0	0	NaN
350	IMG02358.JPG	2.4	0.87	0	0	0	NaN
351	IMG02358.JPG	3.188	0.864	0	0	0	NaN
352	IMG02358.JPG	3.391	1.588	0	0	0	NaN
353	IMG02357.JPG	2.203	2.046	0	0	0	NaN
354	IMG02357.JPG	2.157	1.722	0	0	0	NaN
355	IMG02357.JPG	3.472	1.635	0	0	0	NaN
356	IMG02357.JPG	3.449	2.052	0	0	0	NaN
357	IMG02357.JPG	2.296	1.687	0	0	0	NaN
358	IMG02357.JPG	2.423	1.026	0	0	0	NaN
359	IMG02357.JPG	3.188	1.032	0	0	0	NaN
360	IMG02357.JPG	3.345	1.594	0	0	0	NaN
361	IMG02356.JPG	2.203	2.081	0	0	0	NaN
362	IMG02356.JPG	2.174	1.623	0	0	0	NaN
363	IMG02356.JPG	3.455	1.606	0	0	0	NaN
364	IMG02356.JPG	3.438	2.099	0	0	0	NaN
365	IMG02356.JPG	2.313	1.606	0	0	0	NaN
366	IMG02356.JPG	2.429	0.986	0	0	0	NaN
367	IMG02356.JPG	3.159	0.962	0	0	0	NaN
368	IMG02356.JPG	3.304	1.554	0	0	0	NaN
369	IMG02355.JPG	2.104	2.139	0	0	0	NaN
370	IMG02355.JPG	1.977	1.67	0	0	0	NaN
371	IMG02355.JPG	3.478	1.658	0	0	0	NaN
372	IMG02355.JPG	3.455	2.006	0	0	0	NaN
373	IMG02355.JPG	2.099	1.687	0	0	0	NaN
374	IMG02355.JPG	2.342	0.928	0	0	0	NaN
375	IMG02355.JPG	3.177	0.945	0	0	0	NaN
376	IMG02355.JPG	3.391	1.617	0	0	0	NaN
377	IMG02354.JPG	2.191	2.006	0	0	0	NaN
378	IMG02354.JPG	2.128	1.594	0	0	0	NaN
379	IMG02354.JPG	3.403	1.583	0	0	0	NaN
380	IMG02354.JPG	3.345	2.017	0	0	0	NaN
381	IMG02354.JPG	2.232	1.612	0	0	0	NaN
382	IMG02354.JPG	2.446	1.038	0	0	0	NaN
383	IMG02354.JPG	3.13	1.02	0	0	0	NaN
384	IMG02354.JPG	3.31	1.6	0	0	0	NaN
385	IMG02353.JPG	2.157	1.959	0	0	0	NaN
386	IMG02353.JPG	2.07	1.554	0	0	0	NaN
387	IMG02353.JPG	3.478	1.571	0	0	0	NaN
388	IMG02353.JPG	3.467	1.965	0	0	0	NaN
389	IMG02353.JPG	2.203	1.542	0	0	0	NaN
390	IMG02353.JPG	2.446	0.957	0	0	0	NaN
391	IMG02353.JPG	3.142	0.968	0	0	0	NaN
392	IMG02353.JPG	3.339	1.548	0	0	0	NaN
393	IMG02352.JPG	2.151	1.965	0	0	0	NaN
394	IMG02352.JPG	2.128	1.652	0	0	0	NaN
395	IMG02352.JPG	3.42	1.559	0	0	0	NaN
396	IMG02352.JPG	3.426	1.913	0	0	0	NaN
397	IMG02352.JPG	2.203	1.641	0	0	0	NaN
398	IMG02352.JPG	2.325	0.916	0	0	0	NaN
399	IMG02352.JPG	3.125	0.899	0	0	0	NaN
400	IMG02352.JPG	3.328	1.565	0	0	0	NaN
401	IMG02351.JPG	2.116	2.006	0	0	0	NaN
402	IMG02351.JPG	2.064	1.652	0	0	0	NaN
403	IMG02351.JPG	3.397	1.519	0	0	0	NaN
404	IMG02351.JPG	3.403	1.907	0	0	0	NaN
405	IMG02351.JPG	2.157	1.646	0	0	0	NaN
406	IMG02351.JPG	2.359	0.939	0	0	0	NaN
407	IMG02351.JPG	3.125	0.928	0	0	0	NaN
408	IMG02351.JPG	3.281	1.53	0	0	0	NaN
409	IMG02350.JPG	2.075	1.965	0	0	0	NaN
410	IMG02350.JPG	2.046	1.629	0	0	0	NaN
411	IMG02350.JPG	3.443	1.606	0	0	0	NaN
412	IMG02350.JPG	3.403	1.971	0	0	0	NaN
413	IMG02350.JPG	2.145	1.588	0	0	0	NaN
414	IMG02350.JPG	2.33	0.893	0	0	0	NaN
415	IMG02350.JPG	3.13	0.893	0	0	0	NaN
416	IMG02350.JPG	3.322	1.583	0	0	0	NaN
417	IMG02349.JPG	2.22	1.936	0	0	0	NaN
418	IMG02349.JPG	2.133	1.6	0	0	0	NaN
419	IMG02349.JPG	3.478	1.525	0	0	0	NaN
420	IMG02349.JPG	3.455	1.936	0	0	0	NaN
421	IMG02349.JPG	2.226	1.588	0	0	0	NaN
422	IMG02349.JPG	2.464	0.899	0	0	0	NaN
423	IMG02349.JPG	3.159	0.899	0	0	0	NaN
424	IMG02349.JPG	3.374	1.513	0	0	0	NaN
425	IMG02348.JPG	2.104	2.087	0	0	0	NaN
426	IMG02348.JPG	2.087	1.646	0	0	0	NaN
427	IMG02348.JPG	3.513	1.571	0	0	0	NaN
428	IMG02348.JPG	3.536	2.041	0	0	0	NaN
429	IMG02348.JPG	2.197	1.588	0	0	0	NaN
430	IMG02348.JPG	2.458	0.968	0	0	0	NaN
431	IMG02348.JPG	3.229	0.986	0	0	0	NaN
432	IMG02348.JPG	3.386	1.594	0	0	0	NaN
433	IMG02347.JPG	2.209	2	0	0	0	NaN
434	IMG02347.JPG	2.139	1.652	0	0	0	NaN
435	IMG02347.JPG	3.519	1.577	0	0	0	NaN
436	IMG02347.JPG	3.472	1.971	0	0	0	NaN
437	IMG02347.JPG	2.243	1.646	0	0	0	NaN
438	IMG02347.JPG	2.423	0.928	0	0	0	NaN
439	IMG02347.JPG	3.206	0.916	0	0	0	NaN
440	IMG02347.JPG	3.374	1.554	0	0	0	NaN
441	IMG02346.JPG	2.075	2.075	0	0	0	NaN
442	IMG02346.JPG	2.046	1.612	0	0	0	NaN
443	IMG02346.JPG	3.49	1.554	0	0	0	NaN
444	IMG02346.JPG	3.536	2.041	0	0	0	NaN
445	IMG02346.JPG	2.197	1.577	0	0	0	NaN
446	IMG02346.JPG	2.429	0.893	0	0	0	NaN
447	IMG02346.JPG	3.171	0.87	0	0	0	NaN
448	IMG02346.JPG	3.374	1.525	0	0	0	NaN
449	IMG02345.JPG	2.214	2.139	0	0	0	NaN
450	IMG02345.JPG	2.116	1.722	0	0	0	NaN
451	IMG02345.JPG	3.484	1.623	0	0	0	NaN
452	IMG02345.JPG	3.443	2.075	0	0	0	NaN
453	IMG02345.JPG	2.278	1.687	0	0	0	NaN
454	IMG02345.JPG	2.423	0.945	0	0	0	NaN
455	IMG02345.JPG	3.252	0.939	0	0	0	NaN
456	IMG02345.JPG	3.403	1.623	0	0	0	NaN
457	IMG02344.JPG	2.099	2.052	0	0	0	NaN
458	IMG02344.JPG	2.064	1.681	0	0	0	NaN
459	IMG02344.JPG	3.362	1.6	0	0	0	NaN
460	IMG02344.JPG	3.368	2.006	0	0	0	NaN
461	IMG02344.JPG	2.168	1.652	0	0	0	NaN
462	IMG02344.JPG	2.388	0.945	0	0	0	NaN
463	IMG02344.JPG	3.119	0.945	0	0	0	NaN
464	IMG02344.JPG	3.264	1.583	0	0	0	NaN
465	IMG02343.JPG	2.046	2.075	0	0	0	NaN
466	IMG02343.JPG	2.006	1.606	0	0	0	NaN
467	IMG02343.JPG	3.588	1.536	0	0	0	NaN
468	IMG02343.JPG	3.513	2.029	0	0	0	NaN
469	IMG02343.JPG	2.116	1.606	0	0	0	NaN
470	IMG02343.JPG	2.394	0.875	0	0	0	NaN
471	IMG02343.JPG	3.2	0.899	0	0	0	NaN
472	IMG02343.JPG	3.461	1.548	0	0	0	NaN
473	IMG02342.JPG	2.209	1.959	0	0	0	NaN
474	IMG02342.JPG	2.139	1.646	0	0	0	NaN
475	IMG02342.JPG	3.443	1.606	0	0	0	NaN
476	IMG02342.JPG	3.386	2	0	0	0	NaN
477	IMG02342.JPG	2.29	1.612	0	0	0	NaN
478	IMG02342.JPG	2.452	0.968	0	0	0	NaN
479	IMG02342.JPG	3.159	0.968	0	0	0	NaN
480	IMG02342.JPG	3.333	1.594	0	0	0	NaN
481	IMG02341.JPG	2.186	2.023	0	0	0	NaN
482	IMG02341.JPG	2.116	1.658	0	0	0	NaN
483	IMG02341.JPG	3.397	1.577	0	0	0	NaN
484	IMG02341.JPG	3.438	1.977	0	0	0	NaN
485	IMG02341.JPG	2.243	1.629	0	0	0	NaN
486	IMG02341.JPG	2.441	0.864	0	0	0	NaN
487	IMG02341.JPG	3.096	0.841	0	0	0	NaN
488	IMG02341.JPG	3.304	1.583	0	0	0	NaN
489	IMG02340.JPG	2.151	2.023	0	0	0	NaN
490	IMG02340.JPG	2.099	1.606	0	0	0	NaN
491	IMG02340.JPG	3.507	1.583	0	0	0	NaN
492	IMG02340.JPG	3.467	1.977	0	0	0	NaN
493	IMG02340.JPG	2.226	1.6	0	0	0	NaN
494	IMG02340.JPG	2.388	0.916	0	0	0	NaN
495	IMG02340.JPG	3.2	0.951	0	0	0	NaN
496	IMG02340.JPG	3.403	1.513	0	0	0	NaN
497	IMG02339.JPG	2.145	1.994	0	0	0	NaN
498	IMG02339.JPG	2.133	1.646	0	0	0	NaN
499	IMG02339.JPG	3.397	1.6	0	0	0	NaN
500	IMG02339.JPG	3.391	1.977	0	0	0	NaN
501	IMG02339.JPG	2.203	1.646	0	0	0	NaN
502	IMG02339.JPG	2.394	1.009	0	0	0	NaN
503	IMG02339.JPG	3.096	1.003	0	0	0	NaN
504	IMG02339.JPG	3.31	1.606	0	0	0	NaN
505	IMG02338.JPG	2.151	1.988	0	0	0	NaN
506	IMG02338.JPG	2.104	1.583	0	0	0	NaN
507	IMG02338.JPG	3.484	1.577	0	0	0	NaN
508	IMG02338.JPG	3.507	1.942	0	0	0	NaN
509	IMG02338.JPG	2.203	1.594	0	0	0	NaN
510	IMG02338.JPG	2.429	1.038	0	0	0	NaN
511	IMG02338.JPG	3.212	1.032	0	0	0	NaN
512	IMG02338.JPG	3.397	1.542	0	0	0	NaN
513	IMG02337.JPG	2.22	2.104	0	0	0	NaN
514	IMG02337.JPG	2.168	1.675	0	0	0	NaN
515	IMG02337.JPG	3.548	1.583	0	0	0	NaN
516	IMG02337.JPG	3.501	2.006	0	0	0	NaN
517	IMG02337.JPG	2.284	1.629	0	0	0	NaN
518	IMG02337.JPG	2.499	0.991	0	0	0	NaN
519	IMG02337.JPG	3.252	1.003	0	0	0	NaN
520	IMG02337.JPG	3.426	1.571	0	0	0	NaN
521	IMG02336.JPG	2.203	2.064	0	0	0	NaN
522	IMG02336.JPG	2.139	1.693	0	0	0	NaN
523	IMG02336.JPG	3.472	1.559	0	0	0	NaN
524	IMG02336.JPG	3.478	1.971	0	0	0	NaN
525	IMG02336.JPG	2.249	1.681	0	0	0	NaN
526	IMG02336.JPG	2.435	1.084	0	0	0	NaN
527	IMG02336.JPG	3.125	1.055	0	0	0	NaN
528	IMG02336.JPG	3.362	1.571	0	0	0	NaN
529	IMG02335.JPG	2.186	2.122	0	0	0	NaN
530	IMG02335.JPG	2.139	1.733	0	0	0	NaN
531	IMG02335.JPG	3.426	1.612	0	0	0	NaN
532	IMG02335.JPG	3.461	1.994	0	0	0	NaN
533	IMG02335.JPG	2.249	1.704	0	0	0	NaN
534	IMG02335.JPG	2.464	1.072	0	0	0	NaN
535	IMG02335.JPG	3.136	1.049	0	0	0	NaN
536	IMG02335.JPG	3.316	1.612	0	0	0	NaN
537	IMG02334.JPG	2.075	2.197	0	0	0	NaN
538	IMG02334.JPG	2.099	1.728	0	0	0	NaN
539	IMG02334.JPG	3.588	1.594	0	0	0	NaN
540	IMG02334.JPG	3.617	2.093	0	0	0	NaN
541	IMG02334.JPG	2.249	1.67	0	0	0	NaN
542	IMG02334.JPG	2.458	0.98	0	0	0	NaN
543	IMG02334.JPG	3.252	0.962	0	0	0	NaN
544	IMG02334.JPG	3.472	1.6	0	0	0	NaN
545	IMG02333.JPG	2.151	2.099	0	0	0	NaN
546	IMG02333.JPG	2.046	1.78	0	0	0	NaN
547	IMG02333.JPG	3.559	1.664	0	0	0	NaN
548	IMG02333.JPG	3.559	1.954	0	0	0	NaN
549	IMG02333.JPG	2.203	1.704	0	0	0	NaN
550	IMG02333.JPG	2.452	0.939	0	0	0	NaN
551	IMG02333.JPG	3.171	0.916	0	0	0	NaN
552	IMG02333.JPG	3.386	1.623	0	0	0	NaN
553	IMG02332.JPG	2.157	2.133	0	0	0	NaN
554	IMG02332.JPG	2.145	1.623	0	0	0	NaN
555	IMG02332.JPG	3.588	1.588	0	0	0	NaN
556	IMG02332.JPG	3.559	2.133	0	0	0	NaN
557	IMG02332.JPG	2.249	1.588	0	0	0	NaN
558	IMG02332.JPG	2.417	0.98	0	0	0	NaN
559	IMG02332.JPG	3.229	0.974	0	0	0	NaN
560	IMG02332.JPG	3.461	1.577	0	0	0	NaN
561	IMG02331.JPG	2.197	2.041	0	0	0	NaN
562	IMG02331.JPG	2.11	1.704	0	0	0	NaN
563	IMG02331.JPG	3.432	1.629	0	0	0	NaN
564	IMG02331.JPG	3.391	1.977	0	0	0	NaN
565	IMG02331.JPG	2.186	1.67	0	0	0	NaN
566	IMG02331.JPG	2.435	1.078	0	0	0	NaN
567	IMG02331.JPG	3.13	1.078	0	0	0	NaN
568	IMG02331.JPG	3.322	1.617	0	0	0	NaN
569	IMG02330.JPG	2.214	2.087	0	0	0	NaN
570	IMG02330.JPG	2.081	1.681	0	0	0	NaN
571	IMG02330.JPG	3.501	1.623	0	0	0	NaN
572	IMG02330.JPG	3.496	2	0	0	0	NaN
573	IMG02330.JPG	2.243	1.629	0	0	0	NaN
574	IMG02330.JPG	2.464	0.98	0	0	0	NaN
575	IMG02330.JPG	3.188	0.957	0	0	0	NaN
576	IMG02330.JPG	3.316	1.565	0	0	0	NaN
577	IMG02329.JPG	2.11	1.919	0	0	0	NaN
578	IMG02329.JPG	2.012	1.478	0	0	0	NaN
579	IMG02329.JPG	3.501	1.536	0	0	0	NaN
580	IMG02329.JPG	3.472	2	0	0	0	NaN
581	IMG02329.JPG	2.174	1.443	0	0	0	NaN
582	IMG02329.JPG	2.4	0.794	0	0	0	NaN
583	IMG02329.JPG	3.258	0.846	0	0	0	NaN
584	IMG02329.JPG	3.368	1.536	0	0	0	NaN
585	IMG02328.JPG	2.122	2.11	0	0	0	NaN
586	IMG02328.JPG	2.093	1.6	0	0	0	NaN
587	IMG02328.JPG	3.571	1.583	0	0	0	NaN
588	IMG02328.JPG	3.629	2.035	0	0	0	NaN
589	IMG02328.JPG	2.197	1.606	0	0	0	NaN
590	IMG02328.JPG	2.429	0.974	0	0	0	NaN
591	IMG02328.JPG	3.258	0.957	0	0	0	NaN
592	IMG02328.JPG	3.461	1.571	0	0	0	NaN
593	IMG02327.JPG	2.012	2.174	0	0	0	NaN
594	IMG02327.JPG	1.988	1.704	0	0	0	NaN
595	IMG02327.JPG	3.49	1.588	0	0	0	NaN
596	IMG02327.JPG	3.536	2.075	0	0	0	NaN
597	IMG02327.JPG	2.151	1.675	0	0	0	NaN
598	IMG02327.JPG	2.446	1.009	0	0	0	NaN
599	IMG02327.JPG	3.217	0.968	0	0	0	NaN
600	IMG02327.JPG	3.362	1.571	0	0	0	NaN
601	IMG02326.JPG	2.133	2.139	0	0	0	NaN
602	IMG02326.JPG	2.023	1.687	0	0	0	NaN
603	IMG02326.JPG	3.49	1.583	0	0	0	NaN
604	IMG02326.JPG	3.519	1.988	0	0	0	NaN
605	IMG02326.JPG	2.186	1.675	0	0	0	NaN
606	IMG02326.JPG	2.417	0.968	0	0	0	NaN
607	IMG02326.JPG	3.171	0.928	0	0	0	NaN
608	IMG02326.JPG	3.374	1.583	0	0	0	NaN
609	IMG02325.JPG	2.284	1.977	0	0	0	NaN
610	IMG02325.JPG	2.18	1.594	0	0	0	NaN
611	IMG02325.JPG	3.449	1.6	0	0	0	NaN
612	IMG02325.JPG	3.374	1.948	0	0	0	NaN
613	IMG02325.JPG	2.29	1.577	0	0	0	NaN
614	IMG02325.JPG	2.458	0.87	0	0	0	NaN
615	IMG02325.JPG	3.2	0.87	0	0	0	NaN
616	IMG02325.JPG	3.339	1.612	0	0	0	NaN
617	IMG02324.JPG	2.162	1.959	0	0	0	NaN
618	IMG02324.JPG	2.122	1.612	0	0	0	NaN
619	IMG02324.JPG	3.449	1.583	0	0	0	NaN
620	IMG02324.JPG	3.42	1.988	0	0	0	NaN
621	IMG02324.JPG	2.226	1.612	0	0	0	NaN
622	IMG02324.JPG	2.446	1.078	0	0	0	NaN
623	IMG02324.JPG	3.13	1.078	0	0	0	NaN
624	IMG02324.JPG	3.345	1.571	0	0	0	NaN
625	IMG02323.JPG	2.093	1.977	0	0	0	NaN
626	IMG02323.JPG	2.046	1.548	0	0	0	NaN
627	IMG02323.JPG	3.501	1.571	0	0	0	NaN
628	IMG02323.JPG	3.467	2.052	0	0	0	NaN
629	IMG02323.JPG	2.18	1.53	0	0	0	NaN
630	IMG02323.JPG	2.417	1.055	0	0	0	NaN
631	IMG02323.JPG	3.148	1.067	0	0	0	NaN
632	IMG02323.JPG	3.351	1.513	0	0	0	NaN
633	IMG02322.JPG	2.099	2.075	0	0	0	NaN
634	IMG02322.JPG	2.087	1.646	0	0	0	NaN
635	IMG02322.JPG	3.525	1.617	0	0	0	NaN
636	IMG02322.JPG	3.467	2.064	0	0	0	NaN
637	IMG02322.JPG	2.22	1.629	0	0	0	NaN
638	IMG02322.JPG	2.429	1.032	0	0	0	NaN
639	IMG02322.JPG	3.252	1.02	0	0	0	NaN
640	IMG02322.JPG	3.38	1.635	0	0	0	NaN
641	IMG02321.JPG	2.197	2.087	0	0	0	NaN
642	IMG02321.JPG	2.151	1.67	0	0	0	NaN
643	IMG02321.JPG	3.507	1.606	0	0	0	NaN
644	IMG02321.JPG	3.519	2.023	0	0	0	NaN
645	IMG02321.JPG	2.238	1.675	0	0	0	NaN
646	IMG02321.JPG	2.388	0.928	0	0	0	NaN
647	IMG02321.JPG	3.136	0.928	0	0	0	NaN
648	IMG02321.JPG	3.368	1.588	0	0	0	NaN
649	IMG02320.JPG	2.191	1.919	0	0	0	NaN
650	IMG02320.JPG	2.151	1.635	0	0	0	NaN
651	IMG02320.JPG	3.496	1.519	0	0	0	NaN
652	IMG02320.JPG	3.467	1.861	0	0	0	NaN
653	IMG02320.JPG	2.261	1.6	0	0	0	NaN
654	IMG02320.JPG	2.475	0.922	0	0	0	NaN
655	IMG02320.JPG	3.235	0.904	0	0	0	NaN
656	IMG02320.JPG	3.403	1.496	0	0	0	NaN
657	IMG02319.JPG	2.104	2.133	0	0	0	NaN
658	IMG02319.JPG	2.075	1.652	0	0	0	NaN
659	IMG02319.JPG	3.449	1.687	0	0	0	NaN
660	IMG02319.JPG	3.403	2.104	0	0	0	NaN
661	IMG02319.JPG	2.168	1.652	0	0	0	NaN
662	IMG02319.JPG	2.423	0.933	0	0	0	NaN
663	IMG02319.JPG	3.142	0.916	0	0	0	NaN
664	IMG02319.JPG	3.351	1.675	0	0	0	NaN
665	IMG02318.JPG	2.064	2.075	0	0	0	NaN
666	IMG02318.JPG	2.017	1.612	0	0	0	NaN
667	IMG02318.JPG	3.496	1.583	0	0	0	NaN
668	IMG02318.JPG	3.49	2.029	0	0	0	NaN
669	IMG02318.JPG	2.191	1.583	0	0	0	NaN
670	IMG02318.JPG	2.371	0.922	0	0	0	NaN
671	IMG02318.JPG	3.125	0.951	0	0	0	NaN
672	IMG02318.JPG	3.345	1.559	0	0	0	NaN
673	IMG02317.JPG	2.203	1.977	0	0	0	NaN
674	IMG02317.JPG	2.133	1.704	0	0	0	NaN
675	IMG02317.JPG	3.403	1.577	0	0	0	NaN
676	IMG02317.JPG	3.414	1.907	0	0	0	NaN
677	IMG02317.JPG	2.249	1.675	0	0	0	NaN
678	IMG02317.JPG	2.348	0.945	0	0	0	NaN
679	IMG02317.JPG	3.101	0.916	0	0	0	NaN
680	IMG02317.JPG	3.316	1.577	0	0	0	NaN
681	IMG02316.JPG	2.197	2.052	0	0	0	NaN
682	IMG02316.JPG	2.104	1.646	0	0	0	NaN
683	IMG02316.JPG	3.623	1.577	0	0	0	NaN
684	IMG02316.JPG	3.554	1.907	0	0	0	NaN
685	IMG02316.JPG	2.232	1.612	0	0	0	NaN
686	IMG02316.JPG	2.435	0.748	0	0	0	NaN
687	IMG02316.JPG	3.206	0.696	0	0	0	NaN
688	IMG02316.JPG	3.484	1.513	0	0	0	NaN
689	IMG02315.JPG	2.18	1.89	0	0	0	NaN
690	IMG02315.JPG	2.133	1.658	0	0	0	NaN
691	IMG02315.JPG	3.426	1.6	0	0	0	NaN
692	IMG02315.JPG	3.386	1.82	0	0	0	NaN
693	IMG02315.JPG	2.243	1.6	0	0	0	NaN
694	IMG02315.JPG	2.377	0.852	0	0	0	NaN
695	IMG02315.JPG	3.148	0.823	0	0	0	NaN
696	IMG02315.JPG	3.351	1.594	0	0	0	NaN
697	IMG02314.JPG	2.209	2.023	0	0	0	NaN
698	IMG02314.JPG	2.139	1.675	0	0	0	NaN
699	IMG02314.JPG	3.536	1.594	0	0	0	NaN
700	IMG02314.JPG	3.554	1.948	0	0	0	NaN
701	IMG02314.JPG	2.272	1.623	0	0	0	NaN
702	IMG02314.JPG	2.47	0.875	0	0	0	NaN
703	IMG02314.JPG	3.258	0.864	0	0	0	NaN
704	IMG02314.JPG	3.455	1.6	0	0	0	NaN
705	IMG02313.JPG	2.162	2.041	0	0	0	NaN
706	IMG02313.JPG	2.046	1.652	0	0	0	NaN
707	IMG02313.JPG	3.501	1.583	0	0	0	NaN
708	IMG02313.JPG	3.484	1.983	0	0	0	NaN
709	IMG02313.JPG	2.168	1.641	0	0	0	NaN
710	IMG02313.JPG	2.4	0.881	0	0	0	NaN
711	IMG02313.JPG	3.206	0.846	0	0	0	NaN
712	IMG02313.JPG	3.38	1.571	0	0	0	NaN
713	IMG02312.JPG	2.174	2.128	0	0	0	NaN
714	IMG02312.JPG	2.093	1.693	0	0	0	NaN
715	IMG02312.JPG	3.525	1.588	0	0	0	NaN
716	IMG02312.JPG	3.513	2.046	0	0	0	NaN
717	IMG02312.JPG	2.22	1.658	0	0	0	NaN
718	IMG02312.JPG	2.377	0.91	0	0	0	NaN
719	IMG02312.JPG	3.148	0.875	0	0	0	NaN
720	IMG02312.JPG	3.403	1.6	0	0	0	NaN
721	IMG02311.JPG	2.174	2.012	0	0	0	NaN
722	IMG02311.JPG	2.081	1.67	0	0	0	NaN
723	IMG02311.JPG	3.443	1.6	0	0	0	NaN
724	IMG02311.JPG	3.426	1.942	0	0	0	NaN
725	IMG02311.JPG	2.209	1.641	0	0	0	NaN
726	IMG02311.JPG	2.377	0.841	0	0	0	NaN
727	IMG02311.JPG	3.13	0.812	0	0	0	NaN
728	IMG02311.JPG	3.339	1.554	0	0	0	NaN
729	IMG02310.JPG	2.214	2.081	0	0	0	NaN
730	IMG02310.JPG	2.099	1.757	0	0	0	NaN
731	IMG02310.JPG	3.403	1.664	0	0	0	NaN
732	IMG02310.JPG	3.293	2.029	0	0	0	NaN
733	IMG02310.JPG	2.197	1.768	0	0	0	NaN
734	IMG02310.JPG	2.319	0.928	0	0	0	NaN
735	IMG02310.JPG	3.136	0.951	0	0	0	NaN
736	IMG02310.JPG	3.316	1.646	0	0	0	NaN
737	IMG02309.JPG	2.261	1.791	0	0	0	NaN
738	IMG02309.JPG	2.197	1.496	0	0	0	NaN
739	IMG02309.JPG	3.472	1.472	0	0	0	NaN
740	IMG02309.JPG	3.443	1.762	0	0	0	NaN
741	IMG02309.JPG	2.301	1.478	0	0	0	NaN
742	IMG02309.JPG	2.446	0.841	0	0	0	NaN
743	IMG02309.JPG	3.183	0.794	0	0	0	NaN
744	IMG02309.JPG	3.397	1.467	0	0	0	NaN
745	IMG02308.JPG	2.243	1.913	0	0	0	NaN
746	IMG02308.JPG	2.122	1.507	0	0	0	NaN
747	IMG02308.JPG	3.357	1.554	0	0	0	NaN
748	IMG02308.JPG	3.275	1.843	0	0	0	NaN
749	IMG02308.JPG	2.243	1.507	0	0	0	NaN
750	IMG02308.JPG	2.412	0.748	0	0	0	NaN
751	IMG02308.JPG	3.13	0.701	0	0	0	NaN
752	IMG02308.JPG	3.275	1.507	0	0	0	NaN
753	IMG02307.JPG	2.191	2.052	0	0	0	NaN
754	IMG02307.JPG	2.116	1.675	0	0	0	NaN
755	IMG02307.JPG	3.438	1.617	0	0	0	NaN
756	IMG02307.JPG	3.403	2	0	0	0	NaN
757	IMG02307.JPG	2.226	1.629	0	0	0	NaN
758	IMG02307.JPG	2.452	0.87	0	0	0	NaN
759	IMG02307.JPG	3.154	0.823	0	0	0	NaN
760	IMG02307.JPG	3.333	1.571	0	0	0	NaN
761	IMG02306.JPG	2.278	2.006	0	0	0	NaN
762	IMG02306.JPG	2.162	1.641	0	0	0	NaN
763	IMG02306.JPG	3.484	1.588	0	0	0	NaN
764	IMG02306.JPG	3.467	1.925	0	0	0	NaN
765	IMG02306.JPG	2.249	1.612	0	0	0	NaN
766	IMG02306.JPG	2.441	0.846	0	0	0	NaN
767	IMG02306.JPG	3.171	0.846	0	0	0	NaN
768	IMG02306.JPG	3.391	1.583	0	0	0	NaN
769	IMG02401.JPG	2.11	2.099	0	0	0	NaN
770	IMG02401.JPG	2.058	1.739	0	0	0	NaN
771	IMG02401.JPG	3.583	1.664	0	0	0	NaN
772	IMG02401.JPG	3.513	2.052	0	0	0	NaN
773	IMG02401.JPG	2.18	1.71	0	0	0	NaN
774	IMG02401.JPG	2.377	0.904	0	0	0	NaN
775	IMG02401.JPG	3.2	0.916	0	0	0	NaN
776	IMG02401.JPG	3.42	1.588	0	0	0	NaN
777	IMG02463.JPG	2.214	1.913	0	0	0	NaN
778	IMG02463.JPG	2.186	1.577	0	0	0	NaN
779	IMG02463.JPG	3.461	1.49	0	0	0	NaN
780	IMG02463.JPG	3.472	1.832	0	0	0	NaN
781	IMG02463.JPG	2.33	1.536	0	0	0	NaN
782	IMG02463.JPG	2.499	0.939	0	0	0	NaN
783	IMG02463.JPG	3.136	0.922	0	0	0	NaN
784	IMG02463.JPG	3.328	1.455	0	0	0	NaN
785	IMG02462.JPG	2.122	1.994	0	0	0	NaN
786	IMG02462.JPG	2.104	1.652	0	0	0	NaN
787	IMG02462.JPG	3.443	1.571	0	0	0	NaN
788	IMG02462.JPG	3.467	1.988	0	0	0	NaN
789	IMG02462.JPG	2.226	1.641	0	0	0	NaN
790	IMG02462.JPG	2.458	0.858	0	0	0	NaN
791	IMG02462.JPG	3.107	0.846	0	0	0	NaN
792	IMG02462.JPG	3.368	1.565	0	0	0	NaN
793	IMG02461.JPG	2.249	1.959	0	0	0	NaN
794	IMG02461.JPG	2.186	1.675	0	0	0	NaN
795	IMG02461.JPG	3.449	1.53	0	0	0	NaN
796	IMG02461.JPG	3.484	1.861	0	0	0	NaN
797	IMG02461.JPG	2.307	1.606	0	0	0	NaN
798	IMG02461.JPG	2.417	0.899	0	0	0	NaN
799	IMG02461.JPG	3.171	0.875	0	0	0	NaN
800	IMG02461.JPG	3.362	1.53	0	0	0	NaN
801	IMG02460.JPG	2.162	2.139	0	0	0	NaN
802	IMG02460.JPG	2.064	1.641	0	0	0	NaN
803	IMG02460.JPG	3.362	1.559	0	0	0	NaN
804	IMG02460.JPG	3.351	2.012	0	0	0	NaN
805	IMG02460.JPG	2.157	1.606	0	0	0	NaN
806	IMG02460.JPG	2.383	0.875	0	0	0	NaN
807	IMG02460.JPG	3.049	0.875	0	0	0	NaN
808	IMG02460.JPG	3.258	1.571	0	0	0	NaN
809	IMG02459.JPG	1.954	2.162	0	0	0	NaN
810	IMG02459.JPG	2.006	1.646	0	0	0	NaN
811	IMG02459.JPG	3.675	1.617	0	0	0	NaN
812	IMG02459.JPG	3.699	2.186	0	0	0	NaN
813	IMG02459.JPG	2.11	1.6	0	0	0	NaN
814	IMG02459.JPG	2.365	0.881	0	0	0	NaN
815	IMG02459.JPG	3.177	0.893	0	0	0	NaN
816	IMG02459.JPG	3.49	1.565	0	0	0	NaN
817	IMG02458.JPG	2.046	2.122	0	0	0	NaN
818	IMG02458.JPG	2.035	1.745	0	0	0	NaN
819	IMG02458.JPG	3.501	1.635	0	0	0	NaN
820	IMG02458.JPG	3.536	1.948	0	0	0	NaN
821	IMG02458.JPG	2.157	1.751	0	0	0	NaN
822	IMG02458.JPG	2.319	1.055	0	0	0	NaN
823	IMG02458.JPG	3.194	1.014	0	0	0	NaN
824	IMG02458.JPG	3.397	1.577	0	0	0	NaN
825	IMG02457.JPG	2.203	2.052	0	0	0	NaN
826	IMG02457.JPG	2.157	1.675	0	0	0	NaN
827	IMG02457.JPG	3.559	1.606	0	0	0	NaN
828	IMG02457.JPG	3.565	1.965	0	0	0	NaN
829	IMG02457.JPG	2.255	1.675	0	0	0	NaN
830	IMG02457.JPG	2.464	0.939	0	0	0	NaN
831	IMG02457.JPG	3.235	0.904	0	0	0	NaN
832	IMG02457.JPG	3.443	1.583	0	0	0	NaN
833	IMG02456.JPG	2.162	1.965	0	0	0	NaN
834	IMG02456.JPG	2.11	1.641	0	0	0	NaN
835	IMG02456.JPG	3.461	1.525	0	0	0	NaN
836	IMG02456.JPG	3.449	1.872	0	0	0	NaN
837	IMG02456.JPG	2.214	1.612	0	0	0	NaN
838	IMG02456.JPG	2.4	0.875	0	0	0	NaN
839	IMG02456.JPG	3.142	0.829	0	0	0	NaN
840	IMG02456.JPG	3.351	1.525	0	0	0	NaN
841	mIMG02455.tif	2.064	2.151	0	0	0	NaN
842	mIMG02455.tif	1.988	1.612	0	0	0	NaN
843	mIMG02455.tif	3.704	1.571	0	0	0	NaN
844	mIMG02455.tif	3.664	2.133	0	0	0	NaN
845	mIMG02455.tif	2.116	1.53	0	0	0	NaN
846	mIMG02455.tif	2.435	0.713	0	0	0	NaN
847	mIMG02455.tif	3.293	0.707	0	0	0	NaN
848	mIMG02455.tif	3.548	1.548	0	0	0	NaN
849	IMG02454.JPG	2.191	2.035	0	0	0	NaN
850	IMG02454.JPG	2.139	1.774	0	0	0	NaN
851	IMG02454.JPG	3.565	1.577	0	0	0	NaN
852	IMG02454.JPG	3.594	1.855	0	0	0	NaN
853	IMG02454.JPG	2.255	1.733	0	0	0	NaN
854	IMG02454.JPG	2.406	1.009	0	0	0	NaN
855	IMG02454.JPG	3.217	0.962	0	0	0	NaN
856	IMG02454.JPG	3.472	1.588	0	0	0	NaN
857	IMG02453.JPG	2.145	2.017	0	0	0	NaN
858	IMG02453.JPG	2.064	1.606	0	0	0	NaN
859	IMG02453.JPG	3.577	1.565	0	0	0	NaN
860	IMG02453.JPG	3.6	1.988	0	0	0	NaN
861	IMG02453.JPG	2.232	1.571	0	0	0	NaN
862	IMG02453.JPG	2.458	1.043	0	0	0	NaN
863	IMG02453.JPG	3.229	1.003	0	0	0	NaN
864	IMG02453.JPG	3.443	1.559	0	0	0	NaN
865	IMG02452.JPG	2.203	2.162	0	0	0	NaN
866	IMG02452.JPG	2.075	1.757	0	0	0	NaN
867	IMG02452.JPG	3.507	1.635	0	0	0	NaN
868	IMG02452.JPG	3.472	2.07	0	0	0	NaN
869	IMG02452.JPG	2.22	1.733	0	0	0	NaN
870	IMG02452.JPG	2.406	1.043	0	0	0	NaN
871	IMG02452.JPG	3.136	1.014	0	0	0	NaN
872	IMG02452.JPG	3.345	1.612	0	0	0	NaN
873	IMG02451.JPG	2.284	2.133	0	0	0	NaN
874	IMG02451.JPG	2.261	1.67	0	0	0	NaN
875	IMG02451.JPG	3.496	1.588	0	0	0	NaN
876	IMG02451.JPG	3.484	2.07	0	0	0	NaN
877	IMG02451.JPG	2.423	1.652	0	0	0	NaN
878	IMG02451.JPG	2.586	1.009	0	0	0	NaN
879	IMG02451.JPG	3.241	0.986	0	0	0	NaN
880	IMG02451.JPG	3.38	1.525	0	0	0	NaN
881	IMG02450.JPG	2.197	2.046	0	0	0	NaN
882	IMG02450.JPG	2.122	1.67	0	0	0	NaN
883	IMG02450.JPG	3.438	1.554	0	0	0	NaN
884	IMG02450.JPG	3.484	2.012	0	0	0	NaN
885	IMG02450.JPG	2.232	1.629	0	0	0	NaN
886	IMG02450.JPG	2.441	0.945	0	0	0	NaN
887	IMG02450.JPG	3.154	0.962	0	0	0	NaN
888	IMG02450.JPG	3.328	1.571	0	0	0	NaN
889	IMG02449.JPG	2.18	2.081	0	0	0	NaN
890	IMG02449.JPG	2.191	1.71	0	0	0	NaN
891	IMG02449.JPG	3.501	1.612	0	0	0	NaN
892	IMG02449.JPG	3.513	1.977	0	0	0	NaN
893	IMG02449.JPG	2.278	1.687	0	0	0	NaN
894	IMG02449.JPG	2.47	1.009	0	0	0	NaN
895	IMG02449.JPG	3.165	0.962	0	0	0	NaN
896	IMG02449.JPG	3.357	1.594	0	0	0	NaN
897	IMG02448.JPG	2.22	2.058	0	0	0	NaN
898	IMG02448.JPG	2.122	1.67	0	0	0	NaN
899	IMG02448.JPG	3.588	1.577	0	0	0	NaN
900	IMG02448.JPG	3.548	1.942	0	0	0	NaN
901	IMG02448.JPG	2.278	1.664	0	0	0	NaN
902	IMG02448.JPG	2.493	0.951	0	0	0	NaN
903	IMG02448.JPG	3.293	0.939	0	0	0	NaN
904	IMG02448.JPG	3.449	1.525	0	0	0	NaN
905	IMG02447.JPG	2.139	2.012	0	0	0	NaN
906	IMG02447.JPG	2.07	1.635	0	0	0	NaN
907	IMG02447.JPG	3.507	1.612	0	0	0	NaN
908	IMG02447.JPG	3.53	1.965	0	0	0	NaN
909	IMG02447.JPG	2.209	1.652	0	0	0	NaN
910	IMG02447.JPG	2.452	0.962	0	0	0	NaN
911	IMG02447.JPG	3.246	0.945	0	0	0	NaN
912	IMG02447.JPG	3.391	1.583	0	0	0	NaN
913	IMG02446.JPG	2.128	2.116	0	0	0	NaN
914	IMG02446.JPG	2.128	1.658	0	0	0	NaN
915	IMG02446.JPG	3.455	1.583	0	0	0	NaN
916	IMG02446.JPG	3.467	1.994	0	0	0	NaN
917	IMG02446.JPG	2.203	1.652	0	0	0	NaN
918	IMG02446.JPG	2.464	1.032	0	0	0	NaN
919	IMG02446.JPG	3.159	1.014	0	0	0	NaN
920	IMG02446.JPG	3.351	1.588	0	0	0	NaN
921	IMG02445.JPG	2.139	2.023	0	0	0	NaN
922	IMG02445.JPG	2.081	1.623	0	0	0	NaN
923	IMG02445.JPG	3.513	1.565	0	0	0	NaN
924	IMG02445.JPG	3.507	2.012	0	0	0	NaN
925	IMG02445.JPG	2.226	1.6	0	0	0	NaN
926	IMG02445.JPG	2.452	0.962	0	0	0	NaN
927	IMG02445.JPG	3.177	0.957	0	0	0	NaN
928	IMG02445.JPG	3.414	1.577	0	0	0	NaN
929	IMG02444.JPG	2.214	2.041	0	0	0	NaN
930	IMG02444.JPG	2.203	1.768	0	0	0	NaN
931	IMG02444.JPG	3.583	1.635	0	0	0	NaN
932	IMG02444.JPG	3.6	1.994	0	0	0	NaN
933	IMG02444.JPG	2.301	1.658	0	0	0	NaN
934	IMG02444.JPG	2.446	0.893	0	0	0	NaN
935	IMG02444.JPG	3.2	0.904	0	0	0	NaN
936	IMG02444.JPG	3.467	1.594	0	0	0	NaN
937	IMG02443.JPG	2.22	2.243	0	0	0	NaN
938	IMG02443.JPG	2.07	1.693	0	0	0	NaN
939	IMG02443.JPG	3.583	1.6	0	0	0	NaN
940	IMG02443.JPG	3.588	2.157	0	0	0	NaN
941	IMG02443.JPG	2.186	1.675	0	0	0	NaN
942	IMG02443.JPG	2.406	0.864	0	0	0	NaN
943	IMG02443.JPG	3.148	0.87	0	0	0	NaN
944	IMG02443.JPG	3.455	1.577	0	0	0	NaN
945	IMG02442.JPG	2.151	1.988	0	0	0	NaN
946	IMG02442.JPG	2.07	1.554	0	0	0	NaN
947	IMG02442.JPG	3.496	1.548	0	0	0	NaN
948	IMG02442.JPG	3.467	1.872	0	0	0	NaN
949	IMG02442.JPG	2.214	1.536	0	0	0	NaN
950	IMG02442.JPG	2.406	0.835	0	0	0	NaN
951	IMG02442.JPG	3.107	0.794	0	0	0	NaN
952	IMG02442.JPG	3.374	1.559	0	0	0	NaN
953	IMG02441.JPG	2.128	2.093	0	0	0	NaN
954	IMG02441.JPG	2.081	1.652	0	0	0	NaN
955	IMG02441.JPG	3.559	1.577	0	0	0	NaN
956	IMG02441.JPG	3.6	1.983	0	0	0	NaN
957	IMG02441.JPG	2.214	1.675	0	0	0	NaN
958	IMG02441.JPG	2.441	1.003	0	0	0	NaN
959	IMG02441.JPG	3.194	0.968	0	0	0	NaN
960	IMG02441.JPG	3.391	1.548	0	0	0	NaN
961	IMG02440.JPG	2.278	2.255	0	0	0	NaN
962	IMG02440.JPG	2.197	1.71	0	0	0	NaN
963	IMG02440.JPG	3.612	1.588	0	0	0	NaN
964	IMG02440.JPG	3.554	2.186	0	0	0	NaN
965	IMG02440.JPG	2.33	1.641	0	0	0	NaN
966	IMG02440.JPG	2.516	0.997	0	0	0	NaN
967	IMG02440.JPG	3.223	1.003	0	0	0	NaN
968	IMG02440.JPG	3.467	1.6	0	0	0	NaN
969	IMG02439.JPG	2.365	1.849	0	0	0	NaN
970	IMG02439.JPG	2.301	1.525	0	0	0	NaN
971	IMG02439.JPG	3.484	1.53	0	0	0	NaN
972	IMG02439.JPG	3.507	1.774	0	0	0	NaN
973	IMG02439.JPG	2.4	1.501	0	0	0	NaN
974	IMG02439.JPG	2.562	0.957	0	0	0	NaN
975	IMG02439.JPG	3.235	0.91	0	0	0	NaN
976	IMG02439.JPG	3.397	1.519	0	0	0	NaN
977	IMG02438.JPG	2.278	1.959	0	0	0	NaN
978	IMG02438.JPG	2.197	1.617	0	0	0	NaN
979	IMG02438.JPG	3.467	1.501	0	0	0	NaN
980	IMG02438.JPG	3.438	1.89	0	0	0	NaN
981	IMG02438.JPG	2.348	1.565	0	0	0	NaN
982	IMG02438.JPG	2.522	1.032	0	0	0	NaN
983	IMG02438.JPG	3.165	1.009	0	0	0	NaN
984	IMG02438.JPG	3.339	1.484	0	0	0	NaN
985	IMG02437.JPG	2	2.214	0	0	0	NaN
986	IMG02437.JPG	1.959	1.635	0	0	0	NaN
987	IMG02437.JPG	3.583	1.606	0	0	0	NaN
988	IMG02437.JPG	3.554	2.116	0	0	0	NaN
989	IMG02437.JPG	2.099	1.629	0	0	0	NaN
990	IMG02437.JPG	2.348	0.788	0	0	0	NaN
991	IMG02437.JPG	3.177	0.812	0	0	0	NaN
992	IMG02437.JPG	3.455	1.606	0	0	0	NaN
993	IMG02436.JPG	2.249	2.099	0	0	0	NaN
994	IMG02436.JPG	2.162	1.646	0	0	0	NaN
995	IMG02436.JPG	3.525	1.617	0	0	0	NaN
996	IMG02436.JPG	3.478	2	0	0	0	NaN
997	IMG02436.JPG	2.325	1.623	0	0	0	NaN
998	IMG02436.JPG	2.51	0.962	0	0	0	NaN
999	IMG02436.JPG	3.165	0.957	0	0	0	NaN
1000	IMG02436.JPG	3.333	1.588	0	0	0	NaN
1001	IMG02435.JPG	2.209	1.988	0	0	0	NaN
1002	IMG02435.JPG	2.186	1.675	0	0	0	NaN
1003	IMG02435.JPG	3.461	1.594	0	0	0	NaN
1004	IMG02435.JPG	3.478	1.913	0	0	0	NaN
1005	IMG02435.JPG	2.284	1.658	0	0	0	NaN
1006	IMG02435.JPG	2.452	1.003	0	0	0	NaN
1007	IMG02435.JPG	3.09	1.049	0	0	0	NaN
1008	IMG02435.JPG	3.351	1.583	0	0	0	NaN
1009	IMG02434.JPG	2.081	2.145	0	0	0	NaN
1010	IMG02434.JPG	1.988	1.67	0	0	0	NaN
1011	IMG02434.JPG	3.536	1.606	0	0	0	NaN
1012	IMG02434.JPG	3.577	2.058	0	0	0	NaN
1013	IMG02434.JPG	2.128	1.623	0	0	0	NaN
1014	IMG02434.JPG	2.377	0.823	0	0	0	NaN
1015	IMG02434.JPG	3.183	0.835	0	0	0	NaN
1016	IMG02434.JPG	3.42	1.594	0	0	0	NaN
1017	IMG02433.JPG	2.238	2.133	0	0	0	NaN
1018	IMG02433.JPG	2.191	1.693	0	0	0	NaN
1019	IMG02433.JPG	3.699	1.594	0	0	0	NaN
1020	IMG02433.JPG	3.693	2.064	0	0	0	NaN
1021	IMG02433.JPG	2.325	1.681	0	0	0	NaN
1022	IMG02433.JPG	2.493	0.968	0	0	0	NaN
1023	IMG02433.JPG	3.31	0.945	0	0	0	NaN
1024	IMG02433.JPG	3.554	1.571	0	0	0	NaN
1025	IMG02432.JPG	2.191	2.029	0	0	0	NaN
1026	IMG02432.JPG	2.11	1.739	0	0	0	NaN
1027	IMG02432.JPG	3.542	1.594	0	0	0	NaN
1028	IMG02432.JPG	3.501	1.948	0	0	0	NaN
1029	IMG02432.JPG	2.243	1.722	0	0	0	NaN
1030	IMG02432.JPG	2.388	1.02	0	0	0	NaN
1031	IMG02432.JPG	3.223	0.986	0	0	0	NaN
1032	IMG02432.JPG	3.409	1.583	0	0	0	NaN
1033	IMG02431.JPG	2.012	1.994	0	0	0	NaN
1034	IMG02431.JPG	2.006	1.588	0	0	0	NaN
1035	IMG02431.JPG	3.542	1.53	0	0	0	NaN
1036	IMG02431.JPG	3.525	1.936	0	0	0	NaN
1037	IMG02431.JPG	2.11	1.583	0	0	0	NaN
1038	IMG02431.JPG	2.354	0.841	0	0	0	NaN
1039	IMG02431.JPG	3.177	0.817	0	0	0	NaN
1040	IMG02431.JPG	3.432	1.507	0	0	0	NaN
1041	IMG02430.JPG	2.232	2.087	0	0	0	NaN
1042	IMG02430.JPG	2.116	1.658	0	0	0	NaN
1043	IMG02430.JPG	3.49	1.542	0	0	0	NaN
1044	IMG02430.JPG	3.525	1.983	0	0	0	NaN
1045	IMG02430.JPG	2.296	1.635	0	0	0	NaN
1046	IMG02430.JPG	2.493	0.928	0	0	0	NaN
1047	IMG02430.JPG	3.148	0.91	0	0	0	NaN
1048	IMG02430.JPG	3.351	1.53	0	0	0	NaN
1049	IMG02429.JPG	2.07	2.191	0	0	0	NaN
1050	IMG02429.JPG	2.041	1.774	0	0	0	NaN
1051	IMG02429.JPG	3.49	1.623	0	0	0	NaN
1052	IMG02429.JPG	3.501	2.081	0	0	0	NaN
1053	IMG02429.JPG	2.18	1.681	0	0	0	NaN
1054	IMG02429.JPG	2.388	0.986	0	0	0	NaN
1055	IMG02429.JPG	3.084	0.974	0	0	0	NaN
1056	IMG02429.JPG	3.339	1.646	0	0	0	NaN
1057	IMG02428.JPG	2.214	2.052	0	0	0	NaN
1058	IMG02428.JPG	2.058	1.525	0	0	0	NaN
1059	IMG02428.JPG	3.588	1.501	0	0	0	NaN
1060	IMG02428.JPG	3.507	2.017	0	0	0	NaN
1061	IMG02428.JPG	2.209	1.525	0	0	0	NaN
1062	IMG02428.JPG	2.475	0.806	0	0	0	NaN
1063	IMG02428.JPG	3.13	0.794	0	0	0	NaN
1064	IMG02428.JPG	3.472	1.49	0	0	0	NaN
1065	IMG02427.JPG	2.139	2.023	0	0	0	NaN
1066	IMG02427.JPG	2.104	1.646	0	0	0	NaN
1067	IMG02427.JPG	3.438	1.577	0	0	0	NaN
1068	IMG02427.JPG	3.443	1.954	0	0	0	NaN
1069	IMG02427.JPG	2.232	1.617	0	0	0	NaN
1070	IMG02427.JPG	2.429	0.922	0	0	0	NaN
1071	IMG02427.JPG	3.136	0.939	0	0	0	NaN
1072	IMG02427.JPG	3.322	1.583	0	0	0	NaN
1073	IMG02426.JPG	2.093	2.116	0	0	0	NaN
1074	IMG02426.JPG	2	1.617	0	0	0	NaN
1075	IMG02426.JPG	3.519	1.583	0	0	0	NaN
1076	IMG02426.JPG	3.484	2.087	0	0	0	NaN
1077	IMG02426.JPG	2.128	1.588	0	0	0	NaN
1078	IMG02426.JPG	2.388	0.951	0	0	0	NaN
1079	IMG02426.JPG	3.165	0.968	0	0	0	NaN
1080	IMG02426.JPG	3.368	1.565	0	0	0	NaN
1081	IMG02425.JPG	2	2.07	0	0	0	NaN
1082	IMG02425.JPG	1.942	1.693	0	0	0	NaN
1083	IMG02425.JPG	3.71	1.693	0	0	0	NaN
1084	IMG02425.JPG	3.675	2.116	0	0	0	NaN
1085	IMG02425.JPG	2.093	1.664	0	0	0	NaN
1086	IMG02425.JPG	2.377	0.835	0	0	0	NaN
1087	IMG02425.JPG	3.293	0.835	0	0	0	NaN
1088	IMG02425.JPG	3.548	1.594	0	0	0	NaN
1089	IMG02424.JPG	2.168	2.243	0	0	0	NaN
1090	IMG02424.JPG	2.203	1.786	0	0	0	NaN
1091	IMG02424.JPG	3.588	1.646	0	0	0	NaN
1092	IMG02424.JPG	3.623	2.11	0	0	0	NaN
1093	IMG02424.JPG	2.325	1.722	0	0	0	NaN
1094	IMG02424.JPG	2.504	0.997	0	0	0	NaN
1095	IMG02424.JPG	3.246	1.009	0	0	0	NaN
1096	IMG02424.JPG	3.455	1.658	0	0	0	NaN
1097	IMG02423.JPG	2.006	2.052	0	0	0	NaN
1098	IMG02423.JPG	2.012	1.681	0	0	0	NaN
1099	IMG02423.JPG	3.53	1.641	0	0	0	NaN
1100	IMG02423.JPG	3.583	2.07	0	0	0	NaN
1101	IMG02423.JPG	2.151	1.658	0	0	0	NaN
1102	IMG02423.JPG	2.307	0.939	0	0	0	NaN
1103	IMG02423.JPG	3.165	0.904	0	0	0	NaN
1104	IMG02423.JPG	3.426	1.606	0	0	0	NaN
1105	IMG02422.JPG	1.994	2.168	0	0	0	NaN
1106	IMG02422.JPG	2.023	1.699	0	0	0	NaN
1107	IMG02422.JPG	3.519	1.623	0	0	0	NaN
1108	IMG02422.JPG	3.577	2.133	0	0	0	NaN
1109	IMG02422.JPG	2.191	1.687	0	0	0	NaN
1110	IMG02422.JPG	2.394	0.945	0	0	0	NaN
1111	IMG02422.JPG	3.177	0.933	0	0	0	NaN
1112	IMG02422.JPG	3.42	1.6	0	0	0	NaN
1113	IMG02421.JPG	2.099	2.017	0	0	0	NaN
1114	IMG02421.JPG	2.058	1.612	0	0	0	NaN
1115	IMG02421.JPG	3.565	1.501	0	0	0	NaN
1116	IMG02421.JPG	3.612	1.872	0	0	0	NaN
1117	IMG02421.JPG	2.168	1.612	0	0	0	NaN
1118	IMG02421.JPG	2.365	0.846	0	0	0	NaN
1119	IMG02421.JPG	3.235	0.8	0	0	0	NaN
1120	IMG02421.JPG	3.461	1.49	0	0	0	NaN
1121	IMG02420.JPG	2.18	1.884	0	0	0	NaN
1122	IMG02420.JPG	2.139	1.501	0	0	0	NaN
1123	IMG02420.JPG	3.507	1.472	0	0	0	NaN
1124	IMG02420.JPG	3.49	1.872	0	0	0	NaN
1125	IMG02420.JPG	2.238	1.519	0	0	0	NaN
1126	IMG02420.JPG	2.388	0.87	0	0	0	NaN
1127	IMG02420.JPG	3.165	0.812	0	0	0	NaN
1128	IMG02420.JPG	3.397	1.455	0	0	0	NaN
1129	IMG02419.JPG	2.122	1.948	0	0	0	NaN
1130	IMG02419.JPG	2.035	1.536	0	0	0	NaN
1131	IMG02419.JPG	3.513	1.525	0	0	0	NaN
1132	IMG02419.JPG	3.472	1.901	0	0	0	NaN
1133	IMG02419.JPG	2.157	1.513	0	0	0	NaN
1134	IMG02419.JPG	2.371	0.759	0	0	0	NaN
1135	IMG02419.JPG	3.194	0.73	0	0	0	NaN
1136	IMG02419.JPG	3.414	1.496	0	0	0	NaN
1137	IMG02418.JPG	2	2.058	0	0	0	NaN
1138	IMG02418.JPG	1.988	1.652	0	0	0	NaN
1139	IMG02418.JPG	3.519	1.612	0	0	0	NaN
1140	IMG02418.JPG	3.507	2.006	0	0	0	NaN
1141	IMG02418.JPG	2.145	1.623	0	0	0	NaN
1142	IMG02418.JPG	2.336	0.881	0	0	0	NaN
1143	IMG02418.JPG	3.159	0.858	0	0	0	NaN
1144	IMG02418.JPG	3.426	1.617	0	0	0	NaN
1145	IMG02417.JPG	2.168	2.023	0	0	0	NaN
1146	IMG02417.JPG	2.029	1.67	0	0	0	NaN
1147	IMG02417.JPG	3.472	1.6	0	0	0	NaN
1148	IMG02417.JPG	3.426	2	0	0	0	NaN
1149	IMG02417.JPG	2.209	1.583	0	0	0	NaN
1150	IMG02417.JPG	2.423	0.887	0	0	0	NaN
1151	IMG02417.JPG	3.159	0.928	0	0	0	NaN
1152	IMG02417.JPG	3.374	1.606	0	0	0	NaN
1153	IMG02416.JPG	2.209	2.145	0	0	0	NaN
1154	IMG02416.JPG	2.128	1.809	0	0	0	NaN
1155	IMG02416.JPG	3.652	1.699	0	0	0	NaN
1156	IMG02416.JPG	3.612	2.07	0	0	0	NaN
1157	IMG02416.JPG	2.272	1.704	0	0	0	NaN
1158	IMG02416.JPG	2.499	1.032	0	0	0	NaN
1159	IMG02416.JPG	3.246	1.026	0	0	0	NaN
1160	IMG02416.JPG	3.484	1.664	0	0	0	NaN
1161	IMG02415.JPG	2.041	2.07	0	0	0	NaN
1162	IMG02415.JPG	2.017	1.606	0	0	0	NaN
1163	IMG02415.JPG	3.577	1.571	0	0	0	NaN
1164	IMG02415.JPG	3.623	2	0	0	0	NaN
1165	IMG02415.JPG	2.22	1.588	0	0	0	NaN
1166	IMG02415.JPG	2.394	0.87	0	0	0	NaN
1167	IMG02415.JPG	3.188	0.852	0	0	0	NaN
1168	IMG02415.JPG	3.414	1.548	0	0	0	NaN
1169	IMG02414.JPG	2.203	1.954	0	0	0	NaN
1170	IMG02414.JPG	2.151	1.588	0	0	0	NaN
1171	IMG02414.JPG	3.443	1.559	0	0	0	NaN
1172	IMG02414.JPG	3.409	1.913	0	0	0	NaN
1173	IMG02414.JPG	2.226	1.571	0	0	0	NaN
1174	IMG02414.JPG	2.452	0.817	0	0	0	NaN
1175	IMG02414.JPG	3.113	0.777	0	0	0	NaN
1176	IMG02414.JPG	3.374	1.507	0	0	0	NaN
1177	IMG02413.JPG	2.046	2.145	0	0	0	NaN
1178	IMG02413.JPG	2.023	1.652	0	0	0	NaN
1179	IMG02413.JPG	3.641	1.548	0	0	0	NaN
1180	IMG02413.JPG	3.623	2.029	0	0	0	NaN
1181	IMG02413.JPG	2.145	1.635	0	0	0	NaN
1182	IMG02413.JPG	2.388	0.777	0	0	0	NaN
1183	IMG02413.JPG	3.194	0.765	0	0	0	NaN
1184	IMG02413.JPG	3.49	1.519	0	0	0	NaN
1185	IMG02412.JPG	1.988	2.104	0	0	0	NaN
1186	IMG02412.JPG	2	1.635	0	0	0	NaN
1187	IMG02412.JPG	3.507	1.588	0	0	0	NaN
1188	IMG02412.JPG	3.559	2.046	0	0	0	NaN
1189	IMG02412.JPG	2.174	1.588	0	0	0	NaN
1190	IMG02412.JPG	2.435	0.852	0	0	0	NaN
1191	IMG02412.JPG	3.159	0.835	0	0	0	NaN
1192	IMG02412.JPG	3.414	1.536	0	0	0	NaN
1193	IMG02411.JPG	1.93	2.087	0	0	0	NaN
1194	IMG02411.JPG	1.93	1.641	0	0	0	NaN
1195	IMG02411.JPG	3.496	1.594	0	0	0	NaN
1196	IMG02411.JPG	3.496	2.104	0	0	0	NaN
1197	IMG02411.JPG	2.087	1.565	0	0	0	NaN
1198	IMG02411.JPG	2.29	0.754	0	0	0	NaN
1199	IMG02411.JPG	3.043	0.719	0	0	0	NaN
1200	IMG02411.JPG	3.357	1.577	0	0	0	NaN
1201	IMG02410.JPG	2.052	2.064	0	0	0	NaN
1202	IMG02410.JPG	2.058	1.554	0	0	0	NaN
1203	IMG02410.JPG	3.652	1.594	0	0	0	NaN
1204	IMG02410.JPG	3.658	2.087	0	0	0	NaN
1205	IMG02410.JPG	2.203	1.559	0	0	0	NaN
1206	IMG02410.JPG	2.417	0.812	0	0	0	NaN
1207	IMG02410.JPG	3.235	0.759	0	0	0	NaN
1208	IMG02410.JPG	3.542	1.577	0	0	0	NaN
1209	IMG02409.JPG	1.983	2.075	0	0	0	NaN
1210	IMG02409.JPG	1.959	1.588	0	0	0	NaN
1211	IMG02409.JPG	3.542	1.519	0	0	0	NaN
1212	IMG02409.JPG	3.542	1.988	0	0	0	NaN
1213	IMG02409.JPG	2.075	1.513	0	0	0	NaN
1214	IMG02409.JPG	2.388	0.696	0	0	0	NaN
1215	IMG02409.JPG	3.113	0.69	0	0	0	NaN
1216	IMG02409.JPG	3.409	1.507	0	0	0	NaN
1217	IMG02408.JPG	2.122	2.209	0	0	0	NaN
1218	IMG02408.JPG	2.128	1.687	0	0	0	NaN
1219	IMG02408.JPG	3.612	1.588	0	0	0	NaN
1220	IMG02408.JPG	3.664	2.081	0	0	0	NaN
1221	IMG02408.JPG	2.267	1.658	0	0	0	NaN
1222	IMG02408.JPG	2.539	0.887	0	0	0	NaN
1223	IMG02408.JPG	3.235	0.846	0	0	0	NaN
1224	IMG02408.JPG	3.484	1.583	0	0	0	NaN
1225	IMG02407.JPG	2.012	2.232	0	0	0	NaN
1226	IMG02407.JPG	1.983	1.757	0	0	0	NaN
1227	IMG02407.JPG	3.559	1.629	0	0	0	NaN
1228	IMG02407.JPG	3.617	2.093	0	0	0	NaN
1229	IMG02407.JPG	2.122	1.716	0	0	0	NaN
1230	IMG02407.JPG	2.365	0.928	0	0	0	NaN
1231	IMG02407.JPG	3.177	0.904	0	0	0	NaN
1232	IMG02407.JPG	3.455	1.617	0	0	0	NaN
1233	IMG02406.JPG	2.081	2.122	0	0	0	NaN
1234	IMG02406.JPG	2.099	1.646	0	0	0	NaN
1235	IMG02406.JPG	3.641	1.565	0	0	0	NaN
1236	IMG02406.JPG	3.641	2.041	0	0	0	NaN
1237	IMG02406.JPG	2.197	1.646	0	0	0	NaN
1238	IMG02406.JPG	2.429	0.817	0	0	0	NaN
1239	IMG02406.JPG	3.246	0.817	0	0	0	NaN
1240	IMG02406.JPG	3.496	1.53	0	0	0	NaN
1241	IMG02405.JPG	2.128	2.255	0	0	0	NaN
1242	IMG02405.JPG	2.099	1.791	0	0	0	NaN
1243	IMG02405.JPG	3.658	1.646	0	0	0	NaN
1244	IMG02405.JPG	3.716	2.104	0	0	0	NaN
1245	IMG02405.JPG	2.203	1.733	0	0	0	NaN
1246	IMG02405.JPG	2.475	0.991	0	0	0	NaN
1247	IMG02405.JPG	3.235	0.933	0	0	0	NaN
1248	IMG02405.JPG	3.559	1.623	0	0	0	NaN
1249	IMG02404.JPG	2.064	2.157	0	0	0	NaN
1250	IMG02404.JPG	2.017	1.728	0	0	0	NaN
1251	IMG02404.JPG	3.571	1.6	0	0	0	NaN
1252	IMG02404.JPG	3.606	2.029	0	0	0	NaN
1253	IMG02404.JPG	2.174	1.658	0	0	0	NaN
1254	IMG02404.JPG	2.388	0.858	0	0	0	NaN
1255	IMG02404.JPG	3.084	0.812	0	0	0	NaN
1256	IMG02404.JPG	3.443	1.554	0	0	0	NaN
1257	IMG02403.JPG	2.226	2.128	0	0	0	NaN
1258	IMG02403.JPG	2.168	1.629	0	0	0	NaN
1259	IMG02403.JPG	3.507	1.548	0	0	0	NaN
1260	IMG02403.JPG	3.513	2	0	0	0	NaN
1261	IMG02403.JPG	2.278	1.606	0	0	0	NaN
1262	IMG02403.JPG	2.51	0.928	0	0	0	NaN
1263	IMG02403.JPG	3.142	0.922	0	0	0	NaN
1264	IMG02403.JPG	3.42	1.548	0	0	0	NaN
1265	IMG02402.JPG	2.104	1.959	0	0	0	NaN
1266	IMG02402.JPG	2.081	1.658	0	0	0	NaN
1267	IMG02402.JPG	3.594	1.507	0	0	0	NaN
1268	IMG02402.JPG	3.588	1.855	0	0	0	NaN
1269	IMG02402.JPG	2.162	1.617	0	0	0	NaN
1270	IMG02402.JPG	2.423	0.73	0	0	0	NaN
1271	IMG02402.JPG	3.246	0.719	0	0	0	NaN
1272	IMG02402.JPG	3.484	1.472	0	0	0	NaN