 	Label	X	Y	Circ.	AR	Round	Solidity
1	IMG02087.JPG	2.29	1.855	0	0	0	NaN
2	IMG02087.JPG	2.22	1.571	0	0	0	NaN
3	IMG02087.JPG	3.339	1.525	0	0	0	NaN
4	IMG02087.JPG	3.264	1.878	0	0	0	NaN
5	IMG02087.JPG	2.336	1.513	0	0	0	NaN
6	IMG02087.JPG	2.429	0.951	0	0	0	NaN
7	IMG02087.JPG	2.986	0.945	0	0	0	NaN
8	IMG02087.JPG	3.2	1.496	0	0	0	NaN
9	IMG02195.JPG	2.319	1.925	0	0	0	NaN
10	IMG02195.JPG	2.22	1.641	0	0	0	NaN
11	IMG02195.JPG	3.316	1.571	0	0	0	NaN
12	IMG02195.JPG	3.264	1.896	0	0	0	NaN
13	IMG02195.JPG	2.365	1.612	0	0	0	NaN
14	IMG02195.JPG	2.499	1.032	0	0	0	NaN
15	IMG02195.JPG	3.02	1.02	0	0	0	NaN
16	IMG02195.JPG	3.2	1.548	0	0	0	NaN
17	IMG02194.JPG	2.296	1.907	0	0	0	NaN
18	IMG02194.JPG	2.238	1.548	0	0	0	NaN
19	IMG02194.JPG	3.357	1.542	0	0	0	NaN
20	IMG02194.JPG	3.304	1.855	0	0	0	NaN
21	IMG02194.JPG	2.354	1.536	0	0	0	NaN
22	IMG02194.JPG	2.464	0.951	0	0	0	NaN
23	IMG02194.JPG	3.049	0.928	0	0	0	NaN
24	IMG02194.JPG	3.258	1.519	0	0	0	NaN
25	IMG02193.JPG	2.325	1.925	0	0	0	NaN
26	IMG02193.JPG	2.226	1.606	0	0	0	NaN
27	IMG02193.JPG	3.374	1.559	0	0	0	NaN
28	IMG02193.JPG	3.316	1.867	0	0	0	NaN
29	IMG02193.JPG	2.365	1.565	0	0	0	NaN
30	IMG02193.JPG	2.493	0.986	0	0	0	NaN
31	IMG02193.JPG	3.09	0.962	0	0	0	NaN
32	IMG02193.JPG	3.252	1.536	0	0	0	NaN
33	IMG02192.JPG	2.29	1.994	0	0	0	NaN
34	IMG02192.JPG	2.232	1.687	0	0	0	NaN
35	IMG02192.JPG	3.438	1.594	0	0	0	NaN
36	IMG02192.JPG	3.374	1.925	0	0	0	NaN
37	IMG02192.JPG	2.284	1.629	0	0	0	NaN
38	IMG02192.JPG	2.394	1.02	0	0	0	NaN
39	IMG02192.JPG	3.119	0.98	0	0	0	NaN
40	IMG02192.JPG	3.299	1.588	0	0	0	NaN
41	IMG02191.JPG	2.313	1.907	0	0	0	NaN
42	IMG02191.JPG	2.203	1.623	0	0	0	NaN
43	IMG02191.JPG	3.328	1.525	0	0	0	NaN
44	IMG02191.JPG	3.275	1.867	0	0	0	NaN
45	IMG02191.JPG	2.354	1.583	0	0	0	NaN
46	IMG02191.JPG	2.533	1.02	0	0	0	NaN
47	IMG02191.JPG	3.072	1.02	0	0	0	NaN
48	IMG02191.JPG	3.183	1.484	0	0	0	NaN
49	IMG02190.JPG	2.243	1.925	0	0	0	NaN
50	IMG02190.JPG	2.151	1.641	0	0	0	NaN
51	IMG02190.JPG	3.368	1.612	0	0	0	NaN
52	IMG02190.JPG	3.333	1.913	0	0	0	NaN
53	IMG02190.JPG	2.336	1.612	0	0	0	NaN
54	IMG02190.JPG	2.504	0.997	0	0	0	NaN
55	IMG02190.JPG	3.13	1.009	0	0	0	NaN
56	IMG02190.JPG	3.246	1.571	0	0	0	NaN
57	IMG02189.JPG	2.284	1.988	0	0	0	NaN
58	IMG02189.JPG	2.209	1.699	0	0	0	NaN
59	IMG02189.JPG	3.409	1.577	0	0	0	NaN
60	IMG02189.JPG	3.391	1.907	0	0	0	NaN
61	IMG02189.JPG	2.359	1.641	0	0	0	NaN
62	IMG02189.JPG	2.435	0.991	0	0	0	NaN
63	IMG02189.JPG	3.055	0.945	0	0	0	NaN
64	IMG02189.JPG	3.258	1.554	0	0	0	NaN
65	IMG02188.JPG	2.214	1.907	0	0	0	NaN
66	IMG02188.JPG	2.128	1.629	0	0	0	NaN
67	IMG02188.JPG	3.328	1.583	0	0	0	NaN
68	IMG02188.JPG	3.299	1.913	0	0	0	NaN
69	IMG02188.JPG	2.243	1.577	0	0	0	NaN
70	IMG02188.JPG	2.435	0.997	0	0	0	NaN
71	IMG02188.JPG	2.997	0.933	0	0	0	NaN
72	IMG02188.JPG	3.229	1.519	0	0	0	NaN
73	IMG02187.JPG	2.238	2.046	0	0	0	NaN
74	IMG02187.JPG	2.174	1.803	0	0	0	NaN
75	IMG02187.JPG	3.362	1.658	0	0	0	NaN
76	IMG02187.JPG	3.374	1.959	0	0	0	NaN
77	IMG02187.JPG	2.342	1.71	0	0	0	NaN
78	IMG02187.JPG	2.441	1.159	0	0	0	NaN
79	IMG02187.JPG	3.026	1.107	0	0	0	NaN
80	IMG02187.JPG	3.206	1.635	0	0	0	NaN
81	IMG02186.JPG	2.197	1.913	0	0	0	NaN
82	IMG02186.JPG	2.139	1.635	0	0	0	NaN
83	IMG02186.JPG	3.351	1.629	0	0	0	NaN
84	IMG02186.JPG	3.333	1.919	0	0	0	NaN
85	IMG02186.JPG	2.313	1.623	0	0	0	NaN
86	IMG02186.JPG	2.429	1.101	0	0	0	NaN
87	IMG02186.JPG	3.09	1.09	0	0	0	NaN
88	IMG02186.JPG	3.212	1.6	0	0	0	NaN
89	IMG02185.JPG	2.319	2	0	0	0	NaN
90	IMG02185.JPG	2.209	1.675	0	0	0	NaN
91	IMG02185.JPG	3.513	1.588	0	0	0	NaN
92	IMG02185.JPG	3.536	1.913	0	0	0	NaN
93	IMG02185.JPG	2.336	1.646	0	0	0	NaN
94	IMG02185.JPG	2.539	0.991	0	0	0	NaN
95	IMG02185.JPG	3.206	0.991	0	0	0	NaN
96	IMG02185.JPG	3.438	1.571	0	0	0	NaN
97	IMG02184.JPG	2.365	1.867	0	0	0	NaN
98	IMG02184.JPG	2.261	1.646	0	0	0	NaN
99	IMG02184.JPG	3.31	1.565	0	0	0	NaN
100	IMG02184.JPG	3.246	1.803	0	0	0	NaN
101	IMG02184.JPG	2.365	1.583	0	0	0	NaN
102	IMG02184.JPG	2.533	1.055	0	0	0	NaN
103	IMG02184.JPG	3.072	1.043	0	0	0	NaN
104	IMG02184.JPG	3.235	1.542	0	0	0	NaN
105	IMG02183.JPG	2.226	2.029	0	0	0	NaN
106	IMG02183.JPG	2.139	1.588	0	0	0	NaN
107	IMG02183.JPG	3.42	1.588	0	0	0	NaN
108	IMG02183.JPG	3.42	2.006	0	0	0	NaN
109	IMG02183.JPG	2.301	1.542	0	0	0	NaN
110	IMG02183.JPG	2.493	1.026	0	0	0	NaN
111	IMG02183.JPG	3.125	1.014	0	0	0	NaN
112	IMG02183.JPG	3.299	1.542	0	0	0	NaN
113	IMG02182.JPG	2.348	1.925	0	0	0	NaN
114	IMG02182.JPG	2.267	1.641	0	0	0	NaN
115	IMG02182.JPG	3.217	1.519	0	0	0	NaN
116	IMG02182.JPG	3.235	1.855	0	0	0	NaN
117	IMG02182.JPG	2.4	1.606	0	0	0	NaN
118	IMG02182.JPG	2.481	1.113	0	0	0	NaN
119	IMG02182.JPG	2.968	1.107	0	0	0	NaN
120	IMG02182.JPG	3.13	1.501	0	0	0	NaN
121	IMG02181.JPG	2.354	2.029	0	0	0	NaN
122	IMG02181.JPG	2.284	1.751	0	0	0	NaN
123	IMG02181.JPG	3.322	1.617	0	0	0	NaN
124	IMG02181.JPG	3.287	1.954	0	0	0	NaN
125	IMG02181.JPG	2.394	1.664	0	0	0	NaN
126	IMG02181.JPG	2.528	1.223	0	0	0	NaN
127	IMG02181.JPG	3.101	1.212	0	0	0	NaN
128	IMG02181.JPG	3.241	1.612	0	0	0	NaN
129	IMG02180.JPG	2.348	2.041	0	0	0	NaN
130	IMG02180.JPG	2.238	1.786	0	0	0	NaN
131	IMG02180.JPG	3.293	1.658	0	0	0	NaN
132	IMG02180.JPG	3.293	1.954	0	0	0	NaN
133	IMG02180.JPG	2.359	1.71	0	0	0	NaN
134	IMG02180.JPG	2.464	1.206	0	0	0	NaN
135	IMG02180.JPG	3.061	1.194	0	0	0	NaN
136	IMG02180.JPG	3.188	1.635	0	0	0	NaN
137	IMG02179.JPG	2.429	1.89	0	0	0	NaN
138	IMG02179.JPG	2.342	1.675	0	0	0	NaN
139	IMG02179.JPG	3.31	1.6	0	0	0	NaN
140	IMG02179.JPG	3.287	1.838	0	0	0	NaN
141	IMG02179.JPG	2.406	1.629	0	0	0	NaN
142	IMG02179.JPG	2.493	1.061	0	0	0	NaN
143	IMG02179.JPG	3.113	1.02	0	0	0	NaN
144	IMG02179.JPG	3.241	1.577	0	0	0	NaN
145	IMG02178.JPG	2.33	1.907	0	0	0	NaN
146	IMG02178.JPG	2.261	1.658	0	0	0	NaN
147	IMG02178.JPG	3.304	1.554	0	0	0	NaN
148	IMG02178.JPG	3.281	1.786	0	0	0	NaN
149	IMG02178.JPG	2.365	1.623	0	0	0	NaN
150	IMG02178.JPG	2.441	1.107	0	0	0	NaN
151	IMG02178.JPG	3.067	1.072	0	0	0	NaN
152	IMG02178.JPG	3.2	1.554	0	0	0	NaN
153	IMG02177.JPG	2.307	1.89	0	0	0	NaN
154	IMG02177.JPG	2.214	1.606	0	0	0	NaN
155	IMG02177.JPG	3.322	1.594	0	0	0	NaN
156	IMG02177.JPG	3.27	1.872	0	0	0	NaN
157	IMG02177.JPG	2.301	1.554	0	0	0	NaN
158	IMG02177.JPG	2.516	1.101	0	0	0	NaN
159	IMG02177.JPG	3.101	1.084	0	0	0	NaN
160	IMG02177.JPG	3.241	1.565	0	0	0	NaN
161	IMG02176.JPG	2.18	1.936	0	0	0	NaN
162	IMG02176.JPG	2.075	1.583	0	0	0	NaN
163	IMG02176.JPG	3.345	1.53	0	0	0	NaN
164	IMG02176.JPG	3.351	1.901	0	0	0	NaN
165	IMG02176.JPG	2.255	1.513	0	0	0	NaN
166	IMG02176.JPG	2.435	1.061	0	0	0	NaN
167	IMG02176.JPG	3.038	1.014	0	0	0	NaN
168	IMG02176.JPG	3.212	1.513	0	0	0	NaN
169	IMG02175.JPG	2.33	1.803	0	0	0	NaN
170	IMG02175.JPG	2.29	1.606	0	0	0	NaN
171	IMG02175.JPG	3.287	1.588	0	0	0	NaN
172	IMG02175.JPG	3.241	1.814	0	0	0	NaN
173	IMG02175.JPG	2.388	1.554	0	0	0	NaN
174	IMG02175.JPG	2.516	1.136	0	0	0	NaN
175	IMG02175.JPG	3.096	1.136	0	0	0	NaN
176	IMG02175.JPG	3.2	1.536	0	0	0	NaN
177	IMG02174.JPG	2.301	2.023	0	0	0	NaN
178	IMG02174.JPG	2.22	1.652	0	0	0	NaN
179	IMG02174.JPG	3.432	1.594	0	0	0	NaN
180	IMG02174.JPG	3.386	1.942	0	0	0	NaN
181	IMG02174.JPG	2.33	1.617	0	0	0	NaN
182	IMG02174.JPG	2.493	1.119	0	0	0	NaN
183	IMG02174.JPG	3.136	1.078	0	0	0	NaN
184	IMG02174.JPG	3.299	1.583	0	0	0	NaN
185	IMG02173.JPG	2.417	1.838	0	0	0	NaN
186	IMG02173.JPG	2.313	1.606	0	0	0	NaN
187	IMG02173.JPG	3.281	1.559	0	0	0	NaN
188	IMG02173.JPG	3.27	1.803	0	0	0	NaN
189	IMG02173.JPG	2.406	1.583	0	0	0	NaN
190	IMG02173.JPG	2.516	0.951	0	0	0	NaN
191	IMG02173.JPG	3.009	0.922	0	0	0	NaN
192	IMG02173.JPG	3.212	1.548	0	0	0	NaN
193	IMG02172.JPG	2.33	1.826	0	0	0	NaN
194	IMG02172.JPG	2.284	1.606	0	0	0	NaN
195	IMG02172.JPG	3.206	1.554	0	0	0	NaN
196	IMG02172.JPG	3.177	1.809	0	0	0	NaN
197	IMG02172.JPG	2.354	1.577	0	0	0	NaN
198	IMG02172.JPG	2.452	1.038	0	0	0	NaN
199	IMG02172.JPG	3.02	1.026	0	0	0	NaN
200	IMG02172.JPG	3.119	1.554	0	0	0	NaN
201	IMG02171.JPG	2.296	1.971	0	0	0	NaN
202	IMG02171.JPG	2.209	1.699	0	0	0	NaN
203	IMG02171.JPG	3.414	1.612	0	0	0	NaN
204	IMG02171.JPG	3.397	1.925	0	0	0	NaN
205	IMG02171.JPG	2.342	1.664	0	0	0	NaN
206	IMG02171.JPG	2.464	1.003	0	0	0	NaN
207	IMG02171.JPG	3.09	0.986	0	0	0	NaN
208	IMG02171.JPG	3.333	1.606	0	0	0	NaN
209	IMG02170.JPG	2.383	1.896	0	0	0	NaN
210	IMG02170.JPG	2.307	1.623	0	0	0	NaN
211	IMG02170.JPG	3.287	1.588	0	0	0	NaN
212	IMG02170.JPG	3.287	1.832	0	0	0	NaN
213	IMG02170.JPG	2.412	1.6	0	0	0	NaN
214	IMG02170.JPG	2.528	1.154	0	0	0	NaN
215	IMG02170.JPG	3.061	1.148	0	0	0	NaN
216	IMG02170.JPG	3.183	1.536	0	0	0	NaN
217	IMG02169.JPG	2.336	1.896	0	0	0	NaN
218	IMG02169.JPG	2.226	1.623	0	0	0	NaN
219	IMG02169.JPG	3.275	1.606	0	0	0	NaN
220	IMG02169.JPG	3.217	1.861	0	0	0	NaN
221	IMG02169.JPG	2.301	1.588	0	0	0	NaN
222	IMG02169.JPG	2.435	1.043	0	0	0	NaN
223	IMG02169.JPG	3.096	1.009	0	0	0	NaN
224	IMG02169.JPG	3.2	1.577	0	0	0	NaN
225	IMG02168.JPG	2.29	1.832	0	0	0	NaN
226	IMG02168.JPG	2.267	1.612	0	0	0	NaN
227	IMG02168.JPG	3.183	1.559	0	0	0	NaN
228	IMG02168.JPG	3.142	1.82	0	0	0	NaN
229	IMG02168.JPG	2.359	1.577	0	0	0	NaN
230	IMG02168.JPG	2.47	1.067	0	0	0	NaN
231	IMG02168.JPG	3.003	1.043	0	0	0	NaN
232	IMG02168.JPG	3.107	1.554	0	0	0	NaN
233	IMG02167.JPG	2.354	1.942	0	0	0	NaN
234	IMG02167.JPG	2.278	1.664	0	0	0	NaN
235	IMG02167.JPG	3.316	1.606	0	0	0	NaN
236	IMG02167.JPG	3.246	1.913	0	0	0	NaN
237	IMG02167.JPG	2.348	1.612	0	0	0	NaN
238	IMG02167.JPG	2.516	1.072	0	0	0	NaN
239	IMG02167.JPG	3.096	1.032	0	0	0	NaN
240	IMG02167.JPG	3.241	1.588	0	0	0	NaN
241	IMG02166.JPG	2.249	1.983	0	0	0	NaN
242	IMG02166.JPG	2.151	1.646	0	0	0	NaN
243	IMG02166.JPG	3.409	1.588	0	0	0	NaN
244	IMG02166.JPG	3.362	1.959	0	0	0	NaN
245	IMG02166.JPG	2.267	1.588	0	0	0	NaN
246	IMG02166.JPG	2.435	0.939	0	0	0	NaN
247	IMG02166.JPG	3.125	0.899	0	0	0	NaN
248	IMG02166.JPG	3.287	1.571	0	0	0	NaN
249	IMG02165.JPG	2.284	1.913	0	0	0	NaN
250	IMG02165.JPG	2.22	1.554	0	0	0	NaN
251	IMG02165.JPG	3.345	1.565	0	0	0	NaN
252	IMG02165.JPG	3.293	1.925	0	0	0	NaN
253	IMG02165.JPG	2.325	1.542	0	0	0	NaN
254	IMG02165.JPG	2.493	1.014	0	0	0	NaN
255	IMG02165.JPG	3.084	1.003	0	0	0	NaN
256	IMG02165.JPG	3.235	1.542	0	0	0	NaN
257	IMG02164.JPG	2.232	1.977	0	0	0	NaN
258	IMG02164.JPG	2.174	1.675	0	0	0	NaN
259	IMG02164.JPG	3.316	1.594	0	0	0	NaN
260	IMG02164.JPG	3.299	1.913	0	0	0	NaN
261	IMG02164.JPG	2.296	1.6	0	0	0	NaN
262	IMG02164.JPG	2.464	1.02	0	0	0	NaN
263	IMG02164.JPG	3.02	0.997	0	0	0	NaN
264	IMG02164.JPG	3.2	1.577	0	0	0	NaN
265	IMG02163.JPG	2.307	1.907	0	0	0	NaN
266	IMG02163.JPG	2.232	1.658	0	0	0	NaN
267	IMG02163.JPG	3.287	1.583	0	0	0	NaN
268	IMG02163.JPG	3.264	1.867	0	0	0	NaN
269	IMG02163.JPG	2.342	1.617	0	0	0	NaN
270	IMG02163.JPG	2.464	1.13	0	0	0	NaN
271	IMG02163.JPG	3.072	1.125	0	0	0	NaN
272	IMG02163.JPG	3.206	1.594	0	0	0	NaN
273	IMG02162.JPG	2.255	2.087	0	0	0	NaN
274	IMG02162.JPG	2.157	1.768	0	0	0	NaN
275	IMG02162.JPG	3.461	1.646	0	0	0	NaN
276	IMG02162.JPG	3.461	2.006	0	0	0	NaN
277	IMG02162.JPG	2.342	1.699	0	0	0	NaN
278	IMG02162.JPG	2.475	1.107	0	0	0	NaN
279	IMG02162.JPG	3.101	1.084	0	0	0	NaN
280	IMG02162.JPG	3.287	1.594	0	0	0	NaN
281	IMG02161.JPG	2.388	1.896	0	0	0	NaN
282	IMG02161.JPG	2.307	1.606	0	0	0	NaN
283	IMG02161.JPG	3.27	1.588	0	0	0	NaN
284	IMG02161.JPG	3.258	1.884	0	0	0	NaN
285	IMG02161.JPG	2.394	1.559	0	0	0	NaN
286	IMG02161.JPG	2.528	1.125	0	0	0	NaN
287	IMG02161.JPG	3.119	1.13	0	0	0	NaN
288	IMG02161.JPG	3.188	1.583	0	0	0	NaN
289	IMG02160.JPG	2.394	1.983	0	0	0	NaN
290	IMG02160.JPG	2.296	1.716	0	0	0	NaN
291	IMG02160.JPG	3.409	1.652	0	0	0	NaN
292	IMG02160.JPG	3.38	1.965	0	0	0	NaN
293	IMG02160.JPG	2.388	1.652	0	0	0	NaN
294	IMG02160.JPG	2.51	1.113	0	0	0	NaN
295	IMG02160.JPG	3.13	1.067	0	0	0	NaN
296	IMG02160.JPG	3.299	1.623	0	0	0	NaN
297	IMG02159.JPG	2.313	1.797	0	0	0	NaN
298	IMG02159.JPG	2.255	1.565	0	0	0	NaN
299	IMG02159.JPG	3.188	1.501	0	0	0	NaN
300	IMG02159.JPG	3.142	1.762	0	0	0	NaN
301	IMG02159.JPG	2.319	1.53	0	0	0	NaN
302	IMG02159.JPG	2.394	0.957	0	0	0	NaN
303	IMG02159.JPG	2.991	0.91	0	0	0	NaN
304	IMG02159.JPG	3.13	1.49	0	0	0	NaN
305	IMG02158.JPG	2.429	1.971	0	0	0	NaN
306	IMG02158.JPG	2.348	1.687	0	0	0	NaN
307	IMG02158.JPG	3.42	1.583	0	0	0	NaN
308	IMG02158.JPG	3.42	1.913	0	0	0	NaN
309	IMG02158.JPG	2.475	1.652	0	0	0	NaN
310	IMG02158.JPG	2.603	1.049	0	0	0	NaN
311	IMG02158.JPG	3.2	1.026	0	0	0	NaN
312	IMG02158.JPG	3.333	1.577	0	0	0	NaN
313	IMG02157.JPG	2.325	1.925	0	0	0	NaN
314	IMG02157.JPG	2.249	1.646	0	0	0	NaN
315	IMG02157.JPG	3.333	1.565	0	0	0	NaN
316	IMG02157.JPG	3.31	1.878	0	0	0	NaN
317	IMG02157.JPG	2.354	1.617	0	0	0	NaN
318	IMG02157.JPG	2.446	1.043	0	0	0	NaN
319	IMG02157.JPG	3.107	1.02	0	0	0	NaN
320	IMG02157.JPG	3.241	1.548	0	0	0	NaN
321	IMG02156.JPG	2.307	1.925	0	0	0	NaN
322	IMG02156.JPG	2.243	1.6	0	0	0	NaN
323	IMG02156.JPG	3.328	1.542	0	0	0	NaN
324	IMG02156.JPG	3.328	1.849	0	0	0	NaN
325	IMG02156.JPG	2.383	1.623	0	0	0	NaN
326	IMG02156.JPG	2.51	1.084	0	0	0	NaN
327	IMG02156.JPG	3.078	1.055	0	0	0	NaN
328	IMG02156.JPG	3.246	1.548	0	0	0	NaN
329	IMG02155.JPG	2.278	1.983	0	0	0	NaN
330	IMG02155.JPG	2.197	1.635	0	0	0	NaN
331	IMG02155.JPG	3.397	1.6	0	0	0	NaN
332	IMG02155.JPG	3.386	1.954	0	0	0	NaN
333	IMG02155.JPG	2.33	1.588	0	0	0	NaN
334	IMG02155.JPG	2.522	1.032	0	0	0	NaN
335	IMG02155.JPG	3.13	1.003	0	0	0	NaN
336	IMG02155.JPG	3.31	1.571	0	0	0	NaN
337	IMG02154.JPG	2.186	2.093	0	0	0	NaN
338	IMG02154.JPG	2.11	1.704	0	0	0	NaN
339	IMG02154.JPG	3.31	1.565	0	0	0	NaN
340	IMG02154.JPG	3.391	2.006	0	0	0	NaN
341	IMG02154.JPG	2.284	1.641	0	0	0	NaN
342	IMG02154.JPG	2.458	1.119	0	0	0	NaN
343	IMG02154.JPG	3.09	1.096	0	0	0	NaN
344	IMG02154.JPG	3.229	1.6	0	0	0	NaN
345	IMG02153.JPG	2.301	1.803	0	0	0	NaN
346	IMG02153.JPG	2.209	1.571	0	0	0	NaN
347	IMG02153.JPG	3.339	1.53	0	0	0	NaN
348	IMG02153.JPG	3.316	1.745	0	0	0	NaN
349	IMG02153.JPG	2.325	1.548	0	0	0	NaN
350	IMG02153.JPG	2.458	0.933	0	0	0	NaN
351	IMG02153.JPG	3.067	0.881	0	0	0	NaN
352	IMG02153.JPG	3.223	1.513	0	0	0	NaN
353	IMG02152.JPG	2.388	1.814	0	0	0	NaN
354	IMG02152.JPG	2.307	1.571	0	0	0	NaN
355	IMG02152.JPG	3.333	1.542	0	0	0	NaN
356	IMG02152.JPG	3.287	1.797	0	0	0	NaN
357	IMG02152.JPG	2.394	1.548	0	0	0	NaN
358	IMG02152.JPG	2.539	0.974	0	0	0	NaN
359	IMG02152.JPG	3.125	0.98	0	0	0	NaN
360	IMG02152.JPG	3.252	1.507	0	0	0	NaN
361	IMG02151.JPG	2.29	2.006	0	0	0	NaN
362	IMG02151.JPG	2.209	1.687	0	0	0	NaN
363	IMG02151.JPG	3.333	1.617	0	0	0	NaN
364	IMG02151.JPG	3.304	1.994	0	0	0	NaN
365	IMG02151.JPG	2.336	1.641	0	0	0	NaN
366	IMG02151.JPG	2.475	1.096	0	0	0	NaN
367	IMG02151.JPG	3.072	1.061	0	0	0	NaN
368	IMG02151.JPG	3.229	1.606	0	0	0	NaN
369	IMG02150.JPG	2.417	1.832	0	0	0	NaN
370	IMG02150.JPG	2.365	1.6	0	0	0	NaN
371	IMG02150.JPG	3.316	1.513	0	0	0	NaN
372	IMG02150.JPG	3.304	1.739	0	0	0	NaN
373	IMG02150.JPG	2.452	1.571	0	0	0	NaN
374	IMG02150.JPG	2.551	1.003	0	0	0	NaN
375	IMG02150.JPG	3.159	0.98	0	0	0	NaN
376	IMG02150.JPG	3.252	1.513	0	0	0	NaN
377	IMG02149.JPG	2.336	1.867	0	0	0	NaN
378	IMG02149.JPG	2.307	1.635	0	0	0	NaN
379	IMG02149.JPG	3.339	1.594	0	0	0	NaN
380	IMG02149.JPG	3.304	1.872	0	0	0	NaN
381	IMG02149.JPG	2.394	1.594	0	0	0	NaN
382	IMG02149.JPG	2.522	1.09	0	0	0	NaN
383	IMG02149.JPG	3.107	1.072	0	0	0	NaN
384	IMG02149.JPG	3.252	1.577	0	0	0	NaN
385	IMG02148.JPG	2.348	1.942	0	0	0	NaN
386	IMG02148.JPG	2.226	1.652	0	0	0	NaN
387	IMG02148.JPG	3.322	1.565	0	0	0	NaN
388	IMG02148.JPG	3.287	1.919	0	0	0	NaN
389	IMG02148.JPG	2.348	1.606	0	0	0	NaN
390	IMG02148.JPG	2.452	1.072	0	0	0	NaN
391	IMG02148.JPG	3.049	1.038	0	0	0	NaN
392	IMG02148.JPG	3.217	1.536	0	0	0	NaN
393	IMG02147.JPG	2.319	2.006	0	0	0	NaN
394	IMG02147.JPG	2.272	1.722	0	0	0	NaN
395	IMG02147.JPG	3.386	1.623	0	0	0	NaN
396	IMG02147.JPG	3.374	1.942	0	0	0	NaN
397	IMG02147.JPG	2.377	1.658	0	0	0	NaN
398	IMG02147.JPG	2.464	1.171	0	0	0	NaN
399	IMG02147.JPG	3.136	1.119	0	0	0	NaN
400	IMG02147.JPG	3.281	1.594	0	0	0	NaN
401	IMG02146.JPG	2.313	1.855	0	0	0	NaN
402	IMG02146.JPG	2.232	1.612	0	0	0	NaN
403	IMG02146.JPG	3.27	1.559	0	0	0	NaN
404	IMG02146.JPG	3.241	1.861	0	0	0	NaN
405	IMG02146.JPG	2.319	1.554	0	0	0	NaN
406	IMG02146.JPG	2.435	0.974	0	0	0	NaN
407	IMG02146.JPG	3.084	0.951	0	0	0	NaN
408	IMG02146.JPG	3.188	1.559	0	0	0	NaN
409	IMG02145.JPG	2.342	1.925	0	0	0	NaN
410	IMG02145.JPG	2.284	1.646	0	0	0	NaN
411	IMG02145.JPG	3.264	1.6	0	0	0	NaN
412	IMG02145.JPG	3.235	1.901	0	0	0	NaN
413	IMG02145.JPG	2.365	1.588	0	0	0	NaN
414	IMG02145.JPG	2.522	1.09	0	0	0	NaN
415	IMG02145.JPG	3.038	1.084	0	0	0	NaN
416	IMG02145.JPG	3.2	1.588	0	0	0	NaN
417	IMG02144.JPG	2.284	1.907	0	0	0	NaN
418	IMG02144.JPG	2.238	1.594	0	0	0	NaN
419	IMG02144.JPG	3.281	1.548	0	0	0	NaN
420	IMG02144.JPG	3.264	1.89	0	0	0	NaN
421	IMG02144.JPG	2.348	1.571	0	0	0	NaN
422	IMG02144.JPG	2.487	1.043	0	0	0	NaN
423	IMG02144.JPG	3.072	1.049	0	0	0	NaN
424	IMG02144.JPG	3.183	1.554	0	0	0	NaN
425	IMG02143.JPG	2.336	1.959	0	0	0	NaN
426	IMG02143.JPG	2.255	1.617	0	0	0	NaN
427	IMG02143.JPG	3.368	1.606	0	0	0	NaN
428	IMG02143.JPG	3.322	1.913	0	0	0	NaN
429	IMG02143.JPG	2.319	1.577	0	0	0	NaN
430	IMG02143.JPG	2.51	0.997	0	0	0	NaN
431	IMG02143.JPG	3.125	0.991	0	0	0	NaN
432	IMG02143.JPG	3.287	1.565	0	0	0	NaN
433	IMG02142.JPG	2.284	1.919	0	0	0	NaN
434	IMG02142.JPG	2.278	1.629	0	0	0	NaN
435	IMG02142.JPG	3.299	1.548	0	0	0	NaN
436	IMG02142.JPG	3.316	1.872	0	0	0	NaN
437	IMG02142.JPG	2.371	1.577	0	0	0	NaN
438	IMG02142.JPG	2.528	1.084	0	0	0	NaN
439	IMG02142.JPG	3.055	1.055	0	0	0	NaN
440	IMG02142.JPG	3.177	1.525	0	0	0	NaN
441	IMG02141.JPG	2.354	1.861	0	0	0	NaN
442	IMG02141.JPG	2.261	1.6	0	0	0	NaN
443	IMG02141.JPG	3.299	1.496	0	0	0	NaN
444	IMG02141.JPG	3.252	1.809	0	0	0	NaN
445	IMG02141.JPG	2.342	1.606	0	0	0	NaN
446	IMG02141.JPG	2.435	1.014	0	0	0	NaN
447	IMG02141.JPG	3.038	0.98	0	0	0	NaN
448	IMG02141.JPG	3.217	1.472	0	0	0	NaN
449	IMG02140.JPG	2.29	1.896	0	0	0	NaN
450	IMG02140.JPG	2.203	1.71	0	0	0	NaN
451	IMG02140.JPG	3.252	1.635	0	0	0	NaN
452	IMG02140.JPG	3.171	1.884	0	0	0	NaN
453	IMG02140.JPG	2.354	1.629	0	0	0	NaN
454	IMG02140.JPG	2.493	1.026	0	0	0	NaN
455	IMG02140.JPG	2.974	1.014	0	0	0	NaN
456	IMG02140.JPG	3.188	1.6	0	0	0	NaN
457	IMG02139.JPG	2.307	1.913	0	0	0	NaN
458	IMG02139.JPG	2.226	1.652	0	0	0	NaN
459	IMG02139.JPG	3.328	1.6	0	0	0	NaN
460	IMG02139.JPG	3.287	1.867	0	0	0	NaN
461	IMG02139.JPG	2.342	1.6	0	0	0	NaN
462	IMG02139.JPG	2.51	1.049	0	0	0	NaN
463	IMG02139.JPG	3.09	1.009	0	0	0	NaN
464	IMG02139.JPG	3.241	1.559	0	0	0	NaN
465	IMG02138.JPG	2.371	1.838	0	0	0	NaN
466	IMG02138.JPG	2.284	1.594	0	0	0	NaN
467	IMG02138.JPG	3.258	1.53	0	0	0	NaN
468	IMG02138.JPG	3.183	1.843	0	0	0	NaN
469	IMG02138.JPG	2.406	1.554	0	0	0	NaN
470	IMG02138.JPG	2.481	1.049	0	0	0	NaN
471	IMG02138.JPG	3.043	1.032	0	0	0	NaN
472	IMG02138.JPG	3.165	1.519	0	0	0	NaN
473	IMG02137.JPG	2.284	2.087	0	0	0	NaN
474	IMG02137.JPG	2.249	1.635	0	0	0	NaN
475	IMG02137.JPG	3.316	1.554	0	0	0	NaN
476	IMG02137.JPG	3.362	2.017	0	0	0	NaN
477	IMG02137.JPG	2.371	1.583	0	0	0	NaN
478	IMG02137.JPG	2.481	1.101	0	0	0	NaN
479	IMG02137.JPG	3.067	1.078	0	0	0	NaN
480	IMG02137.JPG	3.212	1.571	0	0	0	NaN
481	IMG02136.JPG	2.371	1.89	0	0	0	NaN
482	IMG02136.JPG	2.272	1.612	0	0	0	NaN
483	IMG02136.JPG	3.362	1.554	0	0	0	NaN
484	IMG02136.JPG	3.316	1.826	0	0	0	NaN
485	IMG02136.JPG	2.388	1.583	0	0	0	NaN
486	IMG02136.JPG	2.522	1.049	0	0	0	NaN
487	IMG02136.JPG	3.113	1.009	0	0	0	NaN
488	IMG02136.JPG	3.264	1.507	0	0	0	NaN
489	IMG02135.JPG	2.354	1.93	0	0	0	NaN
490	IMG02135.JPG	2.313	1.693	0	0	0	NaN
491	IMG02135.JPG	3.328	1.612	0	0	0	NaN
492	IMG02135.JPG	3.299	1.884	0	0	0	NaN
493	IMG02135.JPG	2.417	1.641	0	0	0	NaN
494	IMG02135.JPG	2.539	1.101	0	0	0	NaN
495	IMG02135.JPG	3.061	1.049	0	0	0	NaN
496	IMG02135.JPG	3.206	1.588	0	0	0	NaN
497	IMG02134.JPG	2.325	1.936	0	0	0	NaN
498	IMG02134.JPG	2.249	1.606	0	0	0	NaN
499	IMG02134.JPG	3.328	1.588	0	0	0	NaN
500	IMG02134.JPG	3.258	2.006	0	0	0	NaN
501	IMG02134.JPG	2.371	1.554	0	0	0	NaN
502	IMG02134.JPG	2.545	1.043	0	0	0	NaN
503	IMG02134.JPG	3.136	1.026	0	0	0	NaN
504	IMG02134.JPG	3.258	1.6	0	0	0	NaN
505	IMG02133.JPG	2.261	1.832	0	0	0	NaN
506	IMG02133.JPG	2.209	1.583	0	0	0	NaN
507	IMG02133.JPG	3.293	1.513	0	0	0	NaN
508	IMG02133.JPG	3.287	1.838	0	0	0	NaN
509	IMG02133.JPG	2.354	1.571	0	0	0	NaN
510	IMG02133.JPG	2.452	1.02	0	0	0	NaN
511	IMG02133.JPG	3.038	1.003	0	0	0	NaN
512	IMG02133.JPG	3.188	1.49	0	0	0	NaN
513	IMG02132.JPG	2.278	1.925	0	0	0	NaN
514	IMG02132.JPG	2.209	1.559	0	0	0	NaN
515	IMG02132.JPG	3.357	1.542	0	0	0	NaN
516	IMG02132.JPG	3.328	1.919	0	0	0	NaN
517	IMG02132.JPG	2.33	1.548	0	0	0	NaN
518	IMG02132.JPG	2.458	0.974	0	0	0	NaN
519	IMG02132.JPG	3.142	0.962	0	0	0	NaN
520	IMG02132.JPG	3.264	1.542	0	0	0	NaN
521	IMG02131.JPG	2.417	1.861	0	0	0	NaN
522	IMG02131.JPG	2.365	1.635	0	0	0	NaN
523	IMG02131.JPG	3.351	1.525	0	0	0	NaN
524	IMG02131.JPG	3.328	1.774	0	0	0	NaN
525	IMG02131.JPG	2.487	1.594	0	0	0	NaN
526	IMG02131.JPG	2.591	1.171	0	0	0	NaN
527	IMG02131.JPG	3.142	1.13	0	0	0	NaN
528	IMG02131.JPG	3.246	1.525	0	0	0	NaN
529	IMG02130.JPG	2.313	2.023	0	0	0	NaN
530	IMG02130.JPG	2.214	1.67	0	0	0	NaN
531	IMG02130.JPG	3.362	1.571	0	0	0	NaN
532	IMG02130.JPG	3.328	1.948	0	0	0	NaN
533	IMG02130.JPG	2.342	1.617	0	0	0	NaN
534	IMG02130.JPG	2.481	1.09	0	0	0	NaN
535	IMG02130.JPG	3.113	1.072	0	0	0	NaN
536	IMG02130.JPG	3.264	1.554	0	0	0	NaN
537	IMG02129.JPG	2.342	1.896	0	0	0	NaN
538	IMG02129.JPG	2.209	1.565	0	0	0	NaN
539	IMG02129.JPG	3.333	1.542	0	0	0	NaN
540	IMG02129.JPG	3.258	1.901	0	0	0	NaN
541	IMG02129.JPG	2.319	1.525	0	0	0	NaN
542	IMG02129.JPG	2.423	1.038	0	0	0	NaN
543	IMG02129.JPG	3.038	1.014	0	0	0	NaN
544	IMG02129.JPG	3.212	1.548	0	0	0	NaN
545	IMG02128.JPG	2.319	1.901	0	0	0	NaN
546	IMG02128.JPG	2.272	1.6	0	0	0	NaN
547	IMG02128.JPG	3.339	1.594	0	0	0	NaN
548	IMG02128.JPG	3.27	1.913	0	0	0	NaN
549	IMG02128.JPG	2.365	1.588	0	0	0	NaN
550	IMG02128.JPG	2.475	0.945	0	0	0	NaN
551	IMG02128.JPG	3.096	0.945	0	0	0	NaN
552	IMG02128.JPG	3.235	1.565	0	0	0	NaN
553	IMG02127.JPG	2.371	1.791	0	0	0	NaN
554	IMG02127.JPG	2.342	1.594	0	0	0	NaN
555	IMG02127.JPG	3.27	1.554	0	0	0	NaN
556	IMG02127.JPG	3.241	1.832	0	0	0	NaN
557	IMG02127.JPG	2.446	1.536	0	0	0	NaN
558	IMG02127.JPG	2.539	1.049	0	0	0	NaN
559	IMG02127.JPG	3.032	1.026	0	0	0	NaN
560	IMG02127.JPG	3.206	1.542	0	0	0	NaN
561	IMG02126.JPG	2.377	1.843	0	0	0	NaN
562	IMG02126.JPG	2.319	1.571	0	0	0	NaN
563	IMG02126.JPG	3.357	1.542	0	0	0	NaN
564	IMG02126.JPG	3.357	1.861	0	0	0	NaN
565	IMG02126.JPG	2.4	1.559	0	0	0	NaN
566	IMG02126.JPG	2.545	1.072	0	0	0	NaN
567	IMG02126.JPG	3.165	1.055	0	0	0	NaN
568	IMG02126.JPG	3.258	1.542	0	0	0	NaN
569	IMG02125.JPG	2.243	1.971	0	0	0	NaN
570	IMG02125.JPG	2.203	1.629	0	0	0	NaN
571	IMG02125.JPG	3.339	1.6	0	0	0	NaN
572	IMG02125.JPG	3.304	1.936	0	0	0	NaN
573	IMG02125.JPG	2.33	1.606	0	0	0	NaN
574	IMG02125.JPG	2.435	1.055	0	0	0	NaN
575	IMG02125.JPG	3.055	0.98	0	0	0	NaN
576	IMG02125.JPG	3.235	1.588	0	0	0	NaN
577	IMG02124.JPG	2.301	1.884	0	0	0	NaN
578	IMG02124.JPG	2.226	1.646	0	0	0	NaN
579	IMG02124.JPG	3.188	1.588	0	0	0	NaN
580	IMG02124.JPG	3.194	1.814	0	0	0	NaN
581	IMG02124.JPG	2.348	1.606	0	0	0	NaN
582	IMG02124.JPG	2.435	1.2	0	0	0	NaN
583	IMG02124.JPG	2.945	1.171	0	0	0	NaN
584	IMG02124.JPG	3.09	1.577	0	0	0	NaN
585	IMG02123.JPG	2.307	1.803	0	0	0	NaN
586	IMG02123.JPG	2.255	1.577	0	0	0	NaN
587	IMG02123.JPG	3.188	1.571	0	0	0	NaN
588	IMG02123.JPG	3.159	1.791	0	0	0	NaN
589	IMG02123.JPG	2.348	1.548	0	0	0	NaN
590	IMG02123.JPG	2.481	1.02	0	0	0	NaN
591	IMG02123.JPG	3.003	1.032	0	0	0	NaN
592	IMG02123.JPG	3.125	1.577	0	0	0	NaN
593	IMG02122.JPG	2.336	1.797	0	0	0	NaN
594	IMG02122.JPG	2.255	1.536	0	0	0	NaN
595	IMG02122.JPG	3.223	1.513	0	0	0	NaN
596	IMG02122.JPG	3.165	1.791	0	0	0	NaN
597	IMG02122.JPG	2.354	1.536	0	0	0	NaN
598	IMG02122.JPG	2.446	1.078	0	0	0	NaN
599	IMG02122.JPG	3.067	1.055	0	0	0	NaN
600	IMG02122.JPG	3.148	1.49	0	0	0	NaN
601	IMG02121.JPG	2.261	1.942	0	0	0	NaN
602	IMG02121.JPG	2.238	1.588	0	0	0	NaN
603	IMG02121.JPG	3.351	1.455	0	0	0	NaN
604	IMG02121.JPG	3.357	1.884	0	0	0	NaN
605	IMG02121.JPG	2.348	1.583	0	0	0	NaN
606	IMG02121.JPG	2.487	1.101	0	0	0	NaN
607	IMG02121.JPG	3.061	1.072	0	0	0	NaN
608	IMG02121.JPG	3.229	1.467	0	0	0	NaN
609	IMG02120.JPG	2.354	1.814	0	0	0	NaN
610	IMG02120.JPG	2.313	1.588	0	0	0	NaN
611	IMG02120.JPG	3.368	1.542	0	0	0	NaN
612	IMG02120.JPG	3.304	1.791	0	0	0	NaN
613	IMG02120.JPG	2.423	1.577	0	0	0	NaN
614	IMG02120.JPG	2.533	1.142	0	0	0	NaN
615	IMG02120.JPG	3.101	1.101	0	0	0	NaN
616	IMG02120.JPG	3.27	1.525	0	0	0	NaN
617	IMG02119.JPG	2.336	1.942	0	0	0	NaN
618	IMG02119.JPG	2.296	1.687	0	0	0	NaN
619	IMG02119.JPG	3.31	1.577	0	0	0	NaN
620	IMG02119.JPG	3.322	1.867	0	0	0	NaN
621	IMG02119.JPG	2.388	1.693	0	0	0	NaN
622	IMG02119.JPG	2.493	1.165	0	0	0	NaN
623	IMG02119.JPG	3.096	1.159	0	0	0	NaN
624	IMG02119.JPG	3.217	1.588	0	0	0	NaN
625	IMG02118.JPG	2.278	1.896	0	0	0	NaN
626	IMG02118.JPG	2.18	1.565	0	0	0	NaN
627	IMG02118.JPG	3.304	1.548	0	0	0	NaN
628	IMG02118.JPG	3.275	1.861	0	0	0	NaN
629	IMG02118.JPG	2.29	1.554	0	0	0	NaN
630	IMG02118.JPG	2.499	1.032	0	0	0	NaN
631	IMG02118.JPG	3.014	1.014	0	0	0	NaN
632	IMG02118.JPG	3.177	1.548	0	0	0	NaN
633	IMG02117.JPG	2.33	1.919	0	0	0	NaN
634	IMG02117.JPG	2.255	1.67	0	0	0	NaN
635	IMG02117.JPG	3.322	1.594	0	0	0	NaN
636	IMG02117.JPG	3.287	1.896	0	0	0	NaN
637	IMG02117.JPG	2.359	1.6	0	0	0	NaN
638	IMG02117.JPG	2.487	1.067	0	0	0	NaN
639	IMG02117.JPG	3.078	1.049	0	0	0	NaN
640	IMG02117.JPG	3.241	1.577	0	0	0	NaN
641	IMG02116.JPG	2.377	1.809	0	0	0	NaN
642	IMG02116.JPG	2.342	1.635	0	0	0	NaN
643	IMG02116.JPG	3.241	1.588	0	0	0	NaN
644	IMG02116.JPG	3.258	1.797	0	0	0	NaN
645	IMG02116.JPG	2.417	1.606	0	0	0	NaN
646	IMG02116.JPG	2.493	1.014	0	0	0	NaN
647	IMG02116.JPG	3.061	1.02	0	0	0	NaN
648	IMG02116.JPG	3.183	1.577	0	0	0	NaN
649	IMG02115.JPG	2.29	1.896	0	0	0	NaN
650	IMG02115.JPG	2.186	1.594	0	0	0	NaN
651	IMG02115.JPG	3.287	1.554	0	0	0	NaN
652	IMG02115.JPG	3.287	1.867	0	0	0	NaN
653	IMG02115.JPG	2.33	1.583	0	0	0	NaN
654	IMG02115.JPG	2.441	1.09	0	0	0	NaN
655	IMG02115.JPG	3.009	1.084	0	0	0	NaN
656	IMG02115.JPG	3.194	1.542	0	0	0	NaN
657	IMG02114.JPG	2.354	1.861	0	0	0	NaN
658	IMG02114.JPG	2.261	1.629	0	0	0	NaN
659	IMG02114.JPG	3.264	1.542	0	0	0	NaN
660	IMG02114.JPG	3.241	1.82	0	0	0	NaN
661	IMG02114.JPG	2.371	1.588	0	0	0	NaN
662	IMG02114.JPG	2.499	1.165	0	0	0	NaN
663	IMG02114.JPG	3.038	1.136	0	0	0	NaN
664	IMG02114.JPG	3.188	1.554	0	0	0	NaN
665	IMG02113.JPG	2.278	1.959	0	0	0	NaN
666	IMG02113.JPG	2.232	1.629	0	0	0	NaN
667	IMG02113.JPG	3.287	1.606	0	0	0	NaN
668	IMG02113.JPG	3.258	1.971	0	0	0	NaN
669	IMG02113.JPG	2.336	1.606	0	0	0	NaN
670	IMG02113.JPG	2.423	1.084	0	0	0	NaN
671	IMG02113.JPG	3.038	1.067	0	0	0	NaN
672	IMG02113.JPG	3.206	1.594	0	0	0	NaN
673	IMG02112.JPG	2.342	1.896	0	0	0	NaN
674	IMG02112.JPG	2.296	1.617	0	0	0	NaN
675	IMG02112.JPG	3.333	1.594	0	0	0	NaN
676	IMG02112.JPG	3.31	1.843	0	0	0	NaN
677	IMG02112.JPG	2.394	1.623	0	0	0	NaN
678	IMG02112.JPG	2.545	1.159	0	0	0	NaN
679	IMG02112.JPG	3.148	1.142	0	0	0	NaN
680	IMG02112.JPG	3.223	1.571	0	0	0	NaN
681	IMG02111.JPG	2.29	1.919	0	0	0	NaN
682	IMG02111.JPG	2.232	1.641	0	0	0	NaN
683	IMG02111.JPG	3.386	1.559	0	0	0	NaN
684	IMG02111.JPG	3.345	1.913	0	0	0	NaN
685	IMG02111.JPG	2.371	1.594	0	0	0	NaN
686	IMG02111.JPG	2.493	0.991	0	0	0	NaN
687	IMG02111.JPG	3.119	0.997	0	0	0	NaN
688	IMG02111.JPG	3.287	1.548	0	0	0	NaN
689	IMG02110.JPG	2.371	1.861	0	0	0	NaN
690	IMG02110.JPG	2.261	1.612	0	0	0	NaN
691	IMG02110.JPG	3.38	1.536	0	0	0	NaN
692	IMG02110.JPG	3.31	1.843	0	0	0	NaN
693	IMG02110.JPG	2.388	1.559	0	0	0	NaN
694	IMG02110.JPG	2.504	1.078	0	0	0	NaN
695	IMG02110.JPG	3.119	1.084	0	0	0	NaN
696	IMG02110.JPG	3.281	1.53	0	0	0	NaN
697	IMG02109.JPG	2.29	1.948	0	0	0	NaN
698	IMG02109.JPG	2.197	1.612	0	0	0	NaN
699	IMG02109.JPG	3.362	1.507	0	0	0	NaN
700	IMG02109.JPG	3.316	1.901	0	0	0	NaN
701	IMG02109.JPG	2.325	1.571	0	0	0	NaN
702	IMG02109.JPG	2.446	0.997	0	0	0	NaN
703	IMG02109.JPG	3.072	0.974	0	0	0	NaN
704	IMG02109.JPG	3.252	1.496	0	0	0	NaN
705	IMG02108.JPG	2.359	1.855	0	0	0	NaN
706	IMG02108.JPG	2.249	1.664	0	0	0	NaN
707	IMG02108.JPG	3.304	1.554	0	0	0	NaN
708	IMG02108.JPG	3.275	1.809	0	0	0	NaN
709	IMG02108.JPG	2.359	1.612	0	0	0	NaN
710	IMG02108.JPG	2.475	1.107	0	0	0	NaN
711	IMG02108.JPG	3.055	1.096	0	0	0	NaN
712	IMG02108.JPG	3.212	1.542	0	0	0	NaN
713	IMG02107.JPG	2.249	1.959	0	0	0	NaN
714	IMG02107.JPG	2.151	1.652	0	0	0	NaN
715	IMG02107.JPG	3.299	1.536	0	0	0	NaN
716	IMG02107.JPG	3.304	1.884	0	0	0	NaN
717	IMG02107.JPG	2.336	1.594	0	0	0	NaN
718	IMG02107.JPG	2.441	1.02	0	0	0	NaN
719	IMG02107.JPG	3.014	1.009	0	0	0	NaN
720	IMG02107.JPG	3.165	1.536	0	0	0	NaN
721	IMG02106.JPG	2.371	1.93	0	0	0	NaN
722	IMG02106.JPG	2.325	1.681	0	0	0	NaN
723	IMG02106.JPG	3.386	1.664	0	0	0	NaN
724	IMG02106.JPG	3.322	1.948	0	0	0	NaN
725	IMG02106.JPG	2.435	1.641	0	0	0	NaN
726	IMG02106.JPG	2.562	1.142	0	0	0	NaN
727	IMG02106.JPG	3.101	1.13	0	0	0	NaN
728	IMG02106.JPG	3.275	1.635	0	0	0	NaN
729	IMG02105.JPG	2.296	1.896	0	0	0	NaN
730	IMG02105.JPG	2.243	1.641	0	0	0	NaN
731	IMG02105.JPG	3.328	1.612	0	0	0	NaN
732	IMG02105.JPG	3.287	1.896	0	0	0	NaN
733	IMG02105.JPG	2.33	1.617	0	0	0	NaN
734	IMG02105.JPG	2.481	1.125	0	0	0	NaN
735	IMG02105.JPG	3.049	1.119	0	0	0	NaN
736	IMG02105.JPG	3.223	1.588	0	0	0	NaN
737	IMG02104.JPG	2.325	2.058	0	0	0	NaN
738	IMG02104.JPG	2.278	1.704	0	0	0	NaN
739	IMG02104.JPG	3.316	1.606	0	0	0	NaN
740	IMG02104.JPG	3.299	2.017	0	0	0	NaN
741	IMG02104.JPG	2.365	1.681	0	0	0	NaN
742	IMG02104.JPG	2.47	1.084	0	0	0	NaN
743	IMG02104.JPG	3.026	1.101	0	0	0	NaN
744	IMG02104.JPG	3.217	1.629	0	0	0	NaN
745	IMG02103.JPG	2.342	1.814	0	0	0	NaN
746	IMG02103.JPG	2.249	1.548	0	0	0	NaN
747	IMG02103.JPG	3.212	1.513	0	0	0	NaN
748	IMG02103.JPG	3.171	1.757	0	0	0	NaN
749	IMG02103.JPG	2.348	1.542	0	0	0	NaN
750	IMG02103.JPG	2.475	0.997	0	0	0	NaN
751	IMG02103.JPG	2.98	0.98	0	0	0	NaN
752	IMG02103.JPG	3.125	1.507	0	0	0	NaN
753	IMG02102.JPG	2.319	1.849	0	0	0	NaN
754	IMG02102.JPG	2.296	1.623	0	0	0	NaN
755	IMG02102.JPG	3.322	1.571	0	0	0	NaN
756	IMG02102.JPG	3.258	1.89	0	0	0	NaN
757	IMG02102.JPG	2.4	1.577	0	0	0	NaN
758	IMG02102.JPG	2.516	1.043	0	0	0	NaN
759	IMG02102.JPG	3.061	1.049	0	0	0	NaN
760	IMG02102.JPG	3.223	1.583	0	0	0	NaN
761	IMG02101.JPG	2.435	1.861	0	0	0	NaN
762	IMG02101.JPG	2.359	1.646	0	0	0	NaN
763	IMG02101.JPG	3.275	1.559	0	0	0	NaN
764	IMG02101.JPG	3.258	1.768	0	0	0	NaN
765	IMG02101.JPG	2.441	1.612	0	0	0	NaN
766	IMG02101.JPG	2.504	1.038	0	0	0	NaN
767	IMG02101.JPG	3.038	0.98	0	0	0	NaN
768	IMG02101.JPG	3.212	1.536	0	0	0	NaN
769	IMG02100.JPG	2.354	1.936	0	0	0	NaN
770	IMG02100.JPG	2.296	1.658	0	0	0	NaN
771	IMG02100.JPG	3.293	1.559	0	0	0	NaN
772	IMG02100.JPG	3.27	1.867	0	0	0	NaN
773	IMG02100.JPG	2.388	1.629	0	0	0	NaN
774	IMG02100.JPG	2.533	1.061	0	0	0	NaN
775	IMG02100.JPG	3.043	1.049	0	0	0	NaN
776	IMG02100.JPG	3.223	1.577	0	0	0	NaN
777	IMG02099.JPG	2.29	1.826	0	0	0	NaN
778	IMG02099.JPG	2.214	1.548	0	0	0	NaN
779	IMG02099.JPG	3.391	1.496	0	0	0	NaN
780	IMG02099.JPG	3.397	1.757	0	0	0	NaN
781	IMG02099.JPG	2.319	1.513	0	0	0	NaN
782	IMG02099.JPG	2.487	0.986	0	0	0	NaN
783	IMG02099.JPG	3.142	0.933	0	0	0	NaN
784	IMG02099.JPG	3.316	1.472	0	0	0	NaN
785	IMG02098.JPG	2.336	1.82	0	0	0	NaN
786	IMG02098.JPG	2.243	1.565	0	0	0	NaN
787	IMG02098.JPG	3.27	1.554	0	0	0	NaN
788	IMG02098.JPG	3.223	1.809	0	0	0	NaN
789	IMG02098.JPG	2.359	1.536	0	0	0	NaN
790	IMG02098.JPG	2.487	1.014	0	0	0	NaN
791	IMG02098.JPG	3.067	0.98	0	0	0	NaN
792	IMG02098.JPG	3.177	1.525	0	0	0	NaN
793	IMG02097.JPG	2.342	1.855	0	0	0	NaN
794	IMG02097.JPG	2.296	1.652	0	0	0	NaN
795	IMG02097.JPG	3.2	1.559	0	0	0	NaN
796	IMG02097.JPG	3.171	1.797	0	0	0	NaN
797	IMG02097.JPG	2.388	1.606	0	0	0	NaN
798	IMG02097.JPG	2.493	1.072	0	0	0	NaN
799	IMG02097.JPG	3.009	1.049	0	0	0	NaN
800	IMG02097.JPG	3.101	1.554	0	0	0	NaN
801	IMG02096.JPG	2.214	1.93	0	0	0	NaN
802	IMG02096.JPG	2.191	1.571	0	0	0	NaN
803	IMG02096.JPG	3.345	1.525	0	0	0	NaN
804	IMG02096.JPG	3.333	1.896	0	0	0	NaN
805	IMG02096.JPG	2.284	1.6	0	0	0	NaN
806	IMG02096.JPG	2.504	0.997	0	0	0	NaN
807	IMG02096.JPG	3.061	0.962	0	0	0	NaN
808	IMG02096.JPG	3.246	1.554	0	0	0	NaN
809	IMG02095.JPG	2.336	1.959	0	0	0	NaN
810	IMG02095.JPG	2.261	1.681	0	0	0	NaN
811	IMG02095.JPG	3.351	1.542	0	0	0	NaN
812	IMG02095.JPG	3.328	1.878	0	0	0	NaN
813	IMG02095.JPG	2.394	1.635	0	0	0	NaN
814	IMG02095.JPG	2.51	0.974	0	0	0	NaN
815	IMG02095.JPG	3.165	0.951	0	0	0	NaN
816	IMG02095.JPG	3.252	1.565	0	0	0	NaN
817	IMG02094.JPG	2.272	2.099	0	0	0	NaN
818	IMG02094.JPG	2.214	1.768	0	0	0	NaN
819	IMG02094.JPG	3.472	1.658	0	0	0	NaN
820	IMG02094.JPG	3.443	2.017	0	0	0	NaN
821	IMG02094.JPG	2.365	1.693	0	0	0	NaN
822	IMG02094.JPG	2.551	1.165	0	0	0	NaN
823	IMG02094.JPG	3.119	1.159	0	0	0	NaN
824	IMG02094.JPG	3.328	1.675	0	0	0	NaN
825	IMG02093.JPG	2.388	1.913	0	0	0	NaN
826	IMG02093.JPG	2.359	1.623	0	0	0	NaN
827	IMG02093.JPG	3.386	1.554	0	0	0	NaN
828	IMG02093.JPG	3.362	1.872	0	0	0	NaN
829	IMG02093.JPG	2.441	1.617	0	0	0	NaN
830	IMG02093.JPG	2.557	1.136	0	0	0	NaN
831	IMG02093.JPG	3.119	1.113	0	0	0	NaN
832	IMG02093.JPG	3.287	1.565	0	0	0	NaN
833	IMG02092.JPG	2.307	1.988	0	0	0	NaN
834	IMG02092.JPG	2.197	1.693	0	0	0	NaN
835	IMG02092.JPG	3.368	1.635	0	0	0	NaN
836	IMG02092.JPG	3.362	1.954	0	0	0	NaN
837	IMG02092.JPG	2.301	1.658	0	0	0	NaN
838	IMG02092.JPG	2.504	1.096	0	0	0	NaN
839	IMG02092.JPG	3.078	1.084	0	0	0	NaN
840	IMG02092.JPG	3.241	1.612	0	0	0	NaN
841	IMG02091.JPG	2.359	1.901	0	0	0	NaN
842	IMG02091.JPG	2.296	1.623	0	0	0	NaN
843	IMG02091.JPG	3.235	1.571	0	0	0	NaN
844	IMG02091.JPG	3.223	1.855	0	0	0	NaN
845	IMG02091.JPG	2.377	1.629	0	0	0	NaN
846	IMG02091.JPG	2.51	1.154	0	0	0	NaN
847	IMG02091.JPG	3.026	1.113	0	0	0	NaN
848	IMG02091.JPG	3.165	1.554	0	0	0	NaN
849	IMG02090.JPG	2.354	1.896	0	0	0	NaN
850	IMG02090.JPG	2.325	1.664	0	0	0	NaN
851	IMG02090.JPG	3.258	1.53	0	0	0	NaN
852	IMG02090.JPG	3.194	1.838	0	0	0	NaN
853	IMG02090.JPG	2.394	1.588	0	0	0	NaN
854	IMG02090.JPG	2.47	1.078	0	0	0	NaN
855	IMG02090.JPG	3.055	1.043	0	0	0	NaN
856	IMG02090.JPG	3.165	1.519	0	0	0	NaN
857	IMG02089.JPG	2.319	1.814	0	0	0	NaN
858	IMG02089.JPG	2.249	1.571	0	0	0	NaN
859	IMG02089.JPG	3.246	1.577	0	0	0	NaN
860	IMG02089.JPG	3.206	1.832	0	0	0	NaN
861	IMG02089.JPG	2.371	1.513	0	0	0	NaN
862	IMG02089.JPG	2.487	0.939	0	0	0	NaN
863	IMG02089.JPG	3.003	0.957	0	0	0	NaN
864	IMG02089.JPG	3.154	1.542	0	0	0	NaN
865	IMG02088.JPG	2.354	1.872	0	0	0	NaN
866	IMG02088.JPG	2.284	1.623	0	0	0	NaN
867	IMG02088.JPG	3.397	1.617	0	0	0	NaN
868	IMG02088.JPG	3.362	1.867	0	0	0	NaN
869	IMG02088.JPG	2.388	1.612	0	0	0	NaN
870	IMG02088.JPG	2.557	0.968	0	0	0	NaN
871	IMG02088.JPG	3.206	0.962	0	0	0	NaN
872	IMG02088.JPG	3.328	1.623	0	0	0	NaN