 	Label	X	Y	Circ.	AR	Round	Solidity
1	IMG00992.JPG	2.11	2.012	0	0	0	NaN
2	IMG00992.JPG	2.075	1.675	0	0	0	NaN
3	IMG00992.JPG	3.414	1.588	0	0	0	NaN
4	IMG00992.JPG	3.42	1.959	0	0	0	NaN
5	IMG00992.JPG	2.162	1.681	0	0	0	NaN
6	IMG00992.JPG	2.406	0.719	0	0	0	NaN
7	IMG00992.JPG	3.067	0.667	0	0	0	NaN
8	IMG00992.JPG	3.351	1.577	0	0	0	NaN
9	IMG00991.JPG	2.18	1.878	0	0	0	NaN
10	IMG00991.JPG	2.104	1.548	0	0	0	NaN
11	IMG00991.JPG	3.443	1.571	0	0	0	NaN
12	IMG00991.JPG	3.461	1.907	0	0	0	NaN
13	IMG00991.JPG	2.214	1.525	0	0	0	NaN
14	IMG00991.JPG	2.481	0.649	0	0	0	NaN
15	IMG00991.JPG	3.183	0.591	0	0	0	NaN
16	IMG00991.JPG	3.386	1.542	0	0	0	NaN
17	IMG00990.JPG	2.116	1.925	0	0	0	NaN
18	IMG00990.JPG	2.075	1.554	0	0	0	NaN
19	IMG00990.JPG	3.461	1.577	0	0	0	NaN
20	IMG00990.JPG	3.42	1.942	0	0	0	NaN
21	IMG00990.JPG	2.168	1.559	0	0	0	NaN
22	IMG00990.JPG	2.388	0.609	0	0	0	NaN
23	IMG00990.JPG	3.165	0.614	0	0	0	NaN
24	IMG00990.JPG	3.374	1.577	0	0	0	NaN
25	IMG00989.JPG	2.116	1.994	0	0	0	NaN
26	IMG00989.JPG	2.052	1.716	0	0	0	NaN
27	IMG00989.JPG	3.414	1.623	0	0	0	NaN
28	IMG00989.JPG	3.438	2.006	0	0	0	NaN
29	IMG00989.JPG	2.157	1.635	0	0	0	NaN
30	IMG00989.JPG	2.319	0.632	0	0	0	NaN
31	IMG00989.JPG	3.09	0.632	0	0	0	NaN
32	IMG00989.JPG	3.351	1.6	0	0	0	NaN
33	IMG00988.JPG	2.139	1.925	0	0	0	NaN
34	IMG00988.JPG	2.052	1.6	0	0	0	NaN
35	IMG00988.JPG	3.339	1.49	0	0	0	NaN
36	IMG00988.JPG	3.362	1.855	0	0	0	NaN
37	IMG00988.JPG	2.168	1.559	0	0	0	NaN
38	IMG00988.JPG	2.354	0.522	0	0	0	NaN
39	IMG00988.JPG	2.98	0.499	0	0	0	NaN
40	IMG00988.JPG	3.235	1.484	0	0	0	NaN
41	IMG00987.JPG	2.122	1.977	0	0	0	NaN
42	IMG00987.JPG	2.075	1.646	0	0	0	NaN
43	IMG00987.JPG	3.461	1.612	0	0	0	NaN
44	IMG00987.JPG	3.42	1.954	0	0	0	NaN
45	IMG00987.JPG	2.122	1.594	0	0	0	NaN
46	IMG00987.JPG	2.365	0.603	0	0	0	NaN
47	IMG00987.JPG	2.997	0.609	0	0	0	NaN
48	IMG00987.JPG	3.351	1.594	0	0	0	NaN
49	IMG00986.JPG	2.174	1.959	0	0	0	NaN
50	IMG00986.JPG	2.139	1.617	0	0	0	NaN
51	IMG00986.JPG	3.49	1.617	0	0	0	NaN
52	IMG00986.JPG	3.484	1.977	0	0	0	NaN
53	IMG00986.JPG	2.214	1.594	0	0	0	NaN
54	IMG00986.JPG	2.464	0.643	0	0	0	NaN
55	IMG00986.JPG	3.154	0.609	0	0	0	NaN
56	IMG00986.JPG	3.403	1.629	0	0	0	NaN
57	IMG00985.JPG	2.162	1.93	0	0	0	NaN
58	IMG00985.JPG	2.128	1.641	0	0	0	NaN
59	IMG00985.JPG	3.501	1.583	0	0	0	NaN
60	IMG00985.JPG	3.472	1.936	0	0	0	NaN
61	IMG00985.JPG	2.197	1.606	0	0	0	NaN
62	IMG00985.JPG	2.4	0.626	0	0	0	NaN
63	IMG00985.JPG	3.13	0.597	0	0	0	NaN
64	IMG00985.JPG	3.42	1.571	0	0	0	NaN
65	IMG00984.JPG	2.186	1.988	0	0	0	NaN
66	IMG00984.JPG	2.139	1.681	0	0	0	NaN
67	IMG00984.JPG	3.438	1.577	0	0	0	NaN
68	IMG00984.JPG	3.449	1.896	0	0	0	NaN
69	IMG00984.JPG	2.232	1.67	0	0	0	NaN
70	IMG00984.JPG	2.458	0.643	0	0	0	NaN
71	IMG00984.JPG	3.136	0.655	0	0	0	NaN
72	IMG00984.JPG	3.38	1.542	0	0	0	NaN
73	IMG00983.JPG	2.267	1.896	0	0	0	NaN
74	IMG00983.JPG	2.22	1.6	0	0	0	NaN
75	IMG00983.JPG	3.443	1.501	0	0	0	NaN
76	IMG00983.JPG	3.438	1.849	0	0	0	NaN
77	IMG00983.JPG	2.336	1.565	0	0	0	NaN
78	IMG00983.JPG	2.493	0.643	0	0	0	NaN
79	IMG00983.JPG	3.142	0.643	0	0	0	NaN
80	IMG00983.JPG	3.362	1.49	0	0	0	NaN
81	IMG00982.JPG	2.18	1.959	0	0	0	NaN
82	IMG00982.JPG	2.157	1.722	0	0	0	NaN
83	IMG00982.JPG	3.507	1.629	0	0	0	NaN
84	IMG00982.JPG	3.519	1.919	0	0	0	NaN
85	IMG00982.JPG	2.284	1.664	0	0	0	NaN
86	IMG00982.JPG	2.441	0.69	0	0	0	NaN
87	IMG00982.JPG	3.217	0.701	0	0	0	NaN
88	IMG00982.JPG	3.409	1.612	0	0	0	NaN
89	IMG00981.JPG	2.035	2	0	0	0	NaN
90	IMG00981.JPG	1.965	1.623	0	0	0	NaN
91	IMG00981.JPG	3.443	1.612	0	0	0	NaN
92	IMG00981.JPG	3.432	2.041	0	0	0	NaN
93	IMG00981.JPG	2.087	1.594	0	0	0	NaN
94	IMG00981.JPG	2.371	0.562	0	0	0	NaN
95	IMG00981.JPG	3.09	0.557	0	0	0	NaN
96	IMG00981.JPG	3.368	1.583	0	0	0	NaN
97	IMG00980.JPG	2.278	2.058	0	0	0	NaN
98	IMG00980.JPG	2.151	1.699	0	0	0	NaN
99	IMG00980.JPG	3.467	1.548	0	0	0	NaN
100	IMG00980.JPG	3.391	1.971	0	0	0	NaN
101	IMG00980.JPG	2.284	1.652	0	0	0	NaN
102	IMG00980.JPG	2.487	0.696	0	0	0	NaN
103	IMG00980.JPG	3.096	0.69	0	0	0	NaN
104	IMG00980.JPG	3.362	1.525	0	0	0	NaN
105	IMG00979.JPG	2.209	1.93	0	0	0	NaN
106	IMG00979.JPG	2.157	1.664	0	0	0	NaN
107	IMG00979.JPG	3.484	1.571	0	0	0	NaN
108	IMG00979.JPG	3.414	1.89	0	0	0	NaN
109	IMG00979.JPG	2.267	1.629	0	0	0	NaN
110	IMG00979.JPG	2.516	0.58	0	0	0	NaN
111	IMG00979.JPG	3.223	0.58	0	0	0	NaN
112	IMG00979.JPG	3.403	1.577	0	0	0	NaN
113	IMG00978.JPG	2.099	2.11	0	0	0	NaN
114	IMG00978.JPG	2.041	1.78	0	0	0	NaN
115	IMG00978.JPG	3.426	1.71	0	0	0	NaN
116	IMG00978.JPG	3.409	2.052	0	0	0	NaN
117	IMG00978.JPG	2.174	1.733	0	0	0	NaN
118	IMG00978.JPG	2.383	0.87	0	0	0	NaN
119	IMG00978.JPG	3.107	0.835	0	0	0	NaN
120	IMG00978.JPG	3.374	1.681	0	0	0	NaN
121	IMG00977.JPG	2.11	2.162	0	0	0	NaN
122	IMG00977.JPG	2.11	1.722	0	0	0	NaN
123	IMG00977.JPG	3.432	1.704	0	0	0	NaN
124	IMG00977.JPG	3.403	2.162	0	0	0	NaN
125	IMG00977.JPG	2.226	1.704	0	0	0	NaN
126	IMG00977.JPG	2.383	0.817	0	0	0	NaN
127	IMG00977.JPG	3.246	0.754	0	0	0	NaN
128	IMG00977.JPG	3.38	1.681	0	0	0	NaN
129	IMG00976.JPG	2.214	1.983	0	0	0	NaN
130	IMG00976.JPG	2.157	1.617	0	0	0	NaN
131	IMG00976.JPG	3.472	1.478	0	0	0	NaN
132	IMG00976.JPG	3.548	1.855	0	0	0	NaN
133	IMG00976.JPG	2.272	1.583	0	0	0	NaN
134	IMG00976.JPG	2.475	0.626	0	0	0	NaN
135	IMG00976.JPG	3.194	0.574	0	0	0	NaN
136	IMG00976.JPG	3.403	1.461	0	0	0	NaN
137	IMG00825.JPG	2.301	1.878	0	0	0	NaN
138	IMG00825.JPG	2.186	1.565	0	0	0	NaN
139	IMG00825.JPG	3.322	1.513	0	0	0	NaN
140	IMG00825.JPG	3.281	1.901	0	0	0	NaN
141	IMG00825.JPG	2.267	1.559	0	0	0	NaN
142	IMG00825.JPG	2.493	0.742	0	0	0	NaN
143	IMG00825.JPG	3.119	0.725	0	0	0	NaN
144	IMG00825.JPG	3.235	1.507	0	0	0	NaN
145	IMG00975.JPG	2.214	1.901	0	0	0	NaN
146	IMG00975.JPG	2.186	1.641	0	0	0	NaN
147	IMG00975.JPG	3.403	1.583	0	0	0	NaN
148	IMG00975.JPG	3.38	1.89	0	0	0	NaN
149	IMG00975.JPG	2.261	1.623	0	0	0	NaN
150	IMG00975.JPG	2.441	0.649	0	0	0	NaN
151	IMG00975.JPG	3.107	0.661	0	0	0	NaN
152	IMG00975.JPG	3.345	1.583	0	0	0	NaN
153	IMG00974.JPG	1.994	2	0	0	0	NaN
154	IMG00974.JPG	2.012	1.6	0	0	0	NaN
155	IMG00974.JPG	3.461	1.565	0	0	0	NaN
156	IMG00974.JPG	3.525	1.965	0	0	0	NaN
157	IMG00974.JPG	2.116	1.606	0	0	0	NaN
158	IMG00974.JPG	2.394	0.771	0	0	0	NaN
159	IMG00974.JPG	3.229	0.759	0	0	0	NaN
160	IMG00974.JPG	3.374	1.559	0	0	0	NaN
161	IMG00973.JPG	2.18	1.965	0	0	0	NaN
162	IMG00973.JPG	2.122	1.617	0	0	0	NaN
163	IMG00973.JPG	3.501	1.513	0	0	0	NaN
164	IMG00973.JPG	3.519	1.884	0	0	0	NaN
165	IMG00973.JPG	2.22	1.594	0	0	0	NaN
166	IMG00973.JPG	2.475	0.713	0	0	0	NaN
167	IMG00973.JPG	3.148	0.672	0	0	0	NaN
168	IMG00973.JPG	3.42	1.53	0	0	0	NaN
169	IMG00972.JPG	2.064	2.128	0	0	0	NaN
170	IMG00972.JPG	2.116	1.594	0	0	0	NaN
171	IMG00972.JPG	3.472	1.548	0	0	0	NaN
172	IMG00972.JPG	3.513	2.093	0	0	0	NaN
173	IMG00972.JPG	2.174	1.571	0	0	0	NaN
174	IMG00972.JPG	2.359	0.562	0	0	0	NaN
175	IMG00972.JPG	3.194	0.504	0	0	0	NaN
176	IMG00972.JPG	3.362	1.53	0	0	0	NaN
177	IMG00971.JPG	2.197	1.925	0	0	0	NaN
178	IMG00971.JPG	2.186	1.652	0	0	0	NaN
179	IMG00971.JPG	3.496	1.577	0	0	0	NaN
180	IMG00971.JPG	3.432	1.913	0	0	0	NaN
181	IMG00971.JPG	2.232	1.606	0	0	0	NaN
182	IMG00971.JPG	2.429	0.759	0	0	0	NaN
183	IMG00971.JPG	3.09	0.713	0	0	0	NaN
184	IMG00971.JPG	3.409	1.588	0	0	0	NaN
185	IMG00970.JPG	2.087	1.977	0	0	0	NaN
186	IMG00970.JPG	2.035	1.623	0	0	0	NaN
187	IMG00970.JPG	3.49	1.617	0	0	0	NaN
188	IMG00970.JPG	3.461	1.954	0	0	0	NaN
189	IMG00970.JPG	2.139	1.623	0	0	0	NaN
190	IMG00970.JPG	2.429	0.684	0	0	0	NaN
191	IMG00970.JPG	3.084	0.684	0	0	0	NaN
192	IMG00970.JPG	3.403	1.594	0	0	0	NaN
193	IMG00969.JPG	2.197	2	0	0	0	NaN
194	IMG00969.JPG	2.162	1.635	0	0	0	NaN
195	IMG00969.JPG	3.519	1.617	0	0	0	NaN
196	IMG00969.JPG	3.536	2	0	0	0	NaN
197	IMG00969.JPG	2.255	1.635	0	0	0	NaN
198	IMG00969.JPG	2.4	0.632	0	0	0	NaN
199	IMG00969.JPG	3.217	0.614	0	0	0	NaN
200	IMG00969.JPG	3.449	1.623	0	0	0	NaN
201	IMG00968.JPG	2.174	2.07	0	0	0	NaN
202	IMG00968.JPG	2.104	1.693	0	0	0	NaN
203	IMG00968.JPG	3.449	1.617	0	0	0	NaN
204	IMG00968.JPG	3.432	2	0	0	0	NaN
205	IMG00968.JPG	2.232	1.664	0	0	0	NaN
206	IMG00968.JPG	2.412	0.603	0	0	0	NaN
207	IMG00968.JPG	3.177	0.603	0	0	0	NaN
208	IMG00968.JPG	3.368	1.606	0	0	0	NaN
209	IMG00967.JPG	2.162	2.081	0	0	0	NaN
210	IMG00967.JPG	2.087	1.519	0	0	0	NaN
211	IMG00967.JPG	3.583	1.507	0	0	0	NaN
212	IMG00967.JPG	3.548	2.116	0	0	0	NaN
213	IMG00967.JPG	2.238	1.559	0	0	0	NaN
214	IMG00967.JPG	2.446	0.649	0	0	0	NaN
215	IMG00967.JPG	3.206	0.632	0	0	0	NaN
216	IMG00967.JPG	3.496	1.548	0	0	0	NaN
217	IMG00966.JPG	2.197	2.012	0	0	0	NaN
218	IMG00966.JPG	2.157	1.612	0	0	0	NaN
219	IMG00966.JPG	3.629	1.606	0	0	0	NaN
220	IMG00966.JPG	3.612	2.017	0	0	0	NaN
221	IMG00966.JPG	2.29	1.571	0	0	0	NaN
222	IMG00966.JPG	2.522	0.725	0	0	0	NaN
223	IMG00966.JPG	3.165	0.69	0	0	0	NaN
224	IMG00966.JPG	3.496	1.623	0	0	0	NaN
225	IMG00965.JPG	2.07	1.977	0	0	0	NaN
226	IMG00965.JPG	2.087	1.623	0	0	0	NaN
227	IMG00965.JPG	3.449	1.594	0	0	0	NaN
228	IMG00965.JPG	3.438	2.006	0	0	0	NaN
229	IMG00965.JPG	2.191	1.594	0	0	0	NaN
230	IMG00965.JPG	2.383	0.667	0	0	0	NaN
231	IMG00965.JPG	3.171	0.62	0	0	0	NaN
232	IMG00965.JPG	3.351	1.594	0	0	0	NaN
233	IMG00964.JPG	2.186	1.896	0	0	0	NaN
234	IMG00964.JPG	2.099	1.583	0	0	0	NaN
235	IMG00964.JPG	3.449	1.565	0	0	0	NaN
236	IMG00964.JPG	3.455	1.872	0	0	0	NaN
237	IMG00964.JPG	2.22	1.559	0	0	0	NaN
238	IMG00964.JPG	2.499	0.62	0	0	0	NaN
239	IMG00964.JPG	3.148	0.597	0	0	0	NaN
240	IMG00964.JPG	3.374	1.525	0	0	0	NaN
241	IMG00963.JPG	2.122	1.977	0	0	0	NaN
242	IMG00963.JPG	2.081	1.635	0	0	0	NaN
243	IMG00963.JPG	3.536	1.583	0	0	0	NaN
244	IMG00963.JPG	3.536	1.919	0	0	0	NaN
245	IMG00963.JPG	2.203	1.635	0	0	0	NaN
246	IMG00963.JPG	2.499	0.528	0	0	0	NaN
247	IMG00963.JPG	3.171	0.533	0	0	0	NaN
248	IMG00963.JPG	3.438	1.559	0	0	0	NaN
249	IMG00962.JPG	2.046	2.151	0	0	0	NaN
250	IMG00962.JPG	2.046	1.699	0	0	0	NaN
251	IMG00962.JPG	3.525	1.6	0	0	0	NaN
252	IMG00962.JPG	3.554	2.116	0	0	0	NaN
253	IMG00962.JPG	2.168	1.646	0	0	0	NaN
254	IMG00962.JPG	2.446	0.672	0	0	0	NaN
255	IMG00962.JPG	3.154	0.678	0	0	0	NaN
256	IMG00962.JPG	3.449	1.577	0	0	0	NaN
257	IMG00961.JPG	2.151	1.901	0	0	0	NaN
258	IMG00961.JPG	2.139	1.571	0	0	0	NaN
259	IMG00961.JPG	3.426	1.606	0	0	0	NaN
260	IMG00961.JPG	3.461	1.913	0	0	0	NaN
261	IMG00961.JPG	2.214	1.571	0	0	0	NaN
262	IMG00961.JPG	2.435	0.719	0	0	0	NaN
263	IMG00961.JPG	3.113	0.701	0	0	0	NaN
264	IMG00961.JPG	3.345	1.588	0	0	0	NaN
265	IMG00960.JPG	2.238	1.901	0	0	0	NaN
266	IMG00960.JPG	2.209	1.554	0	0	0	NaN
267	IMG00960.JPG	3.588	1.478	0	0	0	NaN
268	IMG00960.JPG	3.571	1.872	0	0	0	NaN
269	IMG00960.JPG	2.313	1.554	0	0	0	NaN
270	IMG00960.JPG	2.464	0.794	0	0	0	NaN
271	IMG00960.JPG	3.206	0.701	0	0	0	NaN
272	IMG00960.JPG	3.467	1.461	0	0	0	NaN
273	IMG00959.JPG	2.128	2.006	0	0	0	NaN
274	IMG00959.JPG	2.064	1.704	0	0	0	NaN
275	IMG00959.JPG	3.501	1.641	0	0	0	NaN
276	IMG00959.JPG	3.467	1.988	0	0	0	NaN
277	IMG00959.JPG	2.174	1.687	0	0	0	NaN
278	IMG00959.JPG	2.435	0.742	0	0	0	NaN
279	IMG00959.JPG	3.206	0.736	0	0	0	NaN
280	IMG00959.JPG	3.397	1.606	0	0	0	NaN
281	IMG00958.JPG	2.214	2.046	0	0	0	NaN
282	IMG00958.JPG	2.104	1.635	0	0	0	NaN
283	IMG00958.JPG	3.478	1.554	0	0	0	NaN
284	IMG00958.JPG	3.478	1.965	0	0	0	NaN
285	IMG00958.JPG	2.203	1.606	0	0	0	NaN
286	IMG00958.JPG	2.412	0.643	0	0	0	NaN
287	IMG00958.JPG	3.159	0.603	0	0	0	NaN
288	IMG00958.JPG	3.397	1.548	0	0	0	NaN
289	IMG00957.JPG	2.18	2.029	0	0	0	NaN
290	IMG00957.JPG	2.099	1.716	0	0	0	NaN
291	IMG00957.JPG	3.513	1.67	0	0	0	NaN
292	IMG00957.JPG	3.501	1.988	0	0	0	NaN
293	IMG00957.JPG	2.22	1.67	0	0	0	NaN
294	IMG00957.JPG	2.446	0.736	0	0	0	NaN
295	IMG00957.JPG	3.125	0.701	0	0	0	NaN
296	IMG00957.JPG	3.432	1.646	0	0	0	NaN
297	IMG00956.JPG	2.157	1.89	0	0	0	NaN
298	IMG00956.JPG	2.128	1.496	0	0	0	NaN
299	IMG00956.JPG	3.432	1.484	0	0	0	NaN
300	IMG00956.JPG	3.432	1.843	0	0	0	NaN
301	IMG00956.JPG	2.226	1.496	0	0	0	NaN
302	IMG00956.JPG	2.475	0.458	0	0	0	NaN
303	IMG00956.JPG	3.13	0.435	0	0	0	NaN
304	IMG00956.JPG	3.316	1.472	0	0	0	NaN
305	IMG00955.JPG	2.174	1.988	0	0	0	NaN
306	IMG00955.JPG	2.087	1.646	0	0	0	NaN
307	IMG00955.JPG	3.519	1.606	0	0	0	NaN
308	IMG00955.JPG	3.443	1.977	0	0	0	NaN
309	IMG00955.JPG	2.191	1.641	0	0	0	NaN
310	IMG00955.JPG	2.4	0.742	0	0	0	NaN
311	IMG00955.JPG	3.125	0.701	0	0	0	NaN
312	IMG00955.JPG	3.391	1.559	0	0	0	NaN
313	IMG00954.JPG	2.017	2.075	0	0	0	NaN
314	IMG00954.JPG	1.971	1.687	0	0	0	NaN
315	IMG00954.JPG	3.554	1.664	0	0	0	NaN
316	IMG00954.JPG	3.467	2.157	0	0	0	NaN
317	IMG00954.JPG	2.116	1.641	0	0	0	NaN
318	IMG00954.JPG	2.371	0.701	0	0	0	NaN
319	IMG00954.JPG	3.223	0.678	0	0	0	NaN
320	IMG00954.JPG	3.438	1.67	0	0	0	NaN
321	IMG00953.JPG	2.191	1.983	0	0	0	NaN
322	IMG00953.JPG	2.145	1.623	0	0	0	NaN
323	IMG00953.JPG	3.455	1.6	0	0	0	NaN
324	IMG00953.JPG	3.438	1.954	0	0	0	NaN
325	IMG00953.JPG	2.243	1.594	0	0	0	NaN
326	IMG00953.JPG	2.429	0.759	0	0	0	NaN
327	IMG00953.JPG	3.177	0.696	0	0	0	NaN
328	IMG00953.JPG	3.368	1.565	0	0	0	NaN
329	IMG00952.JPG	2.139	2.023	0	0	0	NaN
330	IMG00952.JPG	2.139	1.629	0	0	0	NaN
331	IMG00952.JPG	3.548	1.594	0	0	0	NaN
332	IMG00952.JPG	3.588	1.954	0	0	0	NaN
333	IMG00952.JPG	2.22	1.623	0	0	0	NaN
334	IMG00952.JPG	2.423	0.73	0	0	0	NaN
335	IMG00952.JPG	3.27	0.672	0	0	0	NaN
336	IMG00952.JPG	3.461	1.594	0	0	0	NaN
337	IMG00951.JPG	1.959	2.162	0	0	0	NaN
338	IMG00951.JPG	1.948	1.733	0	0	0	NaN
339	IMG00951.JPG	3.542	1.641	0	0	0	NaN
340	IMG00951.JPG	3.542	2.145	0	0	0	NaN
341	IMG00951.JPG	2.081	1.681	0	0	0	NaN
342	IMG00951.JPG	2.313	0.719	0	0	0	NaN
343	IMG00951.JPG	3.188	0.713	0	0	0	NaN
344	IMG00951.JPG	3.438	1.646	0	0	0	NaN
345	IMG00950.JPG	2.093	1.994	0	0	0	NaN
346	IMG00950.JPG	2.052	1.699	0	0	0	NaN
347	IMG00950.JPG	3.554	1.635	0	0	0	NaN
348	IMG00950.JPG	3.432	1.965	0	0	0	NaN
349	IMG00950.JPG	2.157	1.67	0	0	0	NaN
350	IMG00950.JPG	2.365	0.661	0	0	0	NaN
351	IMG00950.JPG	3.078	0.69	0	0	0	NaN
352	IMG00950.JPG	3.432	1.617	0	0	0	NaN
353	IMG00949.JPG	2.145	2.052	0	0	0	NaN
354	IMG00949.JPG	2.122	1.704	0	0	0	NaN
355	IMG00949.JPG	3.386	1.606	0	0	0	NaN
356	IMG00949.JPG	3.391	1.977	0	0	0	NaN
357	IMG00949.JPG	2.203	1.687	0	0	0	NaN
358	IMG00949.JPG	2.371	0.823	0	0	0	NaN
359	IMG00949.JPG	3.078	0.788	0	0	0	NaN
360	IMG00949.JPG	3.31	1.617	0	0	0	NaN
361	IMG00948.JPG	2.255	1.988	0	0	0	NaN
362	IMG00948.JPG	2.116	1.675	0	0	0	NaN
363	IMG00948.JPG	3.513	1.612	0	0	0	NaN
364	IMG00948.JPG	3.432	1.942	0	0	0	NaN
365	IMG00948.JPG	2.226	1.612	0	0	0	NaN
366	IMG00948.JPG	2.342	0.719	0	0	0	NaN
367	IMG00948.JPG	3.171	0.707	0	0	0	NaN
368	IMG00948.JPG	3.414	1.6	0	0	0	NaN
369	IMG00947.JPG	2.186	2.023	0	0	0	NaN
370	IMG00947.JPG	2.139	1.617	0	0	0	NaN
371	IMG00947.JPG	3.455	1.565	0	0	0	NaN
372	IMG00947.JPG	3.414	1.959	0	0	0	NaN
373	IMG00947.JPG	2.232	1.577	0	0	0	NaN
374	IMG00947.JPG	2.493	0.678	0	0	0	NaN
375	IMG00947.JPG	3.107	0.672	0	0	0	NaN
376	IMG00947.JPG	3.391	1.542	0	0	0	NaN
377	IMG00946.JPG	2.145	1.884	0	0	0	NaN
378	IMG00946.JPG	2.139	1.641	0	0	0	NaN
379	IMG00946.JPG	3.38	1.588	0	0	0	NaN
380	IMG00946.JPG	3.403	1.849	0	0	0	NaN
381	IMG00946.JPG	2.22	1.635	0	0	0	NaN
382	IMG00946.JPG	2.423	0.922	0	0	0	NaN
383	IMG00946.JPG	3.113	0.864	0	0	0	NaN
384	IMG00946.JPG	3.304	1.559	0	0	0	NaN
385	IMG00945.JPG	2.232	1.925	0	0	0	NaN
386	IMG00945.JPG	2.157	1.6	0	0	0	NaN
387	IMG00945.JPG	3.351	1.513	0	0	0	NaN
388	IMG00945.JPG	3.299	1.913	0	0	0	NaN
389	IMG00945.JPG	2.232	1.565	0	0	0	NaN
390	IMG00945.JPG	2.394	0.748	0	0	0	NaN
391	IMG00945.JPG	3.009	0.713	0	0	0	NaN
392	IMG00945.JPG	3.252	1.542	0	0	0	NaN
393	IMG00944.JPG	2.226	1.971	0	0	0	NaN
394	IMG00944.JPG	2.145	1.612	0	0	0	NaN
395	IMG00944.JPG	3.501	1.583	0	0	0	NaN
396	IMG00944.JPG	3.397	1.942	0	0	0	NaN
397	IMG00944.JPG	2.255	1.594	0	0	0	NaN
398	IMG00944.JPG	2.458	0.678	0	0	0	NaN
399	IMG00944.JPG	3.136	0.638	0	0	0	NaN
400	IMG00944.JPG	3.386	1.583	0	0	0	NaN
401	IMG00943.JPG	2.238	1.959	0	0	0	NaN
402	IMG00943.JPG	2.197	1.716	0	0	0	NaN
403	IMG00943.JPG	3.455	1.658	0	0	0	NaN
404	IMG00943.JPG	3.426	1.965	0	0	0	NaN
405	IMG00943.JPG	2.301	1.675	0	0	0	NaN
406	IMG00943.JPG	2.435	0.846	0	0	0	NaN
407	IMG00943.JPG	3.194	0.846	0	0	0	NaN
408	IMG00943.JPG	3.38	1.641	0	0	0	NaN
409	IMG00942.JPG	2.058	2.023	0	0	0	NaN
410	IMG00942.JPG	2.046	1.635	0	0	0	NaN
411	IMG00942.JPG	3.548	1.606	0	0	0	NaN
412	IMG00942.JPG	3.461	2.064	0	0	0	NaN
413	IMG00942.JPG	2.191	1.594	0	0	0	NaN
414	IMG00942.JPG	2.342	0.69	0	0	0	NaN
415	IMG00942.JPG	3.165	0.701	0	0	0	NaN
416	IMG00942.JPG	3.409	1.612	0	0	0	NaN
417	IMG00941.JPG	2.162	2.006	0	0	0	NaN
418	IMG00941.JPG	2.104	1.675	0	0	0	NaN
419	IMG00941.JPG	3.525	1.612	0	0	0	NaN
420	IMG00941.JPG	3.507	1.971	0	0	0	NaN
421	IMG00941.JPG	2.174	1.646	0	0	0	NaN
422	IMG00941.JPG	2.377	0.759	0	0	0	NaN
423	IMG00941.JPG	3.281	0.759	0	0	0	NaN
424	IMG00941.JPG	3.409	1.588	0	0	0	NaN
425	IMG00940.JPG	2.186	2.006	0	0	0	NaN
426	IMG00940.JPG	2.116	1.652	0	0	0	NaN
427	IMG00940.JPG	3.414	1.594	0	0	0	NaN
428	IMG00940.JPG	3.409	1.913	0	0	0	NaN
429	IMG00940.JPG	2.209	1.629	0	0	0	NaN
430	IMG00940.JPG	2.417	0.725	0	0	0	NaN
431	IMG00940.JPG	3.072	0.701	0	0	0	NaN
432	IMG00940.JPG	3.333	1.559	0	0	0	NaN
433	IMG00939.JPG	2.174	1.994	0	0	0	NaN
434	IMG00939.JPG	2.099	1.623	0	0	0	NaN
435	IMG00939.JPG	3.467	1.559	0	0	0	NaN
436	IMG00939.JPG	3.403	2.017	0	0	0	NaN
437	IMG00939.JPG	2.22	1.554	0	0	0	NaN
438	IMG00939.JPG	2.371	0.678	0	0	0	NaN
439	IMG00939.JPG	3.101	0.661	0	0	0	NaN
440	IMG00939.JPG	3.246	1.594	0	0	0	NaN
441	IMG00938.JPG	2.087	2.319	0	0	0	NaN
442	IMG00938.JPG	1.988	1.739	0	0	0	NaN
443	IMG00938.JPG	3.559	1.664	0	0	0	NaN
444	IMG00938.JPG	3.588	2.267	0	0	0	NaN
445	IMG00938.JPG	2.151	1.681	0	0	0	NaN
446	IMG00938.JPG	2.383	0.794	0	0	0	NaN
447	IMG00938.JPG	3.13	0.8	0	0	0	NaN
448	IMG00938.JPG	3.472	1.641	0	0	0	NaN
449	IMG00937.JPG	1.977	2.191	0	0	0	NaN
450	IMG00937.JPG	1.971	1.594	0	0	0	NaN
451	IMG00937.JPG	3.571	1.6	0	0	0	NaN
452	IMG00937.JPG	3.559	2.157	0	0	0	NaN
453	IMG00937.JPG	2.139	1.594	0	0	0	NaN
454	IMG00937.JPG	2.388	0.748	0	0	0	NaN
455	IMG00937.JPG	3.188	0.736	0	0	0	NaN
456	IMG00937.JPG	3.438	1.606	0	0	0	NaN
457	IMG00936.JPG	2.151	2.075	0	0	0	NaN
458	IMG00936.JPG	2.093	1.583	0	0	0	NaN
459	IMG00936.JPG	3.635	1.484	0	0	0	NaN
460	IMG00936.JPG	3.675	2.035	0	0	0	NaN
461	IMG00936.JPG	2.214	1.577	0	0	0	NaN
462	IMG00936.JPG	2.522	0.754	0	0	0	NaN
463	IMG00936.JPG	3.183	0.725	0	0	0	NaN
464	IMG00936.JPG	3.513	1.525	0	0	0	NaN
465	IMG00935.JPG	2.226	1.948	0	0	0	NaN
466	IMG00935.JPG	2.157	1.675	0	0	0	NaN
467	IMG00935.JPG	3.328	1.635	0	0	0	NaN
468	IMG00935.JPG	3.299	1.913	0	0	0	NaN
469	IMG00935.JPG	2.232	1.652	0	0	0	NaN
470	IMG00935.JPG	2.371	0.887	0	0	0	NaN
471	IMG00935.JPG	2.962	0.846	0	0	0	NaN
472	IMG00935.JPG	3.223	1.641	0	0	0	NaN
473	IMG00934.JPG	2.133	1.93	0	0	0	NaN
474	IMG00934.JPG	2.075	1.617	0	0	0	NaN
475	IMG00934.JPG	3.414	1.606	0	0	0	NaN
476	IMG00934.JPG	3.426	1.919	0	0	0	NaN
477	IMG00934.JPG	2.209	1.612	0	0	0	NaN
478	IMG00934.JPG	2.423	0.794	0	0	0	NaN
479	IMG00934.JPG	3.183	0.748	0	0	0	NaN
480	IMG00934.JPG	3.339	1.588	0	0	0	NaN
481	IMG00933.JPG	2.041	2.261	0	0	0	NaN
482	IMG00933.JPG	1.954	1.681	0	0	0	NaN
483	IMG00933.JPG	3.554	1.629	0	0	0	NaN
484	IMG00933.JPG	3.536	2.232	0	0	0	NaN
485	IMG00933.JPG	2.11	1.675	0	0	0	NaN
486	IMG00933.JPG	2.377	0.8	0	0	0	NaN
487	IMG00933.JPG	3.171	0.754	0	0	0	NaN
488	IMG00933.JPG	3.374	1.629	0	0	0	NaN
489	IMG00932.JPG	2.145	2.18	0	0	0	NaN
490	IMG00932.JPG	2.029	1.704	0	0	0	NaN
491	IMG00932.JPG	3.507	1.542	0	0	0	NaN
492	IMG00932.JPG	3.386	2.099	0	0	0	NaN
493	IMG00932.JPG	2.157	1.652	0	0	0	NaN
494	IMG00932.JPG	2.383	0.696	0	0	0	NaN
495	IMG00932.JPG	3.125	0.667	0	0	0	NaN
496	IMG00932.JPG	3.368	1.548	0	0	0	NaN
497	IMG00931.JPG	2.099	2.029	0	0	0	NaN
498	IMG00931.JPG	2.058	1.728	0	0	0	NaN
499	IMG00931.JPG	3.42	1.6	0	0	0	NaN
500	IMG00931.JPG	3.42	1.919	0	0	0	NaN
501	IMG00931.JPG	2.197	1.675	0	0	0	NaN
502	IMG00931.JPG	2.319	0.701	0	0	0	NaN
503	IMG00931.JPG	3.061	0.62	0	0	0	NaN
504	IMG00931.JPG	3.293	1.594	0	0	0	NaN
505	IMG00930.JPG	2.145	2.075	0	0	0	NaN
506	IMG00930.JPG	2.133	1.658	0	0	0	NaN
507	IMG00930.JPG	3.6	1.501	0	0	0	NaN
508	IMG00930.JPG	3.623	1.948	0	0	0	NaN
509	IMG00930.JPG	2.22	1.606	0	0	0	NaN
510	IMG00930.JPG	2.365	0.597	0	0	0	NaN
511	IMG00930.JPG	3.101	0.551	0	0	0	NaN
512	IMG00930.JPG	3.472	1.519	0	0	0	NaN
513	IMG00929.JPG	2.209	1.93	0	0	0	NaN
514	IMG00929.JPG	2.174	1.542	0	0	0	NaN
515	IMG00929.JPG	3.443	1.507	0	0	0	NaN
516	IMG00929.JPG	3.472	1.919	0	0	0	NaN
517	IMG00929.JPG	2.29	1.554	0	0	0	NaN
518	IMG00929.JPG	2.528	0.788	0	0	0	NaN
519	IMG00929.JPG	3.194	0.777	0	0	0	NaN
520	IMG00929.JPG	3.391	1.53	0	0	0	NaN
521	IMG00928.JPG	2.186	1.872	0	0	0	NaN
522	IMG00928.JPG	2.11	1.594	0	0	0	NaN
523	IMG00928.JPG	3.426	1.559	0	0	0	NaN
524	IMG00928.JPG	3.339	1.872	0	0	0	NaN
525	IMG00928.JPG	2.197	1.577	0	0	0	NaN
526	IMG00928.JPG	2.388	0.69	0	0	0	NaN
527	IMG00928.JPG	3.171	0.684	0	0	0	NaN
528	IMG00928.JPG	3.357	1.565	0	0	0	NaN
529	IMG00927.JPG	2.261	1.948	0	0	0	NaN
530	IMG00927.JPG	2.203	1.623	0	0	0	NaN
531	IMG00927.JPG	3.525	1.536	0	0	0	NaN
532	IMG00927.JPG	3.484	1.907	0	0	0	NaN
533	IMG00927.JPG	2.313	1.606	0	0	0	NaN
534	IMG00927.JPG	2.51	0.748	0	0	0	NaN
535	IMG00927.JPG	3.206	0.713	0	0	0	NaN
536	IMG00927.JPG	3.461	1.559	0	0	0	NaN
537	IMG00926.JPG	2.191	2.058	0	0	0	NaN
538	IMG00926.JPG	2.174	1.699	0	0	0	NaN
539	IMG00926.JPG	3.432	1.606	0	0	0	NaN
540	IMG00926.JPG	3.374	2.029	0	0	0	NaN
541	IMG00926.JPG	2.226	1.635	0	0	0	NaN
542	IMG00926.JPG	2.412	0.841	0	0	0	NaN
543	IMG00926.JPG	3.055	0.829	0	0	0	NaN
544	IMG00926.JPG	3.328	1.583	0	0	0	NaN
545	IMG00925.JPG	2.203	2.145	0	0	0	NaN
546	IMG00925.JPG	2.145	1.791	0	0	0	NaN
547	IMG00925.JPG	3.472	1.635	0	0	0	NaN
548	IMG00925.JPG	3.478	2.012	0	0	0	NaN
549	IMG00925.JPG	2.249	1.733	0	0	0	NaN
550	IMG00925.JPG	2.359	0.794	0	0	0	NaN
551	IMG00925.JPG	3.043	0.73	0	0	0	NaN
552	IMG00925.JPG	3.362	1.635	0	0	0	NaN
553	IMG00924.JPG	2.249	2.145	0	0	0	NaN
554	IMG00924.JPG	2.157	1.658	0	0	0	NaN
555	IMG00924.JPG	3.559	1.629	0	0	0	NaN
556	IMG00924.JPG	3.559	2.075	0	0	0	NaN
557	IMG00924.JPG	2.255	1.658	0	0	0	NaN
558	IMG00924.JPG	2.47	0.794	0	0	0	NaN
559	IMG00924.JPG	3.223	0.759	0	0	0	NaN
560	IMG00924.JPG	3.461	1.577	0	0	0	NaN
561	IMG00923.JPG	2.232	1.959	0	0	0	NaN
562	IMG00923.JPG	2.145	1.617	0	0	0	NaN
563	IMG00923.JPG	3.409	1.6	0	0	0	NaN
564	IMG00923.JPG	3.414	1.925	0	0	0	NaN
565	IMG00923.JPG	2.22	1.571	0	0	0	NaN
566	IMG00923.JPG	2.452	0.661	0	0	0	NaN
567	IMG00923.JPG	3.107	0.672	0	0	0	NaN
568	IMG00923.JPG	3.351	1.588	0	0	0	NaN
569	IMG00922.JPG	2.18	1.907	0	0	0	NaN
570	IMG00922.JPG	2.168	1.565	0	0	0	NaN
571	IMG00922.JPG	3.443	1.565	0	0	0	NaN
572	IMG00922.JPG	3.455	1.861	0	0	0	NaN
573	IMG00922.JPG	2.29	1.554	0	0	0	NaN
574	IMG00922.JPG	2.423	0.8	0	0	0	NaN
575	IMG00922.JPG	3.113	0.806	0	0	0	NaN
576	IMG00922.JPG	3.328	1.548	0	0	0	NaN
577	IMG00921.JPG	2.255	1.832	0	0	0	NaN
578	IMG00921.JPG	2.209	1.594	0	0	0	NaN
579	IMG00921.JPG	3.374	1.513	0	0	0	NaN
580	IMG00921.JPG	3.368	1.78	0	0	0	NaN
581	IMG00921.JPG	2.301	1.565	0	0	0	NaN
582	IMG00921.JPG	2.377	0.754	0	0	0	NaN
583	IMG00921.JPG	3.113	0.719	0	0	0	NaN
584	IMG00921.JPG	3.252	1.507	0	0	0	NaN
585	IMG00920.JPG	2.255	1.936	0	0	0	NaN
586	IMG00920.JPG	2.18	1.67	0	0	0	NaN
587	IMG00920.JPG	3.432	1.594	0	0	0	NaN
588	IMG00920.JPG	3.386	1.913	0	0	0	NaN
589	IMG00920.JPG	2.238	1.635	0	0	0	NaN
590	IMG00920.JPG	2.348	0.806	0	0	0	NaN
591	IMG00920.JPG	3.136	0.806	0	0	0	NaN
592	IMG00920.JPG	3.345	1.588	0	0	0	NaN
593	IMG00919.JPG	2.22	1.994	0	0	0	NaN
594	IMG00919.JPG	2.174	1.641	0	0	0	NaN
595	IMG00919.JPG	3.501	1.559	0	0	0	NaN
596	IMG00919.JPG	3.548	1.896	0	0	0	NaN
597	IMG00919.JPG	2.313	1.629	0	0	0	NaN
598	IMG00919.JPG	2.475	0.8	0	0	0	NaN
599	IMG00919.JPG	3.212	0.788	0	0	0	NaN
600	IMG00919.JPG	3.414	1.536	0	0	0	NaN
601	IMG00918.JPG	2.214	1.971	0	0	0	NaN
602	IMG00918.JPG	2.151	1.658	0	0	0	NaN
603	IMG00918.JPG	3.391	1.588	0	0	0	NaN
604	IMG00918.JPG	3.386	1.901	0	0	0	NaN
605	IMG00918.JPG	2.243	1.641	0	0	0	NaN
606	IMG00918.JPG	2.342	0.806	0	0	0	NaN
607	IMG00918.JPG	3.142	0.806	0	0	0	NaN
608	IMG00918.JPG	3.328	1.588	0	0	0	NaN
609	IMG00917.JPG	2.168	1.977	0	0	0	NaN
610	IMG00917.JPG	2.139	1.594	0	0	0	NaN
611	IMG00917.JPG	3.478	1.565	0	0	0	NaN
612	IMG00917.JPG	3.478	1.965	0	0	0	NaN
613	IMG00917.JPG	2.249	1.588	0	0	0	NaN
614	IMG00917.JPG	2.365	0.783	0	0	0	NaN
615	IMG00917.JPG	3.206	0.707	0	0	0	NaN
616	IMG00917.JPG	3.38	1.565	0	0	0	NaN
617	IMG00916.JPG	2.151	2.11	0	0	0	NaN
618	IMG00916.JPG	2.151	1.612	0	0	0	NaN
619	IMG00916.JPG	3.478	1.548	0	0	0	NaN
620	IMG00916.JPG	3.53	1.959	0	0	0	NaN
621	IMG00916.JPG	2.255	1.565	0	0	0	NaN
622	IMG00916.JPG	2.487	0.806	0	0	0	NaN
623	IMG00916.JPG	3.113	0.8	0	0	0	NaN
624	IMG00916.JPG	3.345	1.571	0	0	0	NaN
625	IMG00915.JPG	2.394	1.89	0	0	0	NaN
626	IMG00915.JPG	2.319	1.635	0	0	0	NaN
627	IMG00915.JPG	3.339	1.577	0	0	0	NaN
628	IMG00915.JPG	3.31	1.826	0	0	0	NaN
629	IMG00915.JPG	2.441	1.606	0	0	0	NaN
630	IMG00915.JPG	2.586	0.91	0	0	0	NaN
631	IMG00915.JPG	3.136	0.893	0	0	0	NaN
632	IMG00915.JPG	3.275	1.583	0	0	0	NaN
633	IMG00914.JPG	2.174	1.994	0	0	0	NaN
634	IMG00914.JPG	2.07	1.565	0	0	0	NaN
635	IMG00914.JPG	3.542	1.519	0	0	0	NaN
636	IMG00914.JPG	3.449	1.977	0	0	0	NaN
637	IMG00914.JPG	2.174	1.577	0	0	0	NaN
638	IMG00914.JPG	2.429	0.759	0	0	0	NaN
639	IMG00914.JPG	3.223	0.719	0	0	0	NaN
640	IMG00914.JPG	3.455	1.525	0	0	0	NaN
641	IMG00913.JPG	2.11	2.226	0	0	0	NaN
642	IMG00913.JPG	2.081	1.675	0	0	0	NaN
643	IMG00913.JPG	3.571	1.646	0	0	0	NaN
644	IMG00913.JPG	3.588	2.162	0	0	0	NaN
645	IMG00913.JPG	2.209	1.67	0	0	0	NaN
646	IMG00913.JPG	2.464	0.922	0	0	0	NaN
647	IMG00913.JPG	3.2	0.893	0	0	0	NaN
648	IMG00913.JPG	3.443	1.571	0	0	0	NaN
649	IMG00912.JPG	2.278	1.89	0	0	0	NaN
650	IMG00912.JPG	2.168	1.629	0	0	0	NaN
651	IMG00912.JPG	3.357	1.571	0	0	0	NaN
652	IMG00912.JPG	3.339	1.861	0	0	0	NaN
653	IMG00912.JPG	2.272	1.623	0	0	0	NaN
654	IMG00912.JPG	2.441	0.765	0	0	0	NaN
655	IMG00912.JPG	3.113	0.777	0	0	0	NaN
656	IMG00912.JPG	3.27	1.577	0	0	0	NaN
657	IMG00911.JPG	2.093	2.116	0	0	0	NaN
658	IMG00911.JPG	2.052	1.606	0	0	0	NaN
659	IMG00911.JPG	3.542	1.525	0	0	0	NaN
660	IMG00911.JPG	3.542	2.023	0	0	0	NaN
661	IMG00911.JPG	2.157	1.571	0	0	0	NaN
662	IMG00911.JPG	2.272	0.678	0	0	0	NaN
663	IMG00911.JPG	3.246	0.632	0	0	0	NaN
664	IMG00911.JPG	3.409	1.565	0	0	0	NaN
665	IMG00910.JPG	2.232	1.872	0	0	0	NaN
666	IMG00910.JPG	2.203	1.6	0	0	0	NaN
667	IMG00910.JPG	3.443	1.577	0	0	0	NaN
668	IMG00910.JPG	3.397	1.861	0	0	0	NaN
669	IMG00910.JPG	2.307	1.617	0	0	0	NaN
670	IMG00910.JPG	2.394	0.835	0	0	0	NaN
671	IMG00910.JPG	3.217	0.829	0	0	0	NaN
672	IMG00910.JPG	3.31	1.612	0	0	0	NaN
673	IMG00909.JPG	2.157	1.907	0	0	0	NaN
674	IMG00909.JPG	2.139	1.583	0	0	0	NaN
675	IMG00909.JPG	3.386	1.588	0	0	0	NaN
676	IMG00909.JPG	3.432	1.89	0	0	0	NaN
677	IMG00909.JPG	2.278	1.559	0	0	0	NaN
678	IMG00909.JPG	2.417	0.812	0	0	0	NaN
679	IMG00909.JPG	3.113	0.748	0	0	0	NaN
680	IMG00909.JPG	3.281	1.577	0	0	0	NaN
681	IMG00908.JPG	2.186	1.913	0	0	0	NaN
682	IMG00908.JPG	2.157	1.583	0	0	0	NaN
683	IMG00908.JPG	3.525	1.565	0	0	0	NaN
684	IMG00908.JPG	3.484	1.971	0	0	0	NaN
685	IMG00908.JPG	2.249	1.571	0	0	0	NaN
686	IMG00908.JPG	2.388	0.788	0	0	0	NaN
687	IMG00908.JPG	3.125	0.759	0	0	0	NaN
688	IMG00908.JPG	3.403	1.571	0	0	0	NaN
689	IMG00907.JPG	2.145	1.919	0	0	0	NaN
690	IMG00907.JPG	2.162	1.606	0	0	0	NaN
691	IMG00907.JPG	3.496	1.664	0	0	0	NaN
692	IMG00907.JPG	3.478	1.948	0	0	0	NaN
693	IMG00907.JPG	2.267	1.606	0	0	0	NaN
694	IMG00907.JPG	2.464	0.713	0	0	0	NaN
695	IMG00907.JPG	3.159	0.661	0	0	0	NaN
696	IMG00907.JPG	3.403	1.623	0	0	0	NaN
697	IMG00906.JPG	2.174	2.087	0	0	0	NaN
698	IMG00906.JPG	2.145	1.675	0	0	0	NaN
699	IMG00906.JPG	3.461	1.612	0	0	0	NaN
700	IMG00906.JPG	3.484	2.116	0	0	0	NaN
701	IMG00906.JPG	2.296	1.675	0	0	0	NaN
702	IMG00906.JPG	2.342	0.881	0	0	0	NaN
703	IMG00906.JPG	3.183	0.835	0	0	0	NaN
704	IMG00906.JPG	3.345	1.635	0	0	0	NaN
705	IMG00905.JPG	2.249	1.896	0	0	0	NaN
706	IMG00905.JPG	2.11	1.565	0	0	0	NaN
707	IMG00905.JPG	3.432	1.501	0	0	0	NaN
708	IMG00905.JPG	3.391	1.826	0	0	0	NaN
709	IMG00905.JPG	2.243	1.536	0	0	0	NaN
710	IMG00905.JPG	2.464	0.736	0	0	0	NaN
711	IMG00905.JPG	3.101	0.748	0	0	0	NaN
712	IMG00905.JPG	3.322	1.501	0	0	0	NaN
713	IMG00904.JPG	2.157	1.942	0	0	0	NaN
714	IMG00904.JPG	2.104	1.635	0	0	0	NaN
715	IMG00904.JPG	3.525	1.559	0	0	0	NaN
716	IMG00904.JPG	3.49	1.867	0	0	0	NaN
717	IMG00904.JPG	2.238	1.588	0	0	0	NaN
718	IMG00904.JPG	2.446	0.684	0	0	0	NaN
719	IMG00904.JPG	3.101	0.632	0	0	0	NaN
720	IMG00904.JPG	3.426	1.571	0	0	0	NaN
721	IMG00903.JPG	2.081	2.122	0	0	0	NaN
722	IMG00903.JPG	2.064	1.658	0	0	0	NaN
723	IMG00903.JPG	3.461	1.594	0	0	0	NaN
724	IMG00903.JPG	3.478	2.058	0	0	0	NaN
725	IMG00903.JPG	2.191	1.629	0	0	0	NaN
726	IMG00903.JPG	2.417	0.858	0	0	0	NaN
727	IMG00903.JPG	3.096	0.835	0	0	0	NaN
728	IMG00903.JPG	3.351	1.588	0	0	0	NaN
729	IMG00902.JPG	2.191	1.942	0	0	0	NaN
730	IMG00902.JPG	2.162	1.612	0	0	0	NaN
731	IMG00902.JPG	3.501	1.594	0	0	0	NaN
732	IMG00902.JPG	3.461	1.948	0	0	0	NaN
733	IMG00902.JPG	2.243	1.583	0	0	0	NaN
734	IMG00902.JPG	2.371	0.771	0	0	0	NaN
735	IMG00902.JPG	3.188	0.754	0	0	0	NaN
736	IMG00902.JPG	3.426	1.594	0	0	0	NaN
737	IMG00901.JPG	2.203	1.878	0	0	0	NaN
738	IMG00901.JPG	2.186	1.629	0	0	0	NaN
739	IMG00901.JPG	3.38	1.594	0	0	0	NaN
740	IMG00901.JPG	3.304	1.861	0	0	0	NaN
741	IMG00901.JPG	2.296	1.617	0	0	0	NaN
742	IMG00901.JPG	2.342	0.817	0	0	0	NaN
743	IMG00901.JPG	3.13	0.765	0	0	0	NaN
744	IMG00901.JPG	3.281	1.588	0	0	0	NaN
745	IMG00900.JPG	2.087	2.116	0	0	0	NaN
746	IMG00900.JPG	2.041	1.641	0	0	0	NaN
747	IMG00900.JPG	3.438	1.6	0	0	0	NaN
748	IMG00900.JPG	3.432	2.035	0	0	0	NaN
749	IMG00900.JPG	2.191	1.629	0	0	0	NaN
750	IMG00900.JPG	2.446	0.875	0	0	0	NaN
751	IMG00900.JPG	3.084	0.87	0	0	0	NaN
752	IMG00900.JPG	3.333	1.623	0	0	0	NaN
753	IMG00899.JPG	2.168	2.006	0	0	0	NaN
754	IMG00899.JPG	2.093	1.664	0	0	0	NaN
755	IMG00899.JPG	3.455	1.617	0	0	0	NaN
756	IMG00899.JPG	3.455	2.012	0	0	0	NaN
757	IMG00899.JPG	2.243	1.623	0	0	0	NaN
758	IMG00899.JPG	2.394	0.858	0	0	0	NaN
759	IMG00899.JPG	3.159	0.823	0	0	0	NaN
760	IMG00899.JPG	3.351	1.617	0	0	0	NaN
761	IMG00898.JPG	2.128	1.901	0	0	0	NaN
762	IMG00898.JPG	2.052	1.594	0	0	0	NaN
763	IMG00898.JPG	3.328	1.559	0	0	0	NaN
764	IMG00898.JPG	3.287	1.948	0	0	0	NaN
765	IMG00898.JPG	2.133	1.565	0	0	0	NaN
766	IMG00898.JPG	2.278	0.806	0	0	0	NaN
767	IMG00898.JPG	3.09	0.765	0	0	0	NaN
768	IMG00898.JPG	3.264	1.554	0	0	0	NaN
769	IMG00897.JPG	2.226	1.994	0	0	0	NaN
770	IMG00897.JPG	2.174	1.699	0	0	0	NaN
771	IMG00897.JPG	3.496	1.588	0	0	0	NaN
772	IMG00897.JPG	3.496	1.965	0	0	0	NaN
773	IMG00897.JPG	2.296	1.623	0	0	0	NaN
774	IMG00897.JPG	2.533	0.754	0	0	0	NaN
775	IMG00897.JPG	3.148	0.736	0	0	0	NaN
776	IMG00897.JPG	3.397	1.571	0	0	0	NaN
777	IMG00896.JPG	2.064	2.046	0	0	0	NaN
778	IMG00896.JPG	2.07	1.652	0	0	0	NaN
779	IMG00896.JPG	3.507	1.617	0	0	0	NaN
780	IMG00896.JPG	3.53	2.046	0	0	0	NaN
781	IMG00896.JPG	2.168	1.606	0	0	0	NaN
782	IMG00896.JPG	2.412	0.794	0	0	0	NaN
783	IMG00896.JPG	3.136	0.788	0	0	0	NaN
784	IMG00896.JPG	3.391	1.617	0	0	0	NaN
785	IMG00895.JPG	2.278	1.983	0	0	0	NaN
786	IMG00895.JPG	2.151	1.6	0	0	0	NaN
787	IMG00895.JPG	3.443	1.588	0	0	0	NaN
788	IMG00895.JPG	3.438	1.925	0	0	0	NaN
789	IMG00895.JPG	2.243	1.583	0	0	0	NaN
790	IMG00895.JPG	2.278	0.841	0	0	0	NaN
791	IMG00895.JPG	3.171	0.794	0	0	0	NaN
792	IMG00895.JPG	3.362	1.559	0	0	0	NaN
793	IMG00894.JPG	2.104	1.971	0	0	0	NaN
794	IMG00894.JPG	2.058	1.716	0	0	0	NaN
795	IMG00894.JPG	3.368	1.606	0	0	0	NaN
796	IMG00894.JPG	3.351	1.925	0	0	0	NaN
797	IMG00894.JPG	2.151	1.687	0	0	0	NaN
798	IMG00894.JPG	2.307	0.748	0	0	0	NaN
799	IMG00894.JPG	3.014	0.73	0	0	0	NaN
800	IMG00894.JPG	3.252	1.583	0	0	0	NaN
801	IMG00893.JPG	2.139	1.93	0	0	0	NaN
802	IMG00893.JPG	2.087	1.681	0	0	0	NaN
803	IMG00893.JPG	3.501	1.583	0	0	0	NaN
804	IMG00893.JPG	3.472	1.896	0	0	0	NaN
805	IMG00893.JPG	2.197	1.617	0	0	0	NaN
806	IMG00893.JPG	2.394	0.748	0	0	0	NaN
807	IMG00893.JPG	3.13	0.713	0	0	0	NaN
808	IMG00893.JPG	3.438	1.577	0	0	0	NaN
809	IMG00892.JPG	2.162	1.977	0	0	0	NaN
810	IMG00892.JPG	2.128	1.612	0	0	0	NaN
811	IMG00892.JPG	3.496	1.542	0	0	0	NaN
812	IMG00892.JPG	3.525	1.965	0	0	0	NaN
813	IMG00892.JPG	2.238	1.588	0	0	0	NaN
814	IMG00892.JPG	2.47	0.701	0	0	0	NaN
815	IMG00892.JPG	3.183	0.69	0	0	0	NaN
816	IMG00892.JPG	3.397	1.542	0	0	0	NaN
817	IMG00891.JPG	2.168	2.012	0	0	0	NaN
818	IMG00891.JPG	2.11	1.588	0	0	0	NaN
819	IMG00891.JPG	3.536	1.438	0	0	0	NaN
820	IMG00891.JPG	3.449	1.896	0	0	0	NaN
821	IMG00891.JPG	2.249	1.559	0	0	0	NaN
822	IMG00891.JPG	2.267	0.655	0	0	0	NaN
823	IMG00891.JPG	3.177	0.597	0	0	0	NaN
824	IMG00891.JPG	3.42	1.42	0	0	0	NaN
825	IMG00890.JPG	2.209	1.948	0	0	0	NaN
826	IMG00890.JPG	2.133	1.681	0	0	0	NaN
827	IMG00890.JPG	3.357	1.67	0	0	0	NaN
828	IMG00890.JPG	3.316	1.983	0	0	0	NaN
829	IMG00890.JPG	2.267	1.658	0	0	0	NaN
830	IMG00890.JPG	2.412	0.957	0	0	0	NaN
831	IMG00890.JPG	3.13	0.945	0	0	0	NaN
832	IMG00890.JPG	3.27	1.664	0	0	0	NaN
833	IMG00889.JPG	2.278	2.064	0	0	0	NaN
834	IMG00889.JPG	2.151	1.641	0	0	0	NaN
835	IMG00889.JPG	3.641	1.536	0	0	0	NaN
836	IMG00889.JPG	3.583	1.959	0	0	0	NaN
837	IMG00889.JPG	2.307	1.6	0	0	0	NaN
838	IMG00889.JPG	2.487	0.672	0	0	0	NaN
839	IMG00889.JPG	3.316	0.643	0	0	0	NaN
840	IMG00889.JPG	3.542	1.501	0	0	0	NaN
841	IMG00888.JPG	2.099	2.052	0	0	0	NaN
842	IMG00888.JPG	2.087	1.646	0	0	0	NaN
843	IMG00888.JPG	3.53	1.664	0	0	0	NaN
844	IMG00888.JPG	3.583	2.052	0	0	0	NaN
845	IMG00888.JPG	2.174	1.635	0	0	0	NaN
846	IMG00888.JPG	2.464	0.684	0	0	0	NaN
847	IMG00888.JPG	3.229	0.684	0	0	0	NaN
848	IMG00888.JPG	3.443	1.67	0	0	0	NaN
849	IMG00887.JPG	2.116	2.035	0	0	0	NaN
850	IMG00887.JPG	2.041	1.675	0	0	0	NaN
851	IMG00887.JPG	3.519	1.594	0	0	0	NaN
852	IMG00887.JPG	3.53	1.977	0	0	0	NaN
853	IMG00887.JPG	2.209	1.629	0	0	0	NaN
854	IMG00887.JPG	2.412	0.875	0	0	0	NaN
855	IMG00887.JPG	3.171	0.829	0	0	0	NaN
856	IMG00887.JPG	3.409	1.6	0	0	0	NaN
857	IMG00886.JPG	2.203	1.89	0	0	0	NaN
858	IMG00886.JPG	2.139	1.577	0	0	0	NaN
859	IMG00886.JPG	3.374	1.565	0	0	0	NaN
860	IMG00886.JPG	3.374	1.884	0	0	0	NaN
861	IMG00886.JPG	2.243	1.565	0	0	0	NaN
862	IMG00886.JPG	2.406	0.783	0	0	0	NaN
863	IMG00886.JPG	3.107	0.748	0	0	0	NaN
864	IMG00886.JPG	3.31	1.577	0	0	0	NaN
865	IMG00885.JPG	2.122	2.157	0	0	0	NaN
866	IMG00885.JPG	2.11	1.67	0	0	0	NaN
867	IMG00885.JPG	3.507	1.559	0	0	0	NaN
868	IMG00885.JPG	3.519	2.099	0	0	0	NaN
869	IMG00885.JPG	2.267	1.606	0	0	0	NaN
870	IMG00885.JPG	2.458	0.783	0	0	0	NaN
871	IMG00885.JPG	3.252	0.812	0	0	0	NaN
872	IMG00885.JPG	3.397	1.606	0	0	0	NaN
873	IMG00884.JPG	2.203	2.041	0	0	0	NaN
874	IMG00884.JPG	2.133	1.67	0	0	0	NaN
875	IMG00884.JPG	3.397	1.617	0	0	0	NaN
876	IMG00884.JPG	3.368	1.977	0	0	0	NaN
877	IMG00884.JPG	2.22	1.652	0	0	0	NaN
878	IMG00884.JPG	2.423	0.852	0	0	0	NaN
879	IMG00884.JPG	3.165	0.823	0	0	0	NaN
880	IMG00884.JPG	3.322	1.588	0	0	0	NaN
881	IMG00883.JPG	2.162	2.214	0	0	0	NaN
882	IMG00883.JPG	2.041	1.687	0	0	0	NaN
883	IMG00883.JPG	3.641	1.565	0	0	0	NaN
884	IMG00883.JPG	3.617	2.128	0	0	0	NaN
885	IMG00883.JPG	2.197	1.623	0	0	0	NaN
886	IMG00883.JPG	2.406	0.69	0	0	0	NaN
887	IMG00883.JPG	3.2	0.649	0	0	0	NaN
888	IMG00883.JPG	3.542	1.565	0	0	0	NaN
889	IMG00882.JPG	2.157	2.122	0	0	0	NaN
890	IMG00882.JPG	2.064	1.617	0	0	0	NaN
891	IMG00882.JPG	3.571	1.588	0	0	0	NaN
892	IMG00882.JPG	3.513	2.162	0	0	0	NaN
893	IMG00882.JPG	2.267	1.577	0	0	0	NaN
894	IMG00882.JPG	2.51	0.638	0	0	0	NaN
895	IMG00882.JPG	3.2	0.626	0	0	0	NaN
896	IMG00882.JPG	3.467	1.554	0	0	0	NaN
897	IMG00881.JPG	2.174	2.214	0	0	0	NaN
898	IMG00881.JPG	2.046	1.681	0	0	0	NaN
899	IMG00881.JPG	3.675	1.583	0	0	0	NaN
900	IMG00881.JPG	3.629	2.11	0	0	0	NaN
901	IMG00881.JPG	2.226	1.623	0	0	0	NaN
902	IMG00881.JPG	2.539	0.69	0	0	0	NaN
903	IMG00881.JPG	3.235	0.672	0	0	0	NaN
904	IMG00881.JPG	3.559	1.577	0	0	0	NaN
905	IMG00880.JPG	2.099	2.186	0	0	0	NaN
906	IMG00880.JPG	2.046	1.617	0	0	0	NaN
907	IMG00880.JPG	3.536	1.559	0	0	0	NaN
908	IMG00880.JPG	3.507	2.151	0	0	0	NaN
909	IMG00880.JPG	2.186	1.571	0	0	0	NaN
910	IMG00880.JPG	2.441	0.736	0	0	0	NaN
911	IMG00880.JPG	3.212	0.696	0	0	0	NaN
912	IMG00880.JPG	3.426	1.577	0	0	0	NaN
913	IMG00879.JPG	2.07	2.168	0	0	0	NaN
914	IMG00879.JPG	1.994	1.617	0	0	0	NaN
915	IMG00879.JPG	3.536	1.554	0	0	0	NaN
916	IMG00879.JPG	3.548	2.11	0	0	0	NaN
917	IMG00879.JPG	2.157	1.623	0	0	0	NaN
918	IMG00879.JPG	2.458	0.672	0	0	0	NaN
919	IMG00879.JPG	3.119	0.649	0	0	0	NaN
920	IMG00879.JPG	3.414	1.559	0	0	0	NaN
921	IMG00878.JPG	2.006	2.157	0	0	0	NaN
922	IMG00878.JPG	1.994	1.554	0	0	0	NaN
923	IMG00878.JPG	3.472	1.565	0	0	0	NaN
924	IMG00878.JPG	3.438	2.168	0	0	0	NaN
925	IMG00878.JPG	2.133	1.571	0	0	0	NaN
926	IMG00878.JPG	2.406	0.713	0	0	0	NaN
927	IMG00878.JPG	3.159	0.713	0	0	0	NaN
928	IMG00878.JPG	3.351	1.588	0	0	0	NaN
929	IMG00877.JPG	2.087	2.197	0	0	0	NaN
930	IMG00877.JPG	2.052	1.583	0	0	0	NaN
931	IMG00877.JPG	3.536	1.577	0	0	0	NaN
932	IMG00877.JPG	3.496	2.133	0	0	0	NaN
933	IMG00877.JPG	2.214	1.606	0	0	0	NaN
934	IMG00877.JPG	2.441	0.742	0	0	0	NaN
935	IMG00877.JPG	3.183	0.672	0	0	0	NaN
936	IMG00877.JPG	3.414	1.583	0	0	0	NaN
937	IMG00876.JPG	2.087	2.214	0	0	0	NaN
938	IMG00876.JPG	2.017	1.635	0	0	0	NaN
939	IMG00876.JPG	3.542	1.559	0	0	0	NaN
940	IMG00876.JPG	3.525	2.116	0	0	0	NaN
941	IMG00876.JPG	2.122	1.641	0	0	0	NaN
942	IMG00876.JPG	2.458	0.632	0	0	0	NaN
943	IMG00876.JPG	3.119	0.626	0	0	0	NaN
944	IMG00876.JPG	3.414	1.565	0	0	0	NaN
945	IMG00875.JPG	2.064	2.151	0	0	0	NaN
946	IMG00875.JPG	2.035	1.612	0	0	0	NaN
947	IMG00875.JPG	3.484	1.594	0	0	0	NaN
948	IMG00875.JPG	3.507	2.139	0	0	0	NaN
949	IMG00875.JPG	2.133	1.606	0	0	0	NaN
950	IMG00875.JPG	2.423	0.69	0	0	0	NaN
951	IMG00875.JPG	3.113	0.701	0	0	0	NaN
952	IMG00875.JPG	3.391	1.577	0	0	0	NaN
953	IMG00874.JPG	2.151	2.186	0	0	0	NaN
954	IMG00874.JPG	2.052	1.693	0	0	0	NaN
955	IMG00874.JPG	3.519	1.571	0	0	0	NaN
956	IMG00874.JPG	3.554	2.075	0	0	0	NaN
957	IMG00874.JPG	2.191	1.658	0	0	0	NaN
958	IMG00874.JPG	2.394	0.748	0	0	0	NaN
959	IMG00874.JPG	3.142	0.771	0	0	0	NaN
960	IMG00874.JPG	3.409	1.565	0	0	0	NaN
961	IMG00873.JPG	2.232	2.075	0	0	0	NaN
962	IMG00873.JPG	2.174	1.722	0	0	0	NaN
963	IMG00873.JPG	3.426	1.617	0	0	0	NaN
964	IMG00873.JPG	3.443	1.936	0	0	0	NaN
965	IMG00873.JPG	2.29	1.67	0	0	0	NaN
966	IMG00873.JPG	2.58	0.823	0	0	0	NaN
967	IMG00873.JPG	3.125	0.817	0	0	0	NaN
968	IMG00873.JPG	3.357	1.565	0	0	0	NaN
969	IMG00872.JPG	2.122	1.977	0	0	0	NaN
970	IMG00872.JPG	2.099	1.739	0	0	0	NaN
971	IMG00872.JPG	3.409	1.565	0	0	0	NaN
972	IMG00872.JPG	3.397	1.89	0	0	0	NaN
973	IMG00872.JPG	2.18	1.687	0	0	0	NaN
974	IMG00872.JPG	2.4	0.545	0	0	0	NaN
975	IMG00872.JPG	3.049	0.504	0	0	0	NaN
976	IMG00872.JPG	3.357	1.571	0	0	0	NaN
977	IMG00871.JPG	2.191	1.977	0	0	0	NaN
978	IMG00871.JPG	2.139	1.739	0	0	0	NaN
979	IMG00871.JPG	3.42	1.681	0	0	0	NaN
980	IMG00871.JPG	3.414	1.954	0	0	0	NaN
981	IMG00871.JPG	2.232	1.675	0	0	0	NaN
982	IMG00871.JPG	2.406	0.794	0	0	0	NaN
983	IMG00871.JPG	3.101	0.765	0	0	0	NaN
984	IMG00871.JPG	3.345	1.658	0	0	0	NaN
985	IMG00870.JPG	2.301	2.012	0	0	0	NaN
986	IMG00870.JPG	2.197	1.658	0	0	0	NaN
987	IMG00870.JPG	3.513	1.594	0	0	0	NaN
988	IMG00870.JPG	3.472	2	0	0	0	NaN
989	IMG00870.JPG	2.33	1.623	0	0	0	NaN
990	IMG00870.JPG	2.464	0.806	0	0	0	NaN
991	IMG00870.JPG	3.171	0.777	0	0	0	NaN
992	IMG00870.JPG	3.449	1.571	0	0	0	NaN
993	IMG00869.JPG	2.18	2.035	0	0	0	NaN
994	IMG00869.JPG	2.11	1.623	0	0	0	NaN
995	IMG00869.JPG	3.362	1.577	0	0	0	NaN
996	IMG00869.JPG	3.304	2.035	0	0	0	NaN
997	IMG00869.JPG	2.238	1.588	0	0	0	NaN
998	IMG00869.JPG	2.423	0.864	0	0	0	NaN
999	IMG00869.JPG	2.997	0.817	0	0	0	NaN
1000	IMG00869.JPG	3.264	1.583	0	0	0	NaN
1001	IMG00868.JPG	2.017	2.191	0	0	0	NaN
1002	IMG00868.JPG	2.029	1.577	0	0	0	NaN
1003	IMG00868.JPG	3.455	1.588	0	0	0	NaN
1004	IMG00868.JPG	3.513	2.151	0	0	0	NaN
1005	IMG00868.JPG	2.186	1.588	0	0	0	NaN
1006	IMG00868.JPG	2.377	0.8	0	0	0	NaN
1007	IMG00868.JPG	3.159	0.736	0	0	0	NaN
1008	IMG00868.JPG	3.368	1.577	0	0	0	NaN
1009	IMG00867.JPG	2.157	2.012	0	0	0	NaN
1010	IMG00867.JPG	2.128	1.681	0	0	0	NaN
1011	IMG00867.JPG	3.461	1.577	0	0	0	NaN
1012	IMG00867.JPG	3.461	1.977	0	0	0	NaN
1013	IMG00867.JPG	2.267	1.641	0	0	0	NaN
1014	IMG00867.JPG	2.383	0.748	0	0	0	NaN
1015	IMG00867.JPG	3.148	0.713	0	0	0	NaN
1016	IMG00867.JPG	3.339	1.588	0	0	0	NaN
1017	IMG00866.JPG	2.145	1.942	0	0	0	NaN
1018	IMG00866.JPG	2.093	1.693	0	0	0	NaN
1019	IMG00866.JPG	3.322	1.67	0	0	0	NaN
1020	IMG00866.JPG	3.27	1.959	0	0	0	NaN
1021	IMG00866.JPG	2.162	1.664	0	0	0	NaN
1022	IMG00866.JPG	2.336	0.904	0	0	0	NaN
1023	IMG00866.JPG	3.078	0.858	0	0	0	NaN
1024	IMG00866.JPG	3.241	1.635	0	0	0	NaN
1025	IMG00865.JPG	2.214	2.029	0	0	0	NaN
1026	IMG00865.JPG	2.128	1.594	0	0	0	NaN
1027	IMG00865.JPG	3.443	1.554	0	0	0	NaN
1028	IMG00865.JPG	3.345	2	0	0	0	NaN
1029	IMG00865.JPG	2.243	1.6	0	0	0	NaN
1030	IMG00865.JPG	2.452	0.719	0	0	0	NaN
1031	IMG00865.JPG	3.113	0.684	0	0	0	NaN
1032	IMG00865.JPG	3.339	1.559	0	0	0	NaN
1033	IMG00864.JPG	2.197	1.988	0	0	0	NaN
1034	IMG00864.JPG	2.139	1.681	0	0	0	NaN
1035	IMG00864.JPG	3.403	1.571	0	0	0	NaN
1036	IMG00864.JPG	3.357	1.959	0	0	0	NaN
1037	IMG00864.JPG	2.22	1.641	0	0	0	NaN
1038	IMG00864.JPG	2.388	0.788	0	0	0	NaN
1039	IMG00864.JPG	3.026	0.754	0	0	0	NaN
1040	IMG00864.JPG	3.304	1.606	0	0	0	NaN
1041	IMG00863.JPG	2.133	2	0	0	0	NaN
1042	IMG00863.JPG	2.064	1.583	0	0	0	NaN
1043	IMG00863.JPG	3.472	1.571	0	0	0	NaN
1044	IMG00863.JPG	3.461	1.994	0	0	0	NaN
1045	IMG00863.JPG	2.243	1.565	0	0	0	NaN
1046	IMG00863.JPG	2.429	0.684	0	0	0	NaN
1047	IMG00863.JPG	3.13	0.672	0	0	0	NaN
1048	IMG00863.JPG	3.351	1.565	0	0	0	NaN
1049	IMG00862.JPG	2.128	2.151	0	0	0	NaN
1050	IMG00862.JPG	2.087	1.791	0	0	0	NaN
1051	IMG00862.JPG	3.467	1.617	0	0	0	NaN
1052	IMG00862.JPG	3.426	2.023	0	0	0	NaN
1053	IMG00862.JPG	2.157	1.745	0	0	0	NaN
1054	IMG00862.JPG	2.284	0.817	0	0	0	NaN
1055	IMG00862.JPG	3.078	0.754	0	0	0	NaN
1056	IMG00862.JPG	3.391	1.623	0	0	0	NaN
1057	IMG00861.JPG	2.104	1.977	0	0	0	NaN
1058	IMG00861.JPG	2.035	1.571	0	0	0	NaN
1059	IMG00861.JPG	3.432	1.501	0	0	0	NaN
1060	IMG00861.JPG	3.409	1.925	0	0	0	NaN
1061	IMG00861.JPG	2.232	1.559	0	0	0	NaN
1062	IMG00861.JPG	2.429	0.632	0	0	0	NaN
1063	IMG00861.JPG	2.986	0.626	0	0	0	NaN
1064	IMG00861.JPG	3.31	1.496	0	0	0	NaN
1065	IMG00860.JPG	2.128	2.058	0	0	0	NaN
1066	IMG00860.JPG	2.029	1.617	0	0	0	NaN
1067	IMG00860.JPG	3.507	1.542	0	0	0	NaN
1068	IMG00860.JPG	3.484	1.983	0	0	0	NaN
1069	IMG00860.JPG	2.139	1.594	0	0	0	NaN
1070	IMG00860.JPG	2.354	0.58	0	0	0	NaN
1071	IMG00860.JPG	3.136	0.568	0	0	0	NaN
1072	IMG00860.JPG	3.397	1.525	0	0	0	NaN
1073	IMG00859.JPG	2.203	2.099	0	0	0	NaN
1074	IMG00859.JPG	2.081	1.699	0	0	0	NaN
1075	IMG00859.JPG	3.42	1.577	0	0	0	NaN
1076	IMG00859.JPG	3.432	1.988	0	0	0	NaN
1077	IMG00859.JPG	2.18	1.681	0	0	0	NaN
1078	IMG00859.JPG	2.412	0.777	0	0	0	NaN
1079	IMG00859.JPG	2.986	0.759	0	0	0	NaN
1080	IMG00859.JPG	3.339	1.559	0	0	0	NaN
1081	IMG00858.JPG	2.145	2.099	0	0	0	NaN
1082	IMG00858.JPG	2.116	1.67	0	0	0	NaN
1083	IMG00858.JPG	3.525	1.646	0	0	0	NaN
1084	IMG00858.JPG	3.467	2.052	0	0	0	NaN
1085	IMG00858.JPG	2.255	1.629	0	0	0	NaN
1086	IMG00858.JPG	2.499	0.823	0	0	0	NaN
1087	IMG00858.JPG	3.142	0.783	0	0	0	NaN
1088	IMG00858.JPG	3.374	1.664	0	0	0	NaN
1089	IMG00857.JPG	2.162	1.988	0	0	0	NaN
1090	IMG00857.JPG	2.093	1.635	0	0	0	NaN
1091	IMG00857.JPG	3.461	1.577	0	0	0	NaN
1092	IMG00857.JPG	3.432	2.029	0	0	0	NaN
1093	IMG00857.JPG	2.203	1.583	0	0	0	NaN
1094	IMG00857.JPG	2.377	0.643	0	0	0	NaN
1095	IMG00857.JPG	3.072	0.638	0	0	0	NaN
1096	IMG00857.JPG	3.339	1.571	0	0	0	NaN
1097	IMG00856.JPG	2.122	1.919	0	0	0	NaN
1098	IMG00856.JPG	2.075	1.6	0	0	0	NaN
1099	IMG00856.JPG	3.345	1.565	0	0	0	NaN
1100	IMG00856.JPG	3.299	1.896	0	0	0	NaN
1101	IMG00856.JPG	2.186	1.583	0	0	0	NaN
1102	IMG00856.JPG	2.359	0.725	0	0	0	NaN
1103	IMG00856.JPG	3.067	0.719	0	0	0	NaN
1104	IMG00856.JPG	3.258	1.571	0	0	0	NaN
1105	IMG00855.JPG	2.139	1.965	0	0	0	NaN
1106	IMG00855.JPG	2.087	1.675	0	0	0	NaN
1107	IMG00855.JPG	3.333	1.646	0	0	0	NaN
1108	IMG00855.JPG	3.333	1.954	0	0	0	NaN
1109	IMG00855.JPG	2.22	1.67	0	0	0	NaN
1110	IMG00855.JPG	2.319	0.829	0	0	0	NaN
1111	IMG00855.JPG	3.061	0.8	0	0	0	NaN
1112	IMG00855.JPG	3.246	1.617	0	0	0	NaN
1113	IMG00854.JPG	2.186	1.971	0	0	0	NaN
1114	IMG00854.JPG	2.064	1.583	0	0	0	NaN
1115	IMG00854.JPG	3.391	1.53	0	0	0	NaN
1116	IMG00854.JPG	3.391	1.948	0	0	0	NaN
1117	IMG00854.JPG	2.168	1.542	0	0	0	NaN
1118	IMG00854.JPG	2.4	0.533	0	0	0	NaN
1119	IMG00854.JPG	3.09	0.516	0	0	0	NaN
1120	IMG00854.JPG	3.31	1.53	0	0	0	NaN
1121	IMG00853.JPG	2.145	2.162	0	0	0	NaN
1122	IMG00853.JPG	2.07	1.739	0	0	0	NaN
1123	IMG00853.JPG	3.368	1.641	0	0	0	NaN
1124	IMG00853.JPG	3.374	2.104	0	0	0	NaN
1125	IMG00853.JPG	2.18	1.71	0	0	0	NaN
1126	IMG00853.JPG	2.475	0.841	0	0	0	NaN
1127	IMG00853.JPG	3.096	0.806	0	0	0	NaN
1128	IMG00853.JPG	3.293	1.652	0	0	0	NaN
1129	IMG00852.JPG	2.104	1.901	0	0	0	NaN
1130	IMG00852.JPG	2.07	1.577	0	0	0	NaN
1131	IMG00852.JPG	3.455	1.513	0	0	0	NaN
1132	IMG00852.JPG	3.484	1.849	0	0	0	NaN
1133	IMG00852.JPG	2.191	1.583	0	0	0	NaN
1134	IMG00852.JPG	2.319	0.719	0	0	0	NaN
1135	IMG00852.JPG	3.148	0.667	0	0	0	NaN
1136	IMG00852.JPG	3.368	1.53	0	0	0	NaN
1137	IMG00851.JPG	2.174	1.896	0	0	0	NaN
1138	IMG00851.JPG	2.128	1.571	0	0	0	NaN
1139	IMG00851.JPG	3.414	1.507	0	0	0	NaN
1140	IMG00851.JPG	3.362	1.832	0	0	0	NaN
1141	IMG00851.JPG	2.267	1.617	0	0	0	NaN
1142	IMG00851.JPG	2.423	0.765	0	0	0	NaN
1143	IMG00851.JPG	3.084	0.736	0	0	0	NaN
1144	IMG00851.JPG	3.293	1.519	0	0	0	NaN
1145	IMG00850.JPG	2.214	2.052	0	0	0	NaN
1146	IMG00850.JPG	2.128	1.588	0	0	0	NaN
1147	IMG00850.JPG	3.374	1.507	0	0	0	NaN
1148	IMG00850.JPG	3.357	2.046	0	0	0	NaN
1149	IMG00850.JPG	2.307	1.548	0	0	0	NaN
1150	IMG00850.JPG	2.58	0.777	0	0	0	NaN
1151	IMG00850.JPG	3.148	0.748	0	0	0	NaN
1152	IMG00850.JPG	3.264	1.496	0	0	0	NaN
1153	IMG00849.JPG	2.116	2.023	0	0	0	NaN
1154	IMG00849.JPG	2.046	1.612	0	0	0	NaN
1155	IMG00849.JPG	3.438	1.548	0	0	0	NaN
1156	IMG00849.JPG	3.438	2	0	0	0	NaN
1157	IMG00849.JPG	2.22	1.588	0	0	0	NaN
1158	IMG00849.JPG	2.499	0.841	0	0	0	NaN
1159	IMG00849.JPG	3.078	0.823	0	0	0	NaN
1160	IMG00849.JPG	3.299	1.571	0	0	0	NaN
1161	IMG00848.JPG	2.168	2.058	0	0	0	NaN
1162	IMG00848.JPG	2.116	1.687	0	0	0	NaN
1163	IMG00848.JPG	3.554	1.519	0	0	0	NaN
1164	IMG00848.JPG	3.542	1.994	0	0	0	NaN
1165	IMG00848.JPG	2.249	1.652	0	0	0	NaN
1166	IMG00848.JPG	2.342	0.736	0	0	0	NaN
1167	IMG00848.JPG	3.165	0.707	0	0	0	NaN
1168	IMG00848.JPG	3.432	1.519	0	0	0	NaN
1169	IMG00847.JPG	2.18	1.919	0	0	0	NaN
1170	IMG00847.JPG	2.122	1.641	0	0	0	NaN
1171	IMG00847.JPG	3.455	1.571	0	0	0	NaN
1172	IMG00847.JPG	3.449	1.907	0	0	0	NaN
1173	IMG00847.JPG	2.232	1.612	0	0	0	NaN
1174	IMG00847.JPG	2.412	0.701	0	0	0	NaN
1175	IMG00847.JPG	3.113	0.661	0	0	0	NaN
1176	IMG00847.JPG	3.345	1.583	0	0	0	NaN
1177	IMG00846.JPG	2.209	2.017	0	0	0	NaN
1178	IMG00846.JPG	2.145	1.612	0	0	0	NaN
1179	IMG00846.JPG	3.397	1.571	0	0	0	NaN
1180	IMG00846.JPG	3.374	1.977	0	0	0	NaN
1181	IMG00846.JPG	2.278	1.606	0	0	0	NaN
1182	IMG00846.JPG	2.423	0.713	0	0	0	NaN
1183	IMG00846.JPG	3.043	0.661	0	0	0	NaN
1184	IMG00846.JPG	3.293	1.565	0	0	0	NaN
1185	IMG00845.JPG	2.139	2.11	0	0	0	NaN
1186	IMG00845.JPG	2.081	1.67	0	0	0	NaN
1187	IMG00845.JPG	3.409	1.583	0	0	0	NaN
1188	IMG00845.JPG	3.432	2.023	0	0	0	NaN
1189	IMG00845.JPG	2.191	1.652	0	0	0	NaN
1190	IMG00845.JPG	2.412	0.719	0	0	0	NaN
1191	IMG00845.JPG	3.032	0.725	0	0	0	NaN
1192	IMG00845.JPG	3.322	1.6	0	0	0	NaN
1193	IMG00844.JPG	2.133	2.081	0	0	0	NaN
1194	IMG00844.JPG	2.081	1.646	0	0	0	NaN
1195	IMG00844.JPG	3.472	1.542	0	0	0	NaN
1196	IMG00844.JPG	3.501	2.023	0	0	0	NaN
1197	IMG00844.JPG	2.22	1.606	0	0	0	NaN
1198	IMG00844.JPG	2.441	0.771	0	0	0	NaN
1199	IMG00844.JPG	3.136	0.8	0	0	0	NaN
1200	IMG00844.JPG	3.38	1.588	0	0	0	NaN
1201	IMG00843.JPG	2.151	1.988	0	0	0	NaN
1202	IMG00843.JPG	2.122	1.554	0	0	0	NaN
1203	IMG00843.JPG	3.438	1.583	0	0	0	NaN
1204	IMG00843.JPG	3.443	1.994	0	0	0	NaN
1205	IMG00843.JPG	2.249	1.554	0	0	0	NaN
1206	IMG00843.JPG	2.383	0.742	0	0	0	NaN
1207	IMG00843.JPG	3.136	0.725	0	0	0	NaN
1208	IMG00843.JPG	3.328	1.559	0	0	0	NaN
1209	IMG00842.JPG	2.07	2.151	0	0	0	NaN
1210	IMG00842.JPG	2	1.693	0	0	0	NaN
1211	IMG00842.JPG	3.548	1.623	0	0	0	NaN
1212	IMG00842.JPG	3.577	2.052	0	0	0	NaN
1213	IMG00842.JPG	2.191	1.67	0	0	0	NaN
1214	IMG00842.JPG	2.452	0.916	0	0	0	NaN
1215	IMG00842.JPG	3.136	0.864	0	0	0	NaN
1216	IMG00842.JPG	3.386	1.583	0	0	0	NaN
1217	IMG00841.JPG	2.157	2.006	0	0	0	NaN
1218	IMG00841.JPG	2.087	1.606	0	0	0	NaN
1219	IMG00841.JPG	3.496	1.577	0	0	0	NaN
1220	IMG00841.JPG	3.496	1.988	0	0	0	NaN
1221	IMG00841.JPG	2.226	1.542	0	0	0	NaN
1222	IMG00841.JPG	2.417	0.661	0	0	0	NaN
1223	IMG00841.JPG	3.142	0.638	0	0	0	NaN
1224	IMG00841.JPG	3.397	1.594	0	0	0	NaN
1225	IMG00840.JPG	2.157	1.994	0	0	0	NaN
1226	IMG00840.JPG	2.104	1.693	0	0	0	NaN
1227	IMG00840.JPG	3.501	1.606	0	0	0	NaN
1228	IMG00840.JPG	3.426	2.046	0	0	0	NaN
1229	IMG00840.JPG	2.243	1.629	0	0	0	NaN
1230	IMG00840.JPG	2.464	0.516	0	0	0	NaN
1231	IMG00840.JPG	3.078	0.539	0	0	0	NaN
1232	IMG00840.JPG	3.409	1.646	0	0	0	NaN
1233	IMG00839.JPG	1.988	2.157	0	0	0	NaN
1234	IMG00839.JPG	2.006	1.652	0	0	0	NaN
1235	IMG00839.JPG	3.507	1.53	0	0	0	NaN
1236	IMG00839.JPG	3.443	2.128	0	0	0	NaN
1237	IMG00839.JPG	2.203	1.6	0	0	0	NaN
1238	IMG00839.JPG	2.435	0.696	0	0	0	NaN
1239	IMG00839.JPG	3.252	0.678	0	0	0	NaN
1240	IMG00839.JPG	3.368	1.565	0	0	0	NaN
1241	IMG00838.JPG	2.093	2.046	0	0	0	NaN
1242	IMG00838.JPG	2.006	1.728	0	0	0	NaN
1243	IMG00838.JPG	3.374	1.646	0	0	0	NaN
1244	IMG00838.JPG	3.351	2.041	0	0	0	NaN
1245	IMG00838.JPG	2.157	1.687	0	0	0	NaN
1246	IMG00838.JPG	2.406	0.864	0	0	0	NaN
1247	IMG00838.JPG	2.962	0.881	0	0	0	NaN
1248	IMG00838.JPG	3.275	1.652	0	0	0	NaN
1249	IMG00837.JPG	2.197	2.012	0	0	0	NaN
1250	IMG00837.JPG	2.116	1.675	0	0	0	NaN
1251	IMG00837.JPG	3.403	1.612	0	0	0	NaN
1252	IMG00837.JPG	3.38	1.959	0	0	0	NaN
1253	IMG00837.JPG	2.249	1.652	0	0	0	NaN
1254	IMG00837.JPG	2.383	0.783	0	0	0	NaN
1255	IMG00837.JPG	3.154	0.719	0	0	0	NaN
1256	IMG00837.JPG	3.316	1.588	0	0	0	NaN
1257	IMG00836.JPG	2.301	1.936	0	0	0	NaN
1258	IMG00836.JPG	2.22	1.623	0	0	0	NaN
1259	IMG00836.JPG	3.467	1.559	0	0	0	NaN
1260	IMG00836.JPG	3.438	1.89	0	0	0	NaN
1261	IMG00836.JPG	2.354	1.583	0	0	0	NaN
1262	IMG00836.JPG	2.493	0.806	0	0	0	NaN
1263	IMG00836.JPG	3.223	0.783	0	0	0	NaN
1264	IMG00836.JPG	3.374	1.548	0	0	0	NaN
1265	IMG00835.JPG	2.139	2.046	0	0	0	NaN
1266	IMG00835.JPG	2.093	1.617	0	0	0	NaN
1267	IMG00835.JPG	3.438	1.565	0	0	0	NaN
1268	IMG00835.JPG	3.478	2.058	0	0	0	NaN
1269	IMG00835.JPG	2.261	1.6	0	0	0	NaN
1270	IMG00835.JPG	2.388	0.788	0	0	0	NaN
1271	IMG00835.JPG	3.142	0.8	0	0	0	NaN
1272	IMG00835.JPG	3.333	1.577	0	0	0	NaN
1273	IMG00834.JPG	2.075	2	0	0	0	NaN
1274	IMG00834.JPG	2.058	1.635	0	0	0	NaN
1275	IMG00834.JPG	3.449	1.635	0	0	0	NaN
1276	IMG00834.JPG	3.42	2.046	0	0	0	NaN
1277	IMG00834.JPG	2.18	1.612	0	0	0	NaN
1278	IMG00834.JPG	2.429	0.591	0	0	0	NaN
1279	IMG00834.JPG	3.125	0.603	0	0	0	NaN
1280	IMG00834.JPG	3.38	1.617	0	0	0	NaN
1281	IMG00833.JPG	2.203	1.959	0	0	0	NaN
1282	IMG00833.JPG	2.18	1.606	0	0	0	NaN
1283	IMG00833.JPG	3.38	1.571	0	0	0	NaN
1284	IMG00833.JPG	3.38	1.954	0	0	0	NaN
1285	IMG00833.JPG	2.278	1.571	0	0	0	NaN
1286	IMG00833.JPG	2.336	0.817	0	0	0	NaN
1287	IMG00833.JPG	3.194	0.8	0	0	0	NaN
1288	IMG00833.JPG	3.287	1.565	0	0	0	NaN
1289	IMG00832.JPG	2.255	1.901	0	0	0	NaN
1290	IMG00832.JPG	2.162	1.577	0	0	0	NaN
1291	IMG00832.JPG	3.443	1.542	0	0	0	NaN
1292	IMG00832.JPG	3.426	1.861	0	0	0	NaN
1293	IMG00832.JPG	2.278	1.571	0	0	0	NaN
1294	IMG00832.JPG	2.475	0.696	0	0	0	NaN
1295	IMG00832.JPG	3.13	0.661	0	0	0	NaN
1296	IMG00832.JPG	3.339	1.554	0	0	0	NaN
1297	IMG00831.JPG	2.191	1.954	0	0	0	NaN
1298	IMG00831.JPG	2.174	1.635	0	0	0	NaN
1299	IMG00831.JPG	3.449	1.612	0	0	0	NaN
1300	IMG00831.JPG	3.391	1.977	0	0	0	NaN
1301	IMG00831.JPG	2.267	1.641	0	0	0	NaN
1302	IMG00831.JPG	2.499	0.707	0	0	0	NaN
1303	IMG00831.JPG	3.246	0.713	0	0	0	NaN
1304	IMG00831.JPG	3.391	1.6	0	0	0	NaN
1305	IMG00830.JPG	2.209	2.116	0	0	0	NaN
1306	IMG00830.JPG	2.174	1.78	0	0	0	NaN
1307	IMG00830.JPG	3.49	1.641	0	0	0	NaN
1308	IMG00830.JPG	3.519	2.017	0	0	0	NaN
1309	IMG00830.JPG	2.226	1.745	0	0	0	NaN
1310	IMG00830.JPG	2.354	0.835	0	0	0	NaN
1311	IMG00830.JPG	3.142	0.8	0	0	0	NaN
1312	IMG00830.JPG	3.339	1.681	0	0	0	NaN
1313	IMG00829.JPG	2.052	1.872	0	0	0	NaN
1314	IMG00829.JPG	2.029	1.617	0	0	0	NaN
1315	IMG00829.JPG	3.438	1.6	0	0	0	NaN
1316	IMG00829.JPG	3.438	1.855	0	0	0	NaN
1317	IMG00829.JPG	2.122	1.594	0	0	0	NaN
1318	IMG00829.JPG	2.301	0.614	0	0	0	NaN
1319	IMG00829.JPG	3.206	0.574	0	0	0	NaN
1320	IMG00829.JPG	3.374	1.588	0	0	0	NaN
1321	IMG00828.JPG	2.249	2.093	0	0	0	NaN
1322	IMG00828.JPG	2.191	1.681	0	0	0	NaN
1323	IMG00828.JPG	3.513	1.617	0	0	0	NaN
1324	IMG00828.JPG	3.565	2	0	0	0	NaN
1325	IMG00828.JPG	2.336	1.664	0	0	0	NaN
1326	IMG00828.JPG	2.481	0.754	0	0	0	NaN
1327	IMG00828.JPG	3.223	0.806	0	0	0	NaN
1328	IMG00828.JPG	3.426	1.641	0	0	0	NaN
1329	IMG00827.JPG	2.232	1.983	0	0	0	NaN
1330	IMG00827.JPG	2.145	1.629	0	0	0	NaN
1331	IMG00827.JPG	3.449	1.559	0	0	0	NaN
1332	IMG00827.JPG	3.443	1.965	0	0	0	NaN
1333	IMG00827.JPG	2.267	1.577	0	0	0	NaN
1334	IMG00827.JPG	2.435	0.626	0	0	0	NaN
1335	IMG00827.JPG	3.217	0.591	0	0	0	NaN
1336	IMG00827.JPG	3.362	1.548	0	0	0	NaN
1337	IMG00826.JPG	2.238	1.803	0	0	0	NaN
1338	IMG00826.JPG	2.209	1.583	0	0	0	NaN
1339	IMG00826.JPG	3.287	1.507	0	0	0	NaN
1340	IMG00826.JPG	3.31	1.762	0	0	0	NaN
1341	IMG00826.JPG	2.296	1.554	0	0	0	NaN
1342	IMG00826.JPG	2.417	0.73	0	0	0	NaN
1343	IMG00826.JPG	3.009	0.701	0	0	0	NaN
1344	IMG00826.JPG	3.183	1.559	0	0	0	NaN