 	Label	X	Y	Circ.	AR	Round	Solidity
1	IMG00772.JPG	2.243	1.965	0	0	0	NaN
2	IMG00772.JPG	2.104	1.554	0	0	0	NaN
3	IMG00772.JPG	3.362	1.542	0	0	0	NaN
4	IMG00772.JPG	3.31	1.959	0	0	0	NaN
5	IMG00772.JPG	2.238	1.536	0	0	0	NaN
6	IMG00772.JPG	2.336	0.759	0	0	0	NaN
7	IMG00772.JPG	3.113	0.725	0	0	0	NaN
8	IMG00772.JPG	3.252	1.565	0	0	0	NaN
9	IMG00661.JPG	2.133	2.162	0	0	0	NaN
10	IMG00661.JPG	2.058	1.716	0	0	0	NaN
11	IMG00661.JPG	3.467	1.6	0	0	0	NaN
12	IMG00661.JPG	3.426	2.046	0	0	0	NaN
13	IMG00661.JPG	2.226	1.658	0	0	0	NaN
14	IMG00661.JPG	2.377	0.713	0	0	0	NaN
15	IMG00661.JPG	3.043	0.707	0	0	0	NaN
16	IMG00661.JPG	3.293	1.646	0	0	0	NaN
17	IMG00771.JPG	2.151	2.006	0	0	0	NaN
18	IMG00771.JPG	2.075	1.675	0	0	0	NaN
19	IMG00771.JPG	3.472	1.554	0	0	0	NaN
20	IMG00771.JPG	3.368	1.965	0	0	0	NaN
21	IMG00771.JPG	2.168	1.646	0	0	0	NaN
22	IMG00771.JPG	2.336	0.794	0	0	0	NaN
23	IMG00771.JPG	3.142	0.725	0	0	0	NaN
24	IMG00771.JPG	3.374	1.525	0	0	0	NaN
25	IMG00770.JPG	2.197	2	0	0	0	NaN
26	IMG00770.JPG	2.162	1.577	0	0	0	NaN
27	IMG00770.JPG	3.449	1.6	0	0	0	NaN
28	IMG00770.JPG	3.467	2.023	0	0	0	NaN
29	IMG00770.JPG	2.301	1.594	0	0	0	NaN
30	IMG00770.JPG	2.4	0.87	0	0	0	NaN
31	IMG00770.JPG	3.159	0.875	0	0	0	NaN
32	IMG00770.JPG	3.357	1.617	0	0	0	NaN
33	IMG00769.JPG	2.209	2.029	0	0	0	NaN
34	IMG00769.JPG	2.075	1.664	0	0	0	NaN
35	IMG00769.JPG	3.386	1.612	0	0	0	NaN
36	IMG00769.JPG	3.357	1.977	0	0	0	NaN
37	IMG00769.JPG	2.203	1.623	0	0	0	NaN
38	IMG00769.JPG	2.325	0.759	0	0	0	NaN
39	IMG00769.JPG	3.142	0.748	0	0	0	NaN
40	IMG00769.JPG	3.328	1.594	0	0	0	NaN
41	IMG00768.JPG	2.214	2.041	0	0	0	NaN
42	IMG00768.JPG	2.128	1.681	0	0	0	NaN
43	IMG00768.JPG	3.38	1.612	0	0	0	NaN
44	IMG00768.JPG	3.351	2.058	0	0	0	NaN
45	IMG00768.JPG	2.238	1.617	0	0	0	NaN
46	IMG00768.JPG	2.417	0.748	0	0	0	NaN
47	IMG00768.JPG	3.136	0.736	0	0	0	NaN
48	IMG00768.JPG	3.316	1.594	0	0	0	NaN
49	IMG00767.JPG	2.214	1.948	0	0	0	NaN
50	IMG00767.JPG	2.145	1.623	0	0	0	NaN
51	IMG00767.JPG	3.49	1.536	0	0	0	NaN
52	IMG00767.JPG	3.449	1.942	0	0	0	NaN
53	IMG00767.JPG	2.255	1.588	0	0	0	NaN
54	IMG00767.JPG	2.493	0.696	0	0	0	NaN
55	IMG00767.JPG	3.194	0.69	0	0	0	NaN
56	IMG00767.JPG	3.432	1.548	0	0	0	NaN
57	IMG00766.JPG	2.22	1.965	0	0	0	NaN
58	IMG00766.JPG	2.122	1.588	0	0	0	NaN
59	IMG00766.JPG	3.414	1.548	0	0	0	NaN
60	IMG00766.JPG	3.357	1.965	0	0	0	NaN
61	IMG00766.JPG	2.232	1.571	0	0	0	NaN
62	IMG00766.JPG	2.371	0.748	0	0	0	NaN
63	IMG00766.JPG	3.212	0.713	0	0	0	NaN
64	IMG00766.JPG	3.345	1.554	0	0	0	NaN
65	IMG00765.JPG	2.272	1.954	0	0	0	NaN
66	IMG00765.JPG	2.174	1.548	0	0	0	NaN
67	IMG00765.JPG	3.362	1.53	0	0	0	NaN
68	IMG00765.JPG	3.333	1.93	0	0	0	NaN
69	IMG00765.JPG	2.29	1.519	0	0	0	NaN
70	IMG00765.JPG	2.354	0.713	0	0	0	NaN
71	IMG00765.JPG	3.084	0.701	0	0	0	NaN
72	IMG00765.JPG	3.246	1.548	0	0	0	NaN
73	IMG00764.JPG	2.301	1.977	0	0	0	NaN
74	IMG00764.JPG	2.22	1.554	0	0	0	NaN
75	IMG00764.JPG	3.391	1.53	0	0	0	NaN
76	IMG00764.JPG	3.362	1.93	0	0	0	NaN
77	IMG00764.JPG	2.33	1.53	0	0	0	NaN
78	IMG00764.JPG	2.406	0.684	0	0	0	NaN
79	IMG00764.JPG	3.096	0.649	0	0	0	NaN
80	IMG00764.JPG	3.275	1.542	0	0	0	NaN
81	IMG00763.JPG	2.191	1.971	0	0	0	NaN
82	IMG00763.JPG	2.128	1.606	0	0	0	NaN
83	IMG00763.JPG	3.333	1.565	0	0	0	NaN
84	IMG00763.JPG	3.27	1.93	0	0	0	NaN
85	IMG00763.JPG	2.22	1.559	0	0	0	NaN
86	IMG00763.JPG	2.307	0.748	0	0	0	NaN
87	IMG00763.JPG	3.055	0.73	0	0	0	NaN
88	IMG00763.JPG	3.235	1.577	0	0	0	NaN
89	IMG00762.JPG	2.168	1.901	0	0	0	NaN
90	IMG00762.JPG	2.087	1.617	0	0	0	NaN
91	IMG00762.JPG	3.386	1.583	0	0	0	NaN
92	IMG00762.JPG	3.351	1.919	0	0	0	NaN
93	IMG00762.JPG	2.186	1.6	0	0	0	NaN
94	IMG00762.JPG	2.272	0.794	0	0	0	NaN
95	IMG00762.JPG	3.09	0.742	0	0	0	NaN
96	IMG00762.JPG	3.31	1.583	0	0	0	NaN
97	IMG00761.JPG	2.116	2.006	0	0	0	NaN
98	IMG00761.JPG	2.099	1.664	0	0	0	NaN
99	IMG00761.JPG	3.449	1.571	0	0	0	NaN
100	IMG00761.JPG	3.42	1.994	0	0	0	NaN
101	IMG00761.JPG	2.174	1.629	0	0	0	NaN
102	IMG00761.JPG	2.412	0.69	0	0	0	NaN
103	IMG00761.JPG	3.061	0.69	0	0	0	NaN
104	IMG00761.JPG	3.374	1.571	0	0	0	NaN
105	IMG00760.JPG	2.052	2.012	0	0	0	NaN
106	IMG00760.JPG	2.023	1.716	0	0	0	NaN
107	IMG00760.JPG	3.368	1.641	0	0	0	NaN
108	IMG00760.JPG	3.403	1.942	0	0	0	NaN
109	IMG00760.JPG	2.116	1.646	0	0	0	NaN
110	IMG00760.JPG	2.278	0.736	0	0	0	NaN
111	IMG00760.JPG	3.02	0.759	0	0	0	NaN
112	IMG00760.JPG	3.304	1.617	0	0	0	NaN
113	IMG00759.JPG	2.18	2.104	0	0	0	NaN
114	IMG00759.JPG	2.058	1.681	0	0	0	NaN
115	IMG00759.JPG	3.443	1.606	0	0	0	NaN
116	IMG00759.JPG	3.438	2.023	0	0	0	NaN
117	IMG00759.JPG	2.203	1.646	0	0	0	NaN
118	IMG00759.JPG	2.406	0.887	0	0	0	NaN
119	IMG00759.JPG	3.125	0.846	0	0	0	NaN
120	IMG00759.JPG	3.31	1.583	0	0	0	NaN
121	IMG00758.JPG	2.22	2.046	0	0	0	NaN
122	IMG00758.JPG	2.157	1.687	0	0	0	NaN
123	IMG00758.JPG	3.467	1.606	0	0	0	NaN
124	IMG00758.JPG	3.478	1.919	0	0	0	NaN
125	IMG00758.JPG	2.238	1.658	0	0	0	NaN
126	IMG00758.JPG	2.429	0.794	0	0	0	NaN
127	IMG00758.JPG	3.125	0.777	0	0	0	NaN
128	IMG00758.JPG	3.38	1.588	0	0	0	NaN
129	IMG00757.JPG	2.203	1.983	0	0	0	NaN
130	IMG00757.JPG	2.145	1.646	0	0	0	NaN
131	IMG00757.JPG	3.455	1.565	0	0	0	NaN
132	IMG00757.JPG	3.467	1.907	0	0	0	NaN
133	IMG00757.JPG	2.261	1.623	0	0	0	NaN
134	IMG00757.JPG	2.336	0.713	0	0	0	NaN
135	IMG00757.JPG	3.206	0.655	0	0	0	NaN
136	IMG00757.JPG	3.339	1.559	0	0	0	NaN
137	IMG00756.JPG	2.22	1.936	0	0	0	NaN
138	IMG00756.JPG	2.168	1.577	0	0	0	NaN
139	IMG00756.JPG	3.403	1.583	0	0	0	NaN
140	IMG00756.JPG	3.391	1.925	0	0	0	NaN
141	IMG00756.JPG	2.272	1.577	0	0	0	NaN
142	IMG00756.JPG	2.394	0.783	0	0	0	NaN
143	IMG00756.JPG	3.078	0.742	0	0	0	NaN
144	IMG00756.JPG	3.299	1.571	0	0	0	NaN
145	IMG00755.JPG	1.948	2.07	0	0	0	NaN
146	IMG00755.JPG	1.913	1.554	0	0	0	NaN
147	IMG00755.JPG	3.513	1.519	0	0	0	NaN
148	IMG00755.JPG	3.571	2.058	0	0	0	NaN
149	IMG00755.JPG	2.116	1.629	0	0	0	NaN
150	IMG00755.JPG	2.4	0.684	0	0	0	NaN
151	IMG00755.JPG	3.096	0.655	0	0	0	NaN
152	IMG00755.JPG	3.386	1.53	0	0	0	NaN
153	IMG00754.JPG	2.116	1.925	0	0	0	NaN
154	IMG00754.JPG	2.07	1.559	0	0	0	NaN
155	IMG00754.JPG	3.472	1.49	0	0	0	NaN
156	IMG00754.JPG	3.501	1.814	0	0	0	NaN
157	IMG00754.JPG	2.162	1.577	0	0	0	NaN
158	IMG00754.JPG	2.452	0.609	0	0	0	NaN
159	IMG00754.JPG	3.125	0.586	0	0	0	NaN
160	IMG00754.JPG	3.409	1.501	0	0	0	NaN
161	IMG00753.JPG	2.22	1.936	0	0	0	NaN
162	IMG00753.JPG	2.18	1.635	0	0	0	NaN
163	IMG00753.JPG	3.409	1.542	0	0	0	NaN
164	IMG00753.JPG	3.391	1.907	0	0	0	NaN
165	IMG00753.JPG	2.278	1.594	0	0	0	NaN
166	IMG00753.JPG	2.423	0.765	0	0	0	NaN
167	IMG00753.JPG	3.136	0.719	0	0	0	NaN
168	IMG00753.JPG	3.299	1.548	0	0	0	NaN
169	IMG00752.JPG	2.104	1.988	0	0	0	NaN
170	IMG00752.JPG	2.052	1.646	0	0	0	NaN
171	IMG00752.JPG	3.403	1.617	0	0	0	NaN
172	IMG00752.JPG	3.386	1.965	0	0	0	NaN
173	IMG00752.JPG	2.197	1.6	0	0	0	NaN
174	IMG00752.JPG	2.348	0.759	0	0	0	NaN
175	IMG00752.JPG	3.194	0.73	0	0	0	NaN
176	IMG00752.JPG	3.293	1.594	0	0	0	NaN
177	IMG00751.JPG	2.226	1.977	0	0	0	NaN
178	IMG00751.JPG	2.168	1.687	0	0	0	NaN
179	IMG00751.JPG	3.409	1.594	0	0	0	NaN
180	IMG00751.JPG	3.432	1.867	0	0	0	NaN
181	IMG00751.JPG	2.261	1.641	0	0	0	NaN
182	IMG00751.JPG	2.394	0.835	0	0	0	NaN
183	IMG00751.JPG	3.107	0.788	0	0	0	NaN
184	IMG00751.JPG	3.328	1.583	0	0	0	NaN
185	IMG00750.JPG	2.186	1.988	0	0	0	NaN
186	IMG00750.JPG	2.128	1.687	0	0	0	NaN
187	IMG00750.JPG	3.438	1.617	0	0	0	NaN
188	IMG00750.JPG	3.391	1.971	0	0	0	NaN
189	IMG00750.JPG	2.226	1.658	0	0	0	NaN
190	IMG00750.JPG	2.406	0.748	0	0	0	NaN
191	IMG00750.JPG	3.136	0.725	0	0	0	NaN
192	IMG00750.JPG	3.357	1.588	0	0	0	NaN
193	IMG00749.JPG	2.209	2.081	0	0	0	NaN
194	IMG00749.JPG	2.099	1.635	0	0	0	NaN
195	IMG00749.JPG	3.542	1.6	0	0	0	NaN
196	IMG00749.JPG	3.496	2.11	0	0	0	NaN
197	IMG00749.JPG	2.232	1.617	0	0	0	NaN
198	IMG00749.JPG	2.539	0.829	0	0	0	NaN
199	IMG00749.JPG	3.183	0.806	0	0	0	NaN
200	IMG00749.JPG	3.432	1.594	0	0	0	NaN
201	IMG00748.JPG	2.18	2.017	0	0	0	NaN
202	IMG00748.JPG	2.099	1.606	0	0	0	NaN
203	IMG00748.JPG	3.455	1.577	0	0	0	NaN
204	IMG00748.JPG	3.403	1.942	0	0	0	NaN
205	IMG00748.JPG	2.226	1.588	0	0	0	NaN
206	IMG00748.JPG	2.499	0.887	0	0	0	NaN
207	IMG00748.JPG	3.125	0.881	0	0	0	NaN
208	IMG00748.JPG	3.304	1.565	0	0	0	NaN
209	IMG00747.JPG	2.116	2.052	0	0	0	NaN
210	IMG00747.JPG	1.994	1.635	0	0	0	NaN
211	IMG00747.JPG	3.554	1.554	0	0	0	NaN
212	IMG00747.JPG	3.501	2.029	0	0	0	NaN
213	IMG00747.JPG	2.168	1.606	0	0	0	NaN
214	IMG00747.JPG	2.417	0.701	0	0	0	NaN
215	IMG00747.JPG	3.125	0.748	0	0	0	NaN
216	IMG00747.JPG	3.432	1.577	0	0	0	NaN
217	IMG00746.JPG	2.104	2.075	0	0	0	NaN
218	IMG00746.JPG	1.994	1.641	0	0	0	NaN
219	IMG00746.JPG	3.542	1.542	0	0	0	NaN
220	IMG00746.JPG	3.501	2.023	0	0	0	NaN
221	IMG00746.JPG	2.162	1.606	0	0	0	NaN
222	IMG00746.JPG	2.406	0.69	0	0	0	NaN
223	IMG00746.JPG	3.136	0.736	0	0	0	NaN
224	IMG00746.JPG	3.438	1.559	0	0	0	NaN
225	IMG00745.JPG	2.18	2.209	0	0	0	NaN
226	IMG00745.JPG	2.052	1.704	0	0	0	NaN
227	IMG00745.JPG	3.484	1.617	0	0	0	NaN
228	IMG00745.JPG	3.467	2.081	0	0	0	NaN
229	IMG00745.JPG	2.18	1.67	0	0	0	NaN
230	IMG00745.JPG	2.354	0.788	0	0	0	NaN
231	IMG00745.JPG	3.084	0.777	0	0	0	NaN
232	IMG00745.JPG	3.386	1.6	0	0	0	NaN
233	IMG00744.JPG	2.087	2.075	0	0	0	NaN
234	IMG00744.JPG	1.994	1.733	0	0	0	NaN
235	IMG00744.JPG	3.53	1.548	0	0	0	NaN
236	IMG00744.JPG	3.559	1.977	0	0	0	NaN
237	IMG00744.JPG	2.191	1.646	0	0	0	NaN
238	IMG00744.JPG	2.342	0.638	0	0	0	NaN
239	IMG00744.JPG	3.096	0.626	0	0	0	NaN
240	IMG00744.JPG	3.403	1.559	0	0	0	NaN
241	IMG00743.JPG	2.238	1.896	0	0	0	NaN
242	IMG00743.JPG	2.162	1.606	0	0	0	NaN
243	IMG00743.JPG	3.357	1.559	0	0	0	NaN
244	IMG00743.JPG	3.31	1.878	0	0	0	NaN
245	IMG00743.JPG	2.261	1.594	0	0	0	NaN
246	IMG00743.JPG	2.429	0.765	0	0	0	NaN
247	IMG00743.JPG	3.154	0.754	0	0	0	NaN
248	IMG00743.JPG	3.281	1.583	0	0	0	NaN
249	IMG00742.JPG	2.093	2.186	0	0	0	NaN
250	IMG00742.JPG	2.041	1.757	0	0	0	NaN
251	IMG00742.JPG	3.472	1.617	0	0	0	NaN
252	IMG00742.JPG	3.461	2.11	0	0	0	NaN
253	IMG00742.JPG	2.191	1.652	0	0	0	NaN
254	IMG00742.JPG	2.348	0.649	0	0	0	NaN
255	IMG00742.JPG	3.09	0.655	0	0	0	NaN
256	IMG00742.JPG	3.357	1.629	0	0	0	NaN
257	IMG00741.JPG	2.058	2.07	0	0	0	NaN
258	IMG00741.JPG	1.965	1.629	0	0	0	NaN
259	IMG00741.JPG	3.449	1.623	0	0	0	NaN
260	IMG00741.JPG	3.443	2.075	0	0	0	NaN
261	IMG00741.JPG	2.128	1.588	0	0	0	NaN
262	IMG00741.JPG	2.383	0.748	0	0	0	NaN
263	IMG00741.JPG	3.113	0.73	0	0	0	NaN
264	IMG00741.JPG	3.351	1.612	0	0	0	NaN
265	IMG00740.JPG	2.087	2.11	0	0	0	NaN
266	IMG00740.JPG	2	1.687	0	0	0	NaN
267	IMG00740.JPG	3.49	1.583	0	0	0	NaN
268	IMG00740.JPG	3.525	2.046	0	0	0	NaN
269	IMG00740.JPG	2.11	1.652	0	0	0	NaN
270	IMG00740.JPG	2.412	0.678	0	0	0	NaN
271	IMG00740.JPG	2.974	0.643	0	0	0	NaN
272	IMG00740.JPG	3.38	1.588	0	0	0	NaN
273	IMG00739.JPG	2.197	1.901	0	0	0	NaN
274	IMG00739.JPG	2.133	1.646	0	0	0	NaN
275	IMG00739.JPG	3.426	1.507	0	0	0	NaN
276	IMG00739.JPG	3.438	1.855	0	0	0	NaN
277	IMG00739.JPG	2.249	1.617	0	0	0	NaN
278	IMG00739.JPG	2.435	0.736	0	0	0	NaN
279	IMG00739.JPG	3.119	0.696	0	0	0	NaN
280	IMG00739.JPG	3.333	1.53	0	0	0	NaN
281	IMG00738.JPG	2.133	2.012	0	0	0	NaN
282	IMG00738.JPG	2.035	1.658	0	0	0	NaN
283	IMG00738.JPG	3.386	1.588	0	0	0	NaN
284	IMG00738.JPG	3.304	2	0	0	0	NaN
285	IMG00738.JPG	2.168	1.646	0	0	0	NaN
286	IMG00738.JPG	2.429	0.777	0	0	0	NaN
287	IMG00738.JPG	2.951	0.754	0	0	0	NaN
288	IMG00738.JPG	3.293	1.571	0	0	0	NaN
289	IMG00737.JPG	2.157	2.012	0	0	0	NaN
290	IMG00737.JPG	2.023	1.571	0	0	0	NaN
291	IMG00737.JPG	3.449	1.571	0	0	0	NaN
292	IMG00737.JPG	3.426	2.006	0	0	0	NaN
293	IMG00737.JPG	2.162	1.565	0	0	0	NaN
294	IMG00737.JPG	2.475	0.806	0	0	0	NaN
295	IMG00737.JPG	3.032	0.765	0	0	0	NaN
296	IMG00737.JPG	3.31	1.559	0	0	0	NaN
297	IMG00736.JPG	2.133	2.122	0	0	0	NaN
298	IMG00736.JPG	2.058	1.716	0	0	0	NaN
299	IMG00736.JPG	3.536	1.658	0	0	0	NaN
300	IMG00736.JPG	3.513	2.11	0	0	0	NaN
301	IMG00736.JPG	2.191	1.67	0	0	0	NaN
302	IMG00736.JPG	2.412	0.73	0	0	0	NaN
303	IMG00736.JPG	3.125	0.684	0	0	0	NaN
304	IMG00736.JPG	3.426	1.664	0	0	0	NaN
305	IMG00735.JPG	2.203	1.994	0	0	0	NaN
306	IMG00735.JPG	2.128	1.612	0	0	0	NaN
307	IMG00735.JPG	3.438	1.594	0	0	0	NaN
308	IMG00735.JPG	3.409	1.971	0	0	0	NaN
309	IMG00735.JPG	2.226	1.594	0	0	0	NaN
310	IMG00735.JPG	2.441	0.719	0	0	0	NaN
311	IMG00735.JPG	3.148	0.696	0	0	0	NaN
312	IMG00735.JPG	3.345	1.588	0	0	0	NaN
313	IMG00734.JPG	2.145	2.099	0	0	0	NaN
314	IMG00734.JPG	2.104	1.664	0	0	0	NaN
315	IMG00734.JPG	3.443	1.577	0	0	0	NaN
316	IMG00734.JPG	3.455	2.041	0	0	0	NaN
317	IMG00734.JPG	2.255	1.617	0	0	0	NaN
318	IMG00734.JPG	2.47	0.788	0	0	0	NaN
319	IMG00734.JPG	3.084	0.806	0	0	0	NaN
320	IMG00734.JPG	3.299	1.577	0	0	0	NaN
321	IMG00733.JPG	2.116	2.093	0	0	0	NaN
322	IMG00733.JPG	2.07	1.6	0	0	0	NaN
323	IMG00733.JPG	3.536	1.554	0	0	0	NaN
324	IMG00733.JPG	3.461	2.087	0	0	0	NaN
325	IMG00733.JPG	2.197	1.588	0	0	0	NaN
326	IMG00733.JPG	2.458	0.586	0	0	0	NaN
327	IMG00733.JPG	3.177	0.568	0	0	0	NaN
328	IMG00733.JPG	3.409	1.594	0	0	0	NaN
329	IMG00732.JPG	2.093	2.128	0	0	0	NaN
330	IMG00732.JPG	2.046	1.675	0	0	0	NaN
331	IMG00732.JPG	3.53	1.536	0	0	0	NaN
332	IMG00732.JPG	3.542	2.041	0	0	0	NaN
333	IMG00732.JPG	2.226	1.681	0	0	0	NaN
334	IMG00732.JPG	2.504	0.765	0	0	0	NaN
335	IMG00732.JPG	3.055	0.736	0	0	0	NaN
336	IMG00732.JPG	3.386	1.565	0	0	0	NaN
337	IMG00731.JPG	2.186	2.11	0	0	0	NaN
338	IMG00731.JPG	2.064	1.652	0	0	0	NaN
339	IMG00731.JPG	3.507	1.594	0	0	0	NaN
340	IMG00731.JPG	3.501	2.046	0	0	0	NaN
341	IMG00731.JPG	2.203	1.67	0	0	0	NaN
342	IMG00731.JPG	2.475	0.788	0	0	0	NaN
343	IMG00731.JPG	3.142	0.777	0	0	0	NaN
344	IMG00731.JPG	3.397	1.594	0	0	0	NaN
345	IMG00730.JPG	2.162	1.959	0	0	0	NaN
346	IMG00730.JPG	2.064	1.617	0	0	0	NaN
347	IMG00730.JPG	3.449	1.525	0	0	0	NaN
348	IMG00730.JPG	3.432	1.901	0	0	0	NaN
349	IMG00730.JPG	2.191	1.571	0	0	0	NaN
350	IMG00730.JPG	2.348	0.678	0	0	0	NaN
351	IMG00730.JPG	3.113	0.684	0	0	0	NaN
352	IMG00730.JPG	3.328	1.525	0	0	0	NaN
353	IMG00729.JPG	2.099	2.145	0	0	0	NaN
354	IMG00729.JPG	2.041	1.652	0	0	0	NaN
355	IMG00729.JPG	3.67	1.623	0	0	0	NaN
356	IMG00729.JPG	3.67	2.133	0	0	0	NaN
357	IMG00729.JPG	2.226	1.635	0	0	0	NaN
358	IMG00729.JPG	2.539	0.748	0	0	0	NaN
359	IMG00729.JPG	3.107	0.788	0	0	0	NaN
360	IMG00729.JPG	3.525	1.617	0	0	0	NaN
361	IMG00728.JPG	2.093	2.075	0	0	0	NaN
362	IMG00728.JPG	2.093	1.658	0	0	0	NaN
363	IMG00728.JPG	3.472	1.571	0	0	0	NaN
364	IMG00728.JPG	3.507	2.046	0	0	0	NaN
365	IMG00728.JPG	2.232	1.617	0	0	0	NaN
366	IMG00728.JPG	2.406	0.713	0	0	0	NaN
367	IMG00728.JPG	3.113	0.696	0	0	0	NaN
368	IMG00728.JPG	3.368	1.565	0	0	0	NaN
369	IMG00727.JPG	2.203	2.093	0	0	0	NaN
370	IMG00727.JPG	2.104	1.675	0	0	0	NaN
371	IMG00727.JPG	3.426	1.559	0	0	0	NaN
372	IMG00727.JPG	3.443	1.988	0	0	0	NaN
373	IMG00727.JPG	2.186	1.635	0	0	0	NaN
374	IMG00727.JPG	2.359	0.788	0	0	0	NaN
375	IMG00727.JPG	3.171	0.777	0	0	0	NaN
376	IMG00727.JPG	3.357	1.554	0	0	0	NaN
377	IMG00726.JPG	2.214	2.058	0	0	0	NaN
378	IMG00726.JPG	2.122	1.594	0	0	0	NaN
379	IMG00726.JPG	3.478	1.559	0	0	0	NaN
380	IMG00726.JPG	3.472	2.075	0	0	0	NaN
381	IMG00726.JPG	2.272	1.583	0	0	0	NaN
382	IMG00726.JPG	2.388	0.661	0	0	0	NaN
383	IMG00726.JPG	3.171	0.655	0	0	0	NaN
384	IMG00726.JPG	3.362	1.536	0	0	0	NaN
385	IMG00725.JPG	2.186	2.214	0	0	0	NaN
386	IMG00725.JPG	2.139	1.716	0	0	0	NaN
387	IMG00725.JPG	3.438	1.617	0	0	0	NaN
388	IMG00725.JPG	3.449	2.18	0	0	0	NaN
389	IMG00725.JPG	2.261	1.716	0	0	0	NaN
390	IMG00725.JPG	2.493	0.974	0	0	0	NaN
391	IMG00725.JPG	3.084	0.957	0	0	0	NaN
392	IMG00725.JPG	3.299	1.612	0	0	0	NaN
393	IMG00724.JPG	2.255	1.936	0	0	0	NaN
394	IMG00724.JPG	2.157	1.594	0	0	0	NaN
395	IMG00724.JPG	3.374	1.565	0	0	0	NaN
396	IMG00724.JPG	3.304	1.861	0	0	0	NaN
397	IMG00724.JPG	2.255	1.583	0	0	0	NaN
398	IMG00724.JPG	2.441	0.783	0	0	0	NaN
399	IMG00724.JPG	3.067	0.742	0	0	0	NaN
400	IMG00724.JPG	3.275	1.565	0	0	0	NaN
401	IMG00723.JPG	2.174	2.041	0	0	0	NaN
402	IMG00723.JPG	2.133	1.646	0	0	0	NaN
403	IMG00723.JPG	3.461	1.6	0	0	0	NaN
404	IMG00723.JPG	3.507	1.983	0	0	0	NaN
405	IMG00723.JPG	2.272	1.617	0	0	0	NaN
406	IMG00723.JPG	2.377	0.846	0	0	0	NaN
407	IMG00723.JPG	3.212	0.817	0	0	0	NaN
408	IMG00723.JPG	3.368	1.6	0	0	0	NaN
409	IMG00722.JPG	2.272	1.867	0	0	0	NaN
410	IMG00722.JPG	2.162	1.617	0	0	0	NaN
411	IMG00722.JPG	3.345	1.559	0	0	0	NaN
412	IMG00722.JPG	3.328	1.814	0	0	0	NaN
413	IMG00722.JPG	2.261	1.6	0	0	0	NaN
414	IMG00722.JPG	2.417	0.852	0	0	0	NaN
415	IMG00722.JPG	3.032	0.806	0	0	0	NaN
416	IMG00722.JPG	3.252	1.548	0	0	0	NaN
417	IMG00721.JPG	2.168	2.168	0	0	0	NaN
418	IMG00721.JPG	2.081	1.652	0	0	0	NaN
419	IMG00721.JPG	3.559	1.548	0	0	0	NaN
420	IMG00721.JPG	3.438	2.191	0	0	0	NaN
421	IMG00721.JPG	2.261	1.594	0	0	0	NaN
422	IMG00721.JPG	2.504	0.51	0	0	0	NaN
423	IMG00721.JPG	3.125	0.51	0	0	0	NaN
424	IMG00721.JPG	3.38	1.565	0	0	0	NaN
425	IMG00720.JPG	2.22	1.907	0	0	0	NaN
426	IMG00720.JPG	2.139	1.617	0	0	0	NaN
427	IMG00720.JPG	3.42	1.606	0	0	0	NaN
428	IMG00720.JPG	3.426	1.907	0	0	0	NaN
429	IMG00720.JPG	2.255	1.571	0	0	0	NaN
430	IMG00720.JPG	2.435	0.817	0	0	0	NaN
431	IMG00720.JPG	3.09	0.783	0	0	0	NaN
432	IMG00720.JPG	3.328	1.583	0	0	0	NaN
433	IMG00719.JPG	2.29	1.954	0	0	0	NaN
434	IMG00719.JPG	2.214	1.664	0	0	0	NaN
435	IMG00719.JPG	3.362	1.612	0	0	0	NaN
436	IMG00719.JPG	3.339	1.907	0	0	0	NaN
437	IMG00719.JPG	2.296	1.641	0	0	0	NaN
438	IMG00719.JPG	2.551	0.783	0	0	0	NaN
439	IMG00719.JPG	2.986	0.788	0	0	0	NaN
440	IMG00719.JPG	3.293	1.612	0	0	0	NaN
441	IMG00718.JPG	2.075	1.948	0	0	0	NaN
442	IMG00718.JPG	2.052	1.612	0	0	0	NaN
443	IMG00718.JPG	3.426	1.571	0	0	0	NaN
444	IMG00718.JPG	3.386	1.93	0	0	0	NaN
445	IMG00718.JPG	2.18	1.6	0	0	0	NaN
446	IMG00718.JPG	2.388	0.812	0	0	0	NaN
447	IMG00718.JPG	3.084	0.788	0	0	0	NaN
448	IMG00718.JPG	3.299	1.588	0	0	0	NaN
449	IMG00717.JPG	2.081	2.128	0	0	0	NaN
450	IMG00717.JPG	2.075	1.594	0	0	0	NaN
451	IMG00717.JPG	3.449	1.53	0	0	0	NaN
452	IMG00717.JPG	3.472	2.116	0	0	0	NaN
453	IMG00717.JPG	2.209	1.617	0	0	0	NaN
454	IMG00717.JPG	2.522	0.864	0	0	0	NaN
455	IMG00717.JPG	3.125	0.858	0	0	0	NaN
456	IMG00717.JPG	3.322	1.536	0	0	0	NaN
457	IMG00716.JPG	2.174	2.075	0	0	0	NaN
458	IMG00716.JPG	2.075	1.652	0	0	0	NaN
459	IMG00716.JPG	3.432	1.617	0	0	0	NaN
460	IMG00716.JPG	3.409	2.006	0	0	0	NaN
461	IMG00716.JPG	2.209	1.623	0	0	0	NaN
462	IMG00716.JPG	2.406	0.835	0	0	0	NaN
463	IMG00716.JPG	3.119	0.829	0	0	0	NaN
464	IMG00716.JPG	3.333	1.6	0	0	0	NaN
465	IMG00715.JPG	2.157	2.168	0	0	0	NaN
466	IMG00715.JPG	2.099	1.617	0	0	0	NaN
467	IMG00715.JPG	3.519	1.606	0	0	0	NaN
468	IMG00715.JPG	3.53	2.145	0	0	0	NaN
469	IMG00715.JPG	2.261	1.583	0	0	0	NaN
470	IMG00715.JPG	2.435	0.875	0	0	0	NaN
471	IMG00715.JPG	3.13	0.881	0	0	0	NaN
472	IMG00715.JPG	3.42	1.583	0	0	0	NaN
473	IMG00713.JPG	2.186	1.994	0	0	0	NaN
474	IMG00713.JPG	2.116	1.583	0	0	0	NaN
475	IMG00713.JPG	3.583	1.548	0	0	0	NaN
476	IMG00713.JPG	3.594	2.012	0	0	0	NaN
477	IMG00713.JPG	2.255	1.565	0	0	0	NaN
478	IMG00713.JPG	2.475	0.759	0	0	0	NaN
479	IMG00713.JPG	3.188	0.736	0	0	0	NaN
480	IMG00713.JPG	3.478	1.577	0	0	0	NaN
481	IMG00712.JPG	2.174	1.977	0	0	0	NaN
482	IMG00712.JPG	2.116	1.594	0	0	0	NaN
483	IMG00712.JPG	3.386	1.565	0	0	0	NaN
484	IMG00712.JPG	3.409	1.901	0	0	0	NaN
485	IMG00712.JPG	2.261	1.565	0	0	0	NaN
486	IMG00712.JPG	2.47	0.916	0	0	0	NaN
487	IMG00712.JPG	3.078	0.887	0	0	0	NaN
488	IMG00712.JPG	3.287	1.565	0	0	0	NaN
489	IMG00711.JPG	2.249	1.988	0	0	0	NaN
490	IMG00711.JPG	2.11	1.548	0	0	0	NaN
491	IMG00711.JPG	3.571	1.542	0	0	0	NaN
492	IMG00711.JPG	3.467	2.029	0	0	0	NaN
493	IMG00711.JPG	2.301	1.501	0	0	0	NaN
494	IMG00711.JPG	2.464	0.765	0	0	0	NaN
495	IMG00711.JPG	3.13	0.794	0	0	0	NaN
496	IMG00711.JPG	3.397	1.559	0	0	0	NaN
497	IMG00710.JPG	2.226	1.919	0	0	0	NaN
498	IMG00710.JPG	2.128	1.704	0	0	0	NaN
499	IMG00710.JPG	3.333	1.571	0	0	0	NaN
500	IMG00710.JPG	3.316	1.838	0	0	0	NaN
501	IMG00710.JPG	2.243	1.675	0	0	0	NaN
502	IMG00710.JPG	2.336	0.835	0	0	0	NaN
503	IMG00710.JPG	3.061	0.817	0	0	0	NaN
504	IMG00710.JPG	3.235	1.559	0	0	0	NaN
505	IMG00709.JPG	2.255	1.948	0	0	0	NaN
506	IMG00709.JPG	2.093	1.554	0	0	0	NaN
507	IMG00709.JPG	3.449	1.496	0	0	0	NaN
508	IMG00709.JPG	3.362	1.884	0	0	0	NaN
509	IMG00709.JPG	2.214	1.519	0	0	0	NaN
510	IMG00709.JPG	2.423	0.754	0	0	0	NaN
511	IMG00709.JPG	3.154	0.742	0	0	0	NaN
512	IMG00709.JPG	3.357	1.49	0	0	0	NaN
513	IMG00708.JPG	2.168	2.07	0	0	0	NaN
514	IMG00708.JPG	2.075	1.635	0	0	0	NaN
515	IMG00708.JPG	3.507	1.594	0	0	0	NaN
516	IMG00708.JPG	3.478	2.041	0	0	0	NaN
517	IMG00708.JPG	2.197	1.583	0	0	0	NaN
518	IMG00708.JPG	2.493	0.8	0	0	0	NaN
519	IMG00708.JPG	3.119	0.794	0	0	0	NaN
520	IMG00708.JPG	3.397	1.577	0	0	0	NaN
521	IMG00706.JPG	2.162	2.122	0	0	0	NaN
522	IMG00706.JPG	2.099	1.728	0	0	0	NaN
523	IMG00706.JPG	3.49	1.629	0	0	0	NaN
524	IMG00706.JPG	3.525	2.046	0	0	0	NaN
525	IMG00706.JPG	2.238	1.675	0	0	0	NaN
526	IMG00706.JPG	2.383	0.98	0	0	0	NaN
527	IMG00706.JPG	3.142	0.922	0	0	0	NaN
528	IMG00706.JPG	3.374	1.629	0	0	0	NaN
529	IMG00705.JPG	2.18	1.93	0	0	0	NaN
530	IMG00705.JPG	2.104	1.559	0	0	0	NaN
531	IMG00705.JPG	3.496	1.53	0	0	0	NaN
532	IMG00705.JPG	3.467	1.93	0	0	0	NaN
533	IMG00705.JPG	2.249	1.548	0	0	0	NaN
534	IMG00705.JPG	2.435	0.742	0	0	0	NaN
535	IMG00705.JPG	3.183	0.725	0	0	0	NaN
536	IMG00705.JPG	3.38	1.554	0	0	0	NaN
537	IMG00704.JPG	2.168	2.058	0	0	0	NaN
538	IMG00704.JPG	2.099	1.6	0	0	0	NaN
539	IMG00704.JPG	3.472	1.536	0	0	0	NaN
540	IMG00704.JPG	3.391	2.023	0	0	0	NaN
541	IMG00704.JPG	2.255	1.559	0	0	0	NaN
542	IMG00704.JPG	2.499	0.725	0	0	0	NaN
543	IMG00704.JPG	3.119	0.748	0	0	0	NaN
544	IMG00704.JPG	3.368	1.53	0	0	0	NaN
545	IMG00703.JPG	2.162	2.087	0	0	0	NaN
546	IMG00703.JPG	2.064	1.728	0	0	0	NaN
547	IMG00703.JPG	3.548	1.623	0	0	0	NaN
548	IMG00703.JPG	3.554	2.058	0	0	0	NaN
549	IMG00703.JPG	2.197	1.635	0	0	0	NaN
550	IMG00703.JPG	2.417	0.643	0	0	0	NaN
551	IMG00703.JPG	3.252	0.62	0	0	0	NaN
552	IMG00703.JPG	3.467	1.612	0	0	0	NaN
553	IMG00702.JPG	2.162	1.977	0	0	0	NaN
554	IMG00702.JPG	2.11	1.594	0	0	0	NaN
555	IMG00702.JPG	3.49	1.583	0	0	0	NaN
556	IMG00702.JPG	3.49	1.93	0	0	0	NaN
557	IMG00702.JPG	2.325	1.612	0	0	0	NaN
558	IMG00702.JPG	2.539	0.939	0	0	0	NaN
559	IMG00702.JPG	3.246	0.922	0	0	0	NaN
560	IMG00702.JPG	3.368	1.53	0	0	0	NaN
561	IMG00701.JPG	2.151	1.919	0	0	0	NaN
562	IMG00701.JPG	2.133	1.646	0	0	0	NaN
563	IMG00701.JPG	3.368	1.571	0	0	0	NaN
564	IMG00701.JPG	3.345	1.878	0	0	0	NaN
565	IMG00701.JPG	2.267	1.635	0	0	0	NaN
566	IMG00701.JPG	2.435	0.852	0	0	0	NaN
567	IMG00701.JPG	3.107	0.846	0	0	0	NaN
568	IMG00701.JPG	3.27	1.606	0	0	0	NaN
569	IMG00700.JPG	2.232	1.942	0	0	0	NaN
570	IMG00700.JPG	2.191	1.675	0	0	0	NaN
571	IMG00700.JPG	3.374	1.658	0	0	0	NaN
572	IMG00700.JPG	3.339	1.965	0	0	0	NaN
573	IMG00700.JPG	2.307	1.6	0	0	0	NaN
574	IMG00700.JPG	2.441	0.928	0	0	0	NaN
575	IMG00700.JPG	3.159	0.916	0	0	0	NaN
576	IMG00700.JPG	3.304	1.658	0	0	0	NaN
577	IMG00699.JPG	2.197	1.988	0	0	0	NaN
578	IMG00699.JPG	2.133	1.704	0	0	0	NaN
579	IMG00699.JPG	3.386	1.652	0	0	0	NaN
580	IMG00699.JPG	3.368	2	0	0	0	NaN
581	IMG00699.JPG	2.232	1.646	0	0	0	NaN
582	IMG00699.JPG	2.464	0.922	0	0	0	NaN
583	IMG00699.JPG	3.101	0.887	0	0	0	NaN
584	IMG00699.JPG	3.304	1.687	0	0	0	NaN
585	IMG00698.JPG	2.301	1.884	0	0	0	NaN
586	IMG00698.JPG	2.22	1.658	0	0	0	NaN
587	IMG00698.JPG	3.38	1.583	0	0	0	NaN
588	IMG00698.JPG	3.38	1.809	0	0	0	NaN
589	IMG00698.JPG	2.325	1.641	0	0	0	NaN
590	IMG00698.JPG	2.51	0.904	0	0	0	NaN
591	IMG00698.JPG	3.113	0.893	0	0	0	NaN
592	IMG00698.JPG	3.322	1.6	0	0	0	NaN
593	IMG00697.JPG	2.145	2.041	0	0	0	NaN
594	IMG00697.JPG	2.035	1.635	0	0	0	NaN
595	IMG00697.JPG	3.449	1.542	0	0	0	NaN
596	IMG00697.JPG	3.467	1.965	0	0	0	NaN
597	IMG00697.JPG	2.18	1.641	0	0	0	NaN
598	IMG00697.JPG	2.406	0.696	0	0	0	NaN
599	IMG00697.JPG	3.107	0.678	0	0	0	NaN
600	IMG00697.JPG	3.357	1.565	0	0	0	NaN
601	IMG00696.JPG	2.284	1.913	0	0	0	NaN
602	IMG00696.JPG	2.203	1.519	0	0	0	NaN
603	IMG00696.JPG	3.397	1.536	0	0	0	NaN
604	IMG00696.JPG	3.362	1.901	0	0	0	NaN
605	IMG00696.JPG	2.336	1.501	0	0	0	NaN
606	IMG00696.JPG	2.493	0.742	0	0	0	NaN
607	IMG00696.JPG	3.154	0.73	0	0	0	NaN
608	IMG00696.JPG	3.281	1.548	0	0	0	NaN
609	IMG00695.JPG	2.151	1.965	0	0	0	NaN
610	IMG00695.JPG	2.099	1.577	0	0	0	NaN
611	IMG00695.JPG	3.438	1.588	0	0	0	NaN
612	IMG00695.JPG	3.403	1.994	0	0	0	NaN
613	IMG00695.JPG	2.214	1.565	0	0	0	NaN
614	IMG00695.JPG	2.452	0.759	0	0	0	NaN
615	IMG00695.JPG	3.078	0.777	0	0	0	NaN
616	IMG00695.JPG	3.345	1.571	0	0	0	NaN
617	IMG00694.JPG	2.197	2.122	0	0	0	NaN
618	IMG00694.JPG	2.145	1.757	0	0	0	NaN
619	IMG00694.JPG	3.484	1.67	0	0	0	NaN
620	IMG00694.JPG	3.449	2.081	0	0	0	NaN
621	IMG00694.JPG	2.284	1.658	0	0	0	NaN
622	IMG00694.JPG	2.481	0.974	0	0	0	NaN
623	IMG00694.JPG	3.078	0.945	0	0	0	NaN
624	IMG00694.JPG	3.386	1.652	0	0	0	NaN
625	IMG00693.JPG	2.22	2.035	0	0	0	NaN
626	IMG00693.JPG	2.168	1.739	0	0	0	NaN
627	IMG00693.JPG	3.461	1.67	0	0	0	NaN
628	IMG00693.JPG	3.449	1.959	0	0	0	NaN
629	IMG00693.JPG	2.29	1.681	0	0	0	NaN
630	IMG00693.JPG	2.481	1.032	0	0	0	NaN
631	IMG00693.JPG	3.148	0.98	0	0	0	NaN
632	IMG00693.JPG	3.38	1.675	0	0	0	NaN
633	IMG00692.JPG	2.174	2.07	0	0	0	NaN
634	IMG00692.JPG	2.116	1.693	0	0	0	NaN
635	IMG00692.JPG	3.53	1.646	0	0	0	NaN
636	IMG00692.JPG	3.548	2.07	0	0	0	NaN
637	IMG00692.JPG	2.22	1.652	0	0	0	NaN
638	IMG00692.JPG	2.481	0.875	0	0	0	NaN
639	IMG00692.JPG	3.136	0.829	0	0	0	NaN
640	IMG00692.JPG	3.461	1.641	0	0	0	NaN
641	IMG00691.JPG	2.151	2.11	0	0	0	NaN
642	IMG00691.JPG	2.017	1.675	0	0	0	NaN
643	IMG00691.JPG	3.461	1.577	0	0	0	NaN
644	IMG00691.JPG	3.426	2.052	0	0	0	NaN
645	IMG00691.JPG	2.197	1.658	0	0	0	NaN
646	IMG00691.JPG	2.359	0.812	0	0	0	NaN
647	IMG00691.JPG	3.136	0.846	0	0	0	NaN
648	IMG00691.JPG	3.38	1.571	0	0	0	NaN
649	IMG00690.JPG	2.267	1.896	0	0	0	NaN
650	IMG00690.JPG	2.191	1.536	0	0	0	NaN
651	IMG00690.JPG	3.501	1.507	0	0	0	NaN
652	IMG00690.JPG	3.455	1.896	0	0	0	NaN
653	IMG00690.JPG	2.319	1.519	0	0	0	NaN
654	IMG00690.JPG	2.475	0.754	0	0	0	NaN
655	IMG00690.JPG	3.241	0.713	0	0	0	NaN
656	IMG00690.JPG	3.409	1.53	0	0	0	NaN
657	IMG00689.JPG	2.267	2.012	0	0	0	NaN
658	IMG00689.JPG	2.162	1.658	0	0	0	NaN
659	IMG00689.JPG	3.438	1.67	0	0	0	NaN
660	IMG00689.JPG	3.432	2.012	0	0	0	NaN
661	IMG00689.JPG	2.267	1.641	0	0	0	NaN
662	IMG00689.JPG	2.481	0.928	0	0	0	NaN
663	IMG00689.JPG	3.09	0.875	0	0	0	NaN
664	IMG00689.JPG	3.351	1.641	0	0	0	NaN
665	IMG00688.JPG	2.075	1.948	0	0	0	NaN
666	IMG00688.JPG	2.012	1.548	0	0	0	NaN
667	IMG00688.JPG	3.409	1.554	0	0	0	NaN
668	IMG00688.JPG	3.357	1.959	0	0	0	NaN
669	IMG00688.JPG	2.157	1.548	0	0	0	NaN
670	IMG00688.JPG	2.371	0.754	0	0	0	NaN
671	IMG00688.JPG	3.148	0.771	0	0	0	NaN
672	IMG00688.JPG	3.293	1.554	0	0	0	NaN
673	IMG00687.JPG	2.186	1.971	0	0	0	NaN
674	IMG00687.JPG	2.151	1.658	0	0	0	NaN
675	IMG00687.JPG	3.461	1.554	0	0	0	NaN
676	IMG00687.JPG	3.455	1.907	0	0	0	NaN
677	IMG00687.JPG	2.243	1.629	0	0	0	NaN
678	IMG00687.JPG	2.493	0.794	0	0	0	NaN
679	IMG00687.JPG	3.014	0.783	0	0	0	NaN
680	IMG00687.JPG	3.339	1.571	0	0	0	NaN
681	IMG00686.JPG	2.133	1.965	0	0	0	NaN
682	IMG00686.JPG	2.093	1.629	0	0	0	NaN
683	IMG00686.JPG	3.339	1.652	0	0	0	NaN
684	IMG00686.JPG	3.299	1.994	0	0	0	NaN
685	IMG00686.JPG	2.22	1.606	0	0	0	NaN
686	IMG00686.JPG	2.371	0.858	0	0	0	NaN
687	IMG00686.JPG	3.032	0.864	0	0	0	NaN
688	IMG00686.JPG	3.264	1.646	0	0	0	NaN
689	IMG00685.JPG	2.255	2.046	0	0	0	NaN
690	IMG00685.JPG	2.128	1.675	0	0	0	NaN
691	IMG00685.JPG	3.386	1.559	0	0	0	NaN
692	IMG00685.JPG	3.362	1.954	0	0	0	NaN
693	IMG00685.JPG	2.284	1.658	0	0	0	NaN
694	IMG00685.JPG	2.499	0.864	0	0	0	NaN
695	IMG00685.JPG	3.113	0.841	0	0	0	NaN
696	IMG00685.JPG	3.264	1.548	0	0	0	NaN
697	IMG00683.JPG	2.116	1.954	0	0	0	NaN
698	IMG00683.JPG	2.023	1.617	0	0	0	NaN
699	IMG00683.JPG	3.386	1.548	0	0	0	NaN
700	IMG00683.JPG	3.333	1.925	0	0	0	NaN
701	IMG00683.JPG	2.151	1.612	0	0	0	NaN
702	IMG00683.JPG	2.359	0.649	0	0	0	NaN
703	IMG00683.JPG	3.014	0.661	0	0	0	NaN
704	IMG00683.JPG	3.252	1.583	0	0	0	NaN
705	IMG00682.JPG	2.151	1.913	0	0	0	NaN
706	IMG00682.JPG	2.145	1.519	0	0	0	NaN
707	IMG00682.JPG	3.38	1.53	0	0	0	NaN
708	IMG00682.JPG	3.426	1.925	0	0	0	NaN
709	IMG00682.JPG	2.29	1.554	0	0	0	NaN
710	IMG00682.JPG	2.487	0.852	0	0	0	NaN
711	IMG00682.JPG	3.072	0.835	0	0	0	NaN
712	IMG00682.JPG	3.287	1.536	0	0	0	NaN
713	IMG00681.JPG	2.11	2.035	0	0	0	NaN
714	IMG00681.JPG	2.029	1.623	0	0	0	NaN
715	IMG00681.JPG	3.426	1.577	0	0	0	NaN
716	IMG00681.JPG	3.426	2	0	0	0	NaN
717	IMG00681.JPG	2.197	1.583	0	0	0	NaN
718	IMG00681.JPG	2.377	0.788	0	0	0	NaN
719	IMG00681.JPG	3.119	0.748	0	0	0	NaN
720	IMG00681.JPG	3.31	1.571	0	0	0	NaN
721	IMG00680.JPG	2.128	2.087	0	0	0	NaN
722	IMG00680.JPG	2.058	1.675	0	0	0	NaN
723	IMG00680.JPG	3.49	1.594	0	0	0	NaN
724	IMG00680.JPG	3.49	2.006	0	0	0	NaN
725	IMG00680.JPG	2.203	1.629	0	0	0	NaN
726	IMG00680.JPG	2.377	0.8	0	0	0	NaN
727	IMG00680.JPG	3.067	0.783	0	0	0	NaN
728	IMG00680.JPG	3.368	1.594	0	0	0	NaN
729	IMG00679.JPG	2.18	2.064	0	0	0	NaN
730	IMG00679.JPG	2.087	1.733	0	0	0	NaN
731	IMG00679.JPG	3.42	1.617	0	0	0	NaN
732	IMG00679.JPG	3.449	1.954	0	0	0	NaN
733	IMG00679.JPG	2.191	1.687	0	0	0	NaN
734	IMG00679.JPG	2.377	0.812	0	0	0	NaN
735	IMG00679.JPG	3.072	0.771	0	0	0	NaN
736	IMG00679.JPG	3.328	1.588	0	0	0	NaN
737	IMG00678.JPG	2.162	1.965	0	0	0	NaN
738	IMG00678.JPG	2.128	1.658	0	0	0	NaN
739	IMG00678.JPG	3.467	1.53	0	0	0	NaN
740	IMG00678.JPG	3.484	1.93	0	0	0	NaN
741	IMG00678.JPG	2.301	1.629	0	0	0	NaN
742	IMG00678.JPG	2.487	0.846	0	0	0	NaN
743	IMG00678.JPG	3.113	0.829	0	0	0	NaN
744	IMG00678.JPG	3.357	1.565	0	0	0	NaN
745	IMG00677.JPG	2.267	1.954	0	0	0	NaN
746	IMG00677.JPG	2.151	1.594	0	0	0	NaN
747	IMG00677.JPG	3.472	1.519	0	0	0	NaN
748	IMG00677.JPG	3.443	1.925	0	0	0	NaN
749	IMG00677.JPG	2.313	1.571	0	0	0	NaN
750	IMG00677.JPG	2.51	0.846	0	0	0	NaN
751	IMG00677.JPG	3.154	0.829	0	0	0	NaN
752	IMG00677.JPG	3.374	1.501	0	0	0	NaN
753	IMG00676.JPG	2.22	1.994	0	0	0	NaN
754	IMG00676.JPG	2.116	1.588	0	0	0	NaN
755	IMG00676.JPG	3.461	1.559	0	0	0	NaN
756	IMG00676.JPG	3.472	1.994	0	0	0	NaN
757	IMG00676.JPG	2.278	1.565	0	0	0	NaN
758	IMG00676.JPG	2.528	0.765	0	0	0	NaN
759	IMG00676.JPG	3.223	0.777	0	0	0	NaN
760	IMG00676.JPG	3.386	1.577	0	0	0	NaN
761	IMG00675.JPG	2.243	2.012	0	0	0	NaN
762	IMG00675.JPG	2.122	1.583	0	0	0	NaN
763	IMG00675.JPG	3.484	1.559	0	0	0	NaN
764	IMG00675.JPG	3.467	2.029	0	0	0	NaN
765	IMG00675.JPG	2.278	1.583	0	0	0	NaN
766	IMG00675.JPG	2.51	0.794	0	0	0	NaN
767	IMG00675.JPG	3.252	0.754	0	0	0	NaN
768	IMG00675.JPG	3.38	1.559	0	0	0	NaN
769	IMG00674.JPG	2.099	2.232	0	0	0	NaN
770	IMG00674.JPG	2.064	1.588	0	0	0	NaN
771	IMG00674.JPG	3.513	1.6	0	0	0	NaN
772	IMG00674.JPG	3.496	2.249	0	0	0	NaN
773	IMG00674.JPG	2.22	1.606	0	0	0	NaN
774	IMG00674.JPG	2.504	0.887	0	0	0	NaN
775	IMG00674.JPG	3.13	0.87	0	0	0	NaN
776	IMG00674.JPG	3.345	1.554	0	0	0	NaN
777	IMG00673.JPG	2.238	2.07	0	0	0	NaN
778	IMG00673.JPG	2.104	1.664	0	0	0	NaN
779	IMG00673.JPG	3.554	1.623	0	0	0	NaN
780	IMG00673.JPG	3.542	2.075	0	0	0	NaN
781	IMG00673.JPG	2.29	1.623	0	0	0	NaN
782	IMG00673.JPG	2.504	0.846	0	0	0	NaN
783	IMG00673.JPG	3.154	0.829	0	0	0	NaN
784	IMG00673.JPG	3.438	1.6	0	0	0	NaN
785	IMG00672.JPG	2.139	2.023	0	0	0	NaN
786	IMG00672.JPG	2.075	1.646	0	0	0	NaN
787	IMG00672.JPG	3.386	1.571	0	0	0	NaN
788	IMG00672.JPG	3.38	1.983	0	0	0	NaN
789	IMG00672.JPG	2.232	1.612	0	0	0	NaN
790	IMG00672.JPG	2.452	0.87	0	0	0	NaN
791	IMG00672.JPG	3.125	0.829	0	0	0	NaN
792	IMG00672.JPG	3.264	1.559	0	0	0	NaN
793	IMG00671.JPG	2.133	2.023	0	0	0	NaN
794	IMG00671.JPG	2.087	1.641	0	0	0	NaN
795	IMG00671.JPG	3.386	1.565	0	0	0	NaN
796	IMG00671.JPG	3.391	1.965	0	0	0	NaN
797	IMG00671.JPG	2.243	1.606	0	0	0	NaN
798	IMG00671.JPG	2.487	0.846	0	0	0	NaN
799	IMG00671.JPG	3.136	0.823	0	0	0	NaN
800	IMG00671.JPG	3.264	1.571	0	0	0	NaN
801	IMG00670.JPG	2.191	1.907	0	0	0	NaN
802	IMG00670.JPG	2.139	1.542	0	0	0	NaN
803	IMG00670.JPG	3.386	1.577	0	0	0	NaN
804	IMG00670.JPG	3.339	1.942	0	0	0	NaN
805	IMG00670.JPG	2.278	1.525	0	0	0	NaN
806	IMG00670.JPG	2.441	0.87	0	0	0	NaN
807	IMG00670.JPG	3.136	0.823	0	0	0	NaN
808	IMG00670.JPG	3.287	1.583	0	0	0	NaN
809	IMG00669.JPG	2.359	1.93	0	0	0	NaN
810	IMG00669.JPG	2.226	1.577	0	0	0	NaN
811	IMG00669.JPG	3.345	1.559	0	0	0	NaN
812	IMG00669.JPG	3.27	1.901	0	0	0	NaN
813	IMG00669.JPG	2.319	1.565	0	0	0	NaN
814	IMG00669.JPG	2.504	0.864	0	0	0	NaN
815	IMG00669.JPG	3.154	0.835	0	0	0	NaN
816	IMG00669.JPG	3.287	1.565	0	0	0	NaN
817	IMG00668.JPG	2.191	2.139	0	0	0	NaN
818	IMG00668.JPG	2.099	1.641	0	0	0	NaN
819	IMG00668.JPG	3.542	1.635	0	0	0	NaN
820	IMG00668.JPG	3.525	2.075	0	0	0	NaN
821	IMG00668.JPG	2.249	1.606	0	0	0	NaN
822	IMG00668.JPG	2.458	0.87	0	0	0	NaN
823	IMG00668.JPG	3.235	0.835	0	0	0	NaN
824	IMG00668.JPG	3.449	1.629	0	0	0	NaN
825	IMG00667.JPG	2.197	1.954	0	0	0	NaN
826	IMG00667.JPG	2.104	1.519	0	0	0	NaN
827	IMG00667.JPG	3.304	1.542	0	0	0	NaN
828	IMG00667.JPG	3.275	1.942	0	0	0	NaN
829	IMG00667.JPG	2.22	1.525	0	0	0	NaN
830	IMG00667.JPG	2.383	0.771	0	0	0	NaN
831	IMG00667.JPG	3.026	0.771	0	0	0	NaN
832	IMG00667.JPG	3.206	1.565	0	0	0	NaN
833	IMG00666.JPG	2.191	2.035	0	0	0	NaN
834	IMG00666.JPG	2.18	1.617	0	0	0	NaN
835	IMG00666.JPG	3.467	1.554	0	0	0	NaN
836	IMG00666.JPG	3.501	1.971	0	0	0	NaN
837	IMG00666.JPG	2.296	1.6	0	0	0	NaN
838	IMG00666.JPG	2.47	0.87	0	0	0	NaN
839	IMG00666.JPG	3.13	0.852	0	0	0	NaN
840	IMG00666.JPG	3.339	1.583	0	0	0	NaN
841	IMG00665.JPG	2.22	2.023	0	0	0	NaN
842	IMG00665.JPG	2.128	1.559	0	0	0	NaN
843	IMG00665.JPG	3.391	1.542	0	0	0	NaN
844	IMG00665.JPG	3.414	1.971	0	0	0	NaN
845	IMG00665.JPG	2.278	1.559	0	0	0	NaN
846	IMG00665.JPG	2.499	0.852	0	0	0	NaN
847	IMG00665.JPG	3.107	0.817	0	0	0	NaN
848	IMG00665.JPG	3.322	1.542	0	0	0	NaN
849	IMG00664.JPG	2.064	2.035	0	0	0	NaN
850	IMG00664.JPG	2.035	1.565	0	0	0	NaN
851	IMG00664.JPG	3.386	1.536	0	0	0	NaN
852	IMG00664.JPG	3.374	1.977	0	0	0	NaN
853	IMG00664.JPG	2.157	1.612	0	0	0	NaN
854	IMG00664.JPG	2.354	0.91	0	0	0	NaN
855	IMG00664.JPG	3.043	0.87	0	0	0	NaN
856	IMG00664.JPG	3.281	1.565	0	0	0	NaN
857	IMG00663.JPG	2.238	1.93	0	0	0	NaN
858	IMG00663.JPG	2.168	1.623	0	0	0	NaN
859	IMG00663.JPG	3.409	1.548	0	0	0	NaN
860	IMG00663.JPG	3.409	1.907	0	0	0	NaN
861	IMG00663.JPG	2.313	1.577	0	0	0	NaN
862	IMG00663.JPG	2.539	0.823	0	0	0	NaN
863	IMG00663.JPG	3.136	0.817	0	0	0	NaN
864	IMG00663.JPG	3.287	1.571	0	0	0	NaN
865	IMG00662.JPG	2.186	2.058	0	0	0	NaN
866	IMG00662.JPG	2.116	1.617	0	0	0	NaN
867	IMG00662.JPG	3.449	1.6	0	0	0	NaN
868	IMG00662.JPG	3.403	2.035	0	0	0	NaN
869	IMG00662.JPG	2.29	1.583	0	0	0	NaN
870	IMG00662.JPG	2.441	0.864	0	0	0	NaN
871	IMG00662.JPG	3.136	0.829	0	0	0	NaN
872	IMG00662.JPG	3.328	1.606	0	0	0	NaN
873	mIMG00714.tif	2.122	1.936	0	0	0	NaN
874	mIMG00714.tif	2.11	1.519	0	0	0	NaN
875	mIMG00714.tif	3.478	1.559	0	0	0	NaN
876	mIMG00714.tif	3.525	1.977	0	0	0	NaN
877	mIMG00714.tif	2.243	1.501	0	0	0	NaN
878	mIMG00714.tif	2.481	0.771	0	0	0	NaN
879	mIMG00714.tif	3.142	0.771	0	0	0	NaN
880	mIMG00714.tif	3.403	1.577	0	0	0	NaN
881	mIMG00707.tif	2.214	2.023	0	0	0	NaN
882	mIMG00707.tif	2.104	1.658	0	0	0	NaN
883	mIMG00707.tif	3.449	1.6	0	0	0	NaN
884	mIMG00707.tif	3.397	1.977	0	0	0	NaN
885	mIMG00707.tif	2.272	1.635	0	0	0	NaN
886	mIMG00707.tif	2.47	0.817	0	0	0	NaN
887	mIMG00707.tif	3.13	0.794	0	0	0	NaN
888	mIMG00707.tif	3.316	1.583	0	0	0	NaN
889	mIMG00684.tif	2.122	1.925	0	0	0	NaN
890	mIMG00684.tif	2.099	1.588	0	0	0	NaN
891	mIMG00684.tif	3.31	1.53	0	0	0	NaN
892	mIMG00684.tif	3.304	1.93	0	0	0	NaN
893	mIMG00684.tif	2.249	1.559	0	0	0	NaN
894	mIMG00684.tif	2.388	0.759	0	0	0	NaN
895	mIMG00684.tif	3.049	0.73	0	0	0	NaN
896	mIMG00684.tif	3.2	1.565	0	0	0	NaN