 	Label	X	Y	Circ.	AR	Round	Solidity
1	IMG02464.JPG	2.052	1.925	0	0	0	NaN
2	IMG02464.JPG	2.006	1.675	0	0	0	NaN
3	IMG02464.JPG	3.53	1.583	0	0	0	NaN
4	IMG02464.JPG	3.536	1.913	0	0	0	NaN
5	IMG02464.JPG	2.162	1.641	0	0	0	NaN
6	IMG02464.JPG	2.388	0.649	0	0	0	NaN
7	IMG02464.JPG	3.171	0.62	0	0	0	NaN
8	IMG02464.JPG	3.368	1.542	0	0	0	NaN
9	IMG02550.JPG	2.168	2.029	0	0	0	NaN
10	IMG02550.JPG	2.122	1.646	0	0	0	NaN
11	IMG02550.JPG	3.461	1.542	0	0	0	NaN
12	IMG02550.JPG	3.467	1.936	0	0	0	NaN
13	IMG02550.JPG	2.209	1.606	0	0	0	NaN
14	IMG02550.JPG	2.452	0.939	0	0	0	NaN
15	IMG02550.JPG	3.136	0.904	0	0	0	NaN
16	IMG02550.JPG	3.374	1.53	0	0	0	NaN
17	IMG02549.JPG	2.22	2.041	0	0	0	NaN
18	IMG02549.JPG	2.128	1.704	0	0	0	NaN
19	IMG02549.JPG	3.472	1.542	0	0	0	NaN
20	IMG02549.JPG	3.426	1.896	0	0	0	NaN
21	IMG02549.JPG	2.255	1.646	0	0	0	NaN
22	IMG02549.JPG	2.394	0.933	0	0	0	NaN
23	IMG02549.JPG	3.171	0.875	0	0	0	NaN
24	IMG02549.JPG	3.368	1.507	0	0	0	NaN
25	IMG02548.JPG	2.22	2.052	0	0	0	NaN
26	IMG02548.JPG	2.128	1.67	0	0	0	NaN
27	IMG02548.JPG	3.461	1.577	0	0	0	NaN
28	IMG02548.JPG	3.42	2	0	0	0	NaN
29	IMG02548.JPG	2.301	1.577	0	0	0	NaN
30	IMG02548.JPG	2.441	0.916	0	0	0	NaN
31	IMG02548.JPG	3.142	0.899	0	0	0	NaN
32	IMG02548.JPG	3.362	1.542	0	0	0	NaN
33	IMG02547.JPG	2.168	2.052	0	0	0	NaN
34	IMG02547.JPG	2.023	1.664	0	0	0	NaN
35	IMG02547.JPG	3.449	1.623	0	0	0	NaN
36	IMG02547.JPG	3.409	2.012	0	0	0	NaN
37	IMG02547.JPG	2.168	1.641	0	0	0	NaN
38	IMG02547.JPG	2.296	0.945	0	0	0	NaN
39	IMG02547.JPG	3.113	0.899	0	0	0	NaN
40	IMG02547.JPG	3.287	1.571	0	0	0	NaN
41	IMG02546.JPG	2.197	2.197	0	0	0	NaN
42	IMG02546.JPG	2.075	1.751	0	0	0	NaN
43	IMG02546.JPG	3.571	1.519	0	0	0	NaN
44	IMG02546.JPG	3.606	1.971	0	0	0	NaN
45	IMG02546.JPG	2.209	1.652	0	0	0	NaN
46	IMG02546.JPG	2.359	0.951	0	0	0	NaN
47	IMG02546.JPG	3.171	0.887	0	0	0	NaN
48	IMG02546.JPG	3.42	1.525	0	0	0	NaN
49	IMG02545.JPG	2.128	2.197	0	0	0	NaN
50	IMG02545.JPG	2.006	1.728	0	0	0	NaN
51	IMG02545.JPG	3.583	1.583	0	0	0	NaN
52	IMG02545.JPG	3.588	2.104	0	0	0	NaN
53	IMG02545.JPG	2.174	1.652	0	0	0	NaN
54	IMG02545.JPG	2.348	0.916	0	0	0	NaN
55	IMG02545.JPG	3.165	0.87	0	0	0	NaN
56	IMG02545.JPG	3.455	1.548	0	0	0	NaN
57	IMG02544.JPG	2.116	1.901	0	0	0	NaN
58	IMG02544.JPG	2.058	1.67	0	0	0	NaN
59	IMG02544.JPG	3.53	1.612	0	0	0	NaN
60	IMG02544.JPG	3.484	1.919	0	0	0	NaN
61	IMG02544.JPG	2.197	1.617	0	0	0	NaN
62	IMG02544.JPG	2.412	0.887	0	0	0	NaN
63	IMG02544.JPG	3.252	0.852	0	0	0	NaN
64	IMG02544.JPG	3.386	1.548	0	0	0	NaN
65	IMG02543.JPG	2.151	2.017	0	0	0	NaN
66	IMG02543.JPG	2.11	1.641	0	0	0	NaN
67	IMG02543.JPG	3.559	1.571	0	0	0	NaN
68	IMG02543.JPG	3.507	1.913	0	0	0	NaN
69	IMG02543.JPG	2.203	1.612	0	0	0	NaN
70	IMG02543.JPG	2.354	0.841	0	0	0	NaN
71	IMG02543.JPG	3.159	0.858	0	0	0	NaN
72	IMG02543.JPG	3.414	1.548	0	0	0	NaN
73	IMG02542.JPG	2.093	2.157	0	0	0	NaN
74	IMG02542.JPG	2.012	1.693	0	0	0	NaN
75	IMG02542.JPG	3.328	1.646	0	0	0	NaN
76	IMG02542.JPG	3.386	2.122	0	0	0	NaN
77	IMG02542.JPG	2.133	1.623	0	0	0	NaN
78	IMG02542.JPG	2.336	0.939	0	0	0	NaN
79	IMG02542.JPG	3.061	0.939	0	0	0	NaN
80	IMG02542.JPG	3.229	1.606	0	0	0	NaN
81	IMG02541.JPG	2.272	1.93	0	0	0	NaN
82	IMG02541.JPG	2.22	1.664	0	0	0	NaN
83	IMG02541.JPG	3.426	1.548	0	0	0	NaN
84	IMG02541.JPG	3.455	1.762	0	0	0	NaN
85	IMG02541.JPG	2.301	1.664	0	0	0	NaN
86	IMG02541.JPG	2.388	0.962	0	0	0	NaN
87	IMG02541.JPG	3.142	0.968	0	0	0	NaN
88	IMG02541.JPG	3.345	1.548	0	0	0	NaN
89	IMG02540.JPG	2.197	1.93	0	0	0	NaN
90	IMG02540.JPG	2.122	1.571	0	0	0	NaN
91	IMG02540.JPG	3.513	1.53	0	0	0	NaN
92	IMG02540.JPG	3.449	1.942	0	0	0	NaN
93	IMG02540.JPG	2.319	1.542	0	0	0	NaN
94	IMG02540.JPG	2.464	0.893	0	0	0	NaN
95	IMG02540.JPG	3.2	0.887	0	0	0	NaN
96	IMG02540.JPG	3.351	1.53	0	0	0	NaN
97	IMG02539.JPG	2.226	2.093	0	0	0	NaN
98	IMG02539.JPG	2.099	1.675	0	0	0	NaN
99	IMG02539.JPG	3.455	1.623	0	0	0	NaN
100	IMG02539.JPG	3.409	2.041	0	0	0	NaN
101	IMG02539.JPG	2.238	1.641	0	0	0	NaN
102	IMG02539.JPG	2.4	0.98	0	0	0	NaN
103	IMG02539.JPG	3.2	0.945	0	0	0	NaN
104	IMG02539.JPG	3.333	1.583	0	0	0	NaN
105	IMG02538.JPG	2.284	1.983	0	0	0	NaN
106	IMG02538.JPG	2.162	1.635	0	0	0	NaN
107	IMG02538.JPG	3.513	1.484	0	0	0	NaN
108	IMG02538.JPG	3.368	1.919	0	0	0	NaN
109	IMG02538.JPG	2.267	1.571	0	0	0	NaN
110	IMG02538.JPG	2.417	0.846	0	0	0	NaN
111	IMG02538.JPG	3.125	0.812	0	0	0	NaN
112	IMG02538.JPG	3.368	1.472	0	0	0	NaN
113	IMG02537.JPG	2.226	2.052	0	0	0	NaN
114	IMG02537.JPG	2.18	1.681	0	0	0	NaN
115	IMG02537.JPG	3.53	1.6	0	0	0	NaN
116	IMG02537.JPG	3.519	1.971	0	0	0	NaN
117	IMG02537.JPG	2.319	1.612	0	0	0	NaN
118	IMG02537.JPG	2.475	0.974	0	0	0	NaN
119	IMG02537.JPG	3.252	0.939	0	0	0	NaN
120	IMG02537.JPG	3.414	1.542	0	0	0	NaN
121	IMG02536.JPG	2.226	2.099	0	0	0	NaN
122	IMG02536.JPG	2.191	1.681	0	0	0	NaN
123	IMG02536.JPG	3.53	1.646	0	0	0	NaN
124	IMG02536.JPG	3.507	2.07	0	0	0	NaN
125	IMG02536.JPG	2.29	1.641	0	0	0	NaN
126	IMG02536.JPG	2.475	1.043	0	0	0	NaN
127	IMG02536.JPG	3.212	1.026	0	0	0	NaN
128	IMG02536.JPG	3.426	1.594	0	0	0	NaN
129	IMG02535.JPG	2.168	2.023	0	0	0	NaN
130	IMG02535.JPG	2.099	1.664	0	0	0	NaN
131	IMG02535.JPG	3.49	1.559	0	0	0	NaN
132	IMG02535.JPG	3.49	1.913	0	0	0	NaN
133	IMG02535.JPG	2.249	1.635	0	0	0	NaN
134	IMG02535.JPG	2.359	1.072	0	0	0	NaN
135	IMG02535.JPG	3.09	1.032	0	0	0	NaN
136	IMG02535.JPG	3.368	1.542	0	0	0	NaN
137	IMG02534.JPG	2.255	2.052	0	0	0	NaN
138	IMG02534.JPG	2.191	1.71	0	0	0	NaN
139	IMG02534.JPG	3.501	1.594	0	0	0	NaN
140	IMG02534.JPG	3.496	1.965	0	0	0	NaN
141	IMG02534.JPG	2.29	1.664	0	0	0	NaN
142	IMG02534.JPG	2.388	0.968	0	0	0	NaN
143	IMG02534.JPG	3.27	0.945	0	0	0	NaN
144	IMG02534.JPG	3.397	1.571	0	0	0	NaN
145	IMG02533.JPG	2.197	2.232	0	0	0	NaN
146	IMG02533.JPG	2.087	1.832	0	0	0	NaN
147	IMG02533.JPG	3.42	1.583	0	0	0	NaN
148	IMG02533.JPG	3.472	2	0	0	0	NaN
149	IMG02533.JPG	2.278	1.745	0	0	0	NaN
150	IMG02533.JPG	2.388	0.968	0	0	0	NaN
151	IMG02533.JPG	3.107	0.899	0	0	0	NaN
152	IMG02533.JPG	3.328	1.571	0	0	0	NaN
153	IMG02532.JPG	2.186	2.041	0	0	0	NaN
154	IMG02532.JPG	2.087	1.652	0	0	0	NaN
155	IMG02532.JPG	3.49	1.565	0	0	0	NaN
156	IMG02532.JPG	3.525	1.983	0	0	0	NaN
157	IMG02532.JPG	2.22	1.612	0	0	0	NaN
158	IMG02532.JPG	2.423	0.98	0	0	0	NaN
159	IMG02532.JPG	3.217	0.939	0	0	0	NaN
160	IMG02532.JPG	3.409	1.571	0	0	0	NaN
161	IMG02531.JPG	2.041	2.255	0	0	0	NaN
162	IMG02531.JPG	1.994	1.78	0	0	0	NaN
163	IMG02531.JPG	3.53	1.623	0	0	0	NaN
164	IMG02531.JPG	3.53	2.11	0	0	0	NaN
165	IMG02531.JPG	2.162	1.751	0	0	0	NaN
166	IMG02531.JPG	2.371	0.974	0	0	0	NaN
167	IMG02531.JPG	3.09	0.974	0	0	0	NaN
168	IMG02531.JPG	3.397	1.594	0	0	0	NaN
169	IMG02530.JPG	2.22	1.965	0	0	0	NaN
170	IMG02530.JPG	2.139	1.617	0	0	0	NaN
171	IMG02530.JPG	3.432	1.542	0	0	0	NaN
172	IMG02530.JPG	3.42	1.89	0	0	0	NaN
173	IMG02530.JPG	2.255	1.6	0	0	0	NaN
174	IMG02530.JPG	2.423	0.899	0	0	0	NaN
175	IMG02530.JPG	3.113	0.846	0	0	0	NaN
176	IMG02530.JPG	3.304	1.53	0	0	0	NaN
177	IMG02529.JPG	2.359	1.89	0	0	0	NaN
178	IMG02529.JPG	2.232	1.629	0	0	0	NaN
179	IMG02529.JPG	3.362	1.6	0	0	0	NaN
180	IMG02529.JPG	3.357	1.867	0	0	0	NaN
181	IMG02529.JPG	2.319	1.606	0	0	0	NaN
182	IMG02529.JPG	2.435	1.061	0	0	0	NaN
183	IMG02529.JPG	3.13	1.067	0	0	0	NaN
184	IMG02529.JPG	3.27	1.588	0	0	0	NaN
185	IMG02528.JPG	2.151	2.104	0	0	0	NaN
186	IMG02528.JPG	2.006	1.664	0	0	0	NaN
187	IMG02528.JPG	3.507	1.577	0	0	0	NaN
188	IMG02528.JPG	3.403	1.988	0	0	0	NaN
189	IMG02528.JPG	2.157	1.612	0	0	0	NaN
190	IMG02528.JPG	2.388	0.962	0	0	0	NaN
191	IMG02528.JPG	3.142	0.962	0	0	0	NaN
192	IMG02528.JPG	3.345	1.536	0	0	0	NaN
193	IMG02527.JPG	2.012	2.104	0	0	0	NaN
194	IMG02527.JPG	1.93	1.745	0	0	0	NaN
195	IMG02527.JPG	3.467	1.635	0	0	0	NaN
196	IMG02527.JPG	3.467	2.058	0	0	0	NaN
197	IMG02527.JPG	2.122	1.629	0	0	0	NaN
198	IMG02527.JPG	2.243	0.899	0	0	0	NaN
199	IMG02527.JPG	3.078	0.846	0	0	0	NaN
200	IMG02527.JPG	3.287	1.594	0	0	0	NaN
201	IMG02526.JPG	2.104	2	0	0	0	NaN
202	IMG02526.JPG	2.07	1.745	0	0	0	NaN
203	IMG02526.JPG	3.49	1.6	0	0	0	NaN
204	IMG02526.JPG	3.513	1.907	0	0	0	NaN
205	IMG02526.JPG	2.168	1.71	0	0	0	NaN
206	IMG02526.JPG	2.249	0.974	0	0	0	NaN
207	IMG02526.JPG	3.101	0.893	0	0	0	NaN
208	IMG02526.JPG	3.403	1.583	0	0	0	NaN
209	IMG02525.JPG	2.22	1.919	0	0	0	NaN
210	IMG02525.JPG	2.157	1.519	0	0	0	NaN
211	IMG02525.JPG	3.507	1.507	0	0	0	NaN
212	IMG02525.JPG	3.519	1.861	0	0	0	NaN
213	IMG02525.JPG	2.284	1.496	0	0	0	NaN
214	IMG02525.JPG	2.493	1.014	0	0	0	NaN
215	IMG02525.JPG	3.217	1.014	0	0	0	NaN
216	IMG02525.JPG	3.38	1.496	0	0	0	NaN
217	IMG02524.JPG	2.162	2.052	0	0	0	NaN
218	IMG02524.JPG	2.128	1.652	0	0	0	NaN
219	IMG02524.JPG	3.507	1.507	0	0	0	NaN
220	IMG02524.JPG	3.507	1.925	0	0	0	NaN
221	IMG02524.JPG	2.238	1.6	0	0	0	NaN
222	IMG02524.JPG	2.371	1.003	0	0	0	NaN
223	IMG02524.JPG	3.223	0.974	0	0	0	NaN
224	IMG02524.JPG	3.397	1.507	0	0	0	NaN
225	IMG02523.JPG	2.157	2.18	0	0	0	NaN
226	IMG02523.JPG	2.041	1.606	0	0	0	NaN
227	IMG02523.JPG	3.606	1.525	0	0	0	NaN
228	IMG02523.JPG	3.6	2.099	0	0	0	NaN
229	IMG02523.JPG	2.174	1.542	0	0	0	NaN
230	IMG02523.JPG	2.377	0.725	0	0	0	NaN
231	IMG02523.JPG	3.212	0.719	0	0	0	NaN
232	IMG02523.JPG	3.472	1.496	0	0	0	NaN
233	IMG02522.JPG	2.191	2.133	0	0	0	NaN
234	IMG02522.JPG	2.116	1.71	0	0	0	NaN
235	IMG02522.JPG	3.478	1.6	0	0	0	NaN
236	IMG02522.JPG	3.519	2.041	0	0	0	NaN
237	IMG02522.JPG	2.255	1.646	0	0	0	NaN
238	IMG02522.JPG	2.383	1.014	0	0	0	NaN
239	IMG02522.JPG	3.107	0.968	0	0	0	NaN
240	IMG02522.JPG	3.345	1.577	0	0	0	NaN
241	IMG02521.JPG	2.162	2.064	0	0	0	NaN
242	IMG02521.JPG	2.052	1.629	0	0	0	NaN
243	IMG02521.JPG	3.507	1.554	0	0	0	NaN
244	IMG02521.JPG	3.438	2	0	0	0	NaN
245	IMG02521.JPG	2.191	1.6	0	0	0	NaN
246	IMG02521.JPG	2.336	0.864	0	0	0	NaN
247	IMG02521.JPG	3.078	0.8	0	0	0	NaN
248	IMG02521.JPG	3.391	1.536	0	0	0	NaN
249	IMG02520.JPG	2.116	1.942	0	0	0	NaN
250	IMG02520.JPG	2.029	1.536	0	0	0	NaN
251	IMG02520.JPG	3.455	1.461	0	0	0	NaN
252	IMG02520.JPG	3.438	1.838	0	0	0	NaN
253	IMG02520.JPG	2.209	1.548	0	0	0	NaN
254	IMG02520.JPG	2.336	0.858	0	0	0	NaN
255	IMG02520.JPG	3.165	0.829	0	0	0	NaN
256	IMG02520.JPG	3.275	1.461	0	0	0	NaN
257	IMG02519.JPG	2.226	2.151	0	0	0	NaN
258	IMG02519.JPG	2.087	1.751	0	0	0	NaN
259	IMG02519.JPG	3.426	1.409	0	0	0	NaN
260	IMG02519.JPG	3.449	1.89	0	0	0	NaN
261	IMG02519.JPG	2.203	1.664	0	0	0	NaN
262	IMG02519.JPG	2.365	0.939	0	0	0	NaN
263	IMG02519.JPG	3.13	0.899	0	0	0	NaN
264	IMG02519.JPG	3.351	1.438	0	0	0	NaN
265	IMG02518.JPG	2.157	2.249	0	0	0	NaN
266	IMG02518.JPG	2.029	1.786	0	0	0	NaN
267	IMG02518.JPG	3.374	1.577	0	0	0	NaN
268	IMG02518.JPG	3.414	2.087	0	0	0	NaN
269	IMG02518.JPG	2.139	1.733	0	0	0	NaN
270	IMG02518.JPG	2.377	1.02	0	0	0	NaN
271	IMG02518.JPG	3.09	0.991	0	0	0	NaN
272	IMG02518.JPG	3.293	1.588	0	0	0	NaN
273	IMG02517.JPG	2.162	2.139	0	0	0	NaN
274	IMG02517.JPG	2.116	1.733	0	0	0	NaN
275	IMG02517.JPG	3.472	1.646	0	0	0	NaN
276	IMG02517.JPG	3.484	2.081	0	0	0	NaN
277	IMG02517.JPG	2.232	1.635	0	0	0	NaN
278	IMG02517.JPG	2.388	1.043	0	0	0	NaN
279	IMG02517.JPG	3.148	0.991	0	0	0	NaN
280	IMG02517.JPG	3.328	1.612	0	0	0	NaN
281	IMG02516.JPG	2.128	1.994	0	0	0	NaN
282	IMG02516.JPG	2.029	1.6	0	0	0	NaN
283	IMG02516.JPG	3.461	1.519	0	0	0	NaN
284	IMG02516.JPG	3.391	1.988	0	0	0	NaN
285	IMG02516.JPG	2.186	1.577	0	0	0	NaN
286	IMG02516.JPG	2.313	0.864	0	0	0	NaN
287	IMG02516.JPG	3.136	0.87	0	0	0	NaN
288	IMG02516.JPG	3.351	1.513	0	0	0	NaN
289	IMG02515.JPG	2.157	2.029	0	0	0	NaN
290	IMG02515.JPG	2.052	1.612	0	0	0	NaN
291	IMG02515.JPG	3.496	1.554	0	0	0	NaN
292	IMG02515.JPG	3.403	2.006	0	0	0	NaN
293	IMG02515.JPG	2.197	1.6	0	0	0	NaN
294	IMG02515.JPG	2.371	0.87	0	0	0	NaN
295	IMG02515.JPG	3.125	0.846	0	0	0	NaN
296	IMG02515.JPG	3.391	1.536	0	0	0	NaN
297	IMG02514.JPG	2.151	1.93	0	0	0	NaN
298	IMG02514.JPG	2.116	1.536	0	0	0	NaN
299	IMG02514.JPG	3.49	1.49	0	0	0	NaN
300	IMG02514.JPG	3.478	1.913	0	0	0	NaN
301	IMG02514.JPG	2.278	1.542	0	0	0	NaN
302	IMG02514.JPG	2.458	0.945	0	0	0	NaN
303	IMG02514.JPG	3.177	0.922	0	0	0	NaN
304	IMG02514.JPG	3.345	1.501	0	0	0	NaN
305	IMG02513.JPG	2.197	2.128	0	0	0	NaN
306	IMG02513.JPG	2.099	1.716	0	0	0	NaN
307	IMG02513.JPG	3.438	1.554	0	0	0	NaN
308	IMG02513.JPG	3.438	1.959	0	0	0	NaN
309	IMG02513.JPG	2.238	1.687	0	0	0	NaN
310	IMG02513.JPG	2.429	1.072	0	0	0	NaN
311	IMG02513.JPG	3.229	1.067	0	0	0	NaN
312	IMG02513.JPG	3.368	1.548	0	0	0	NaN
313	IMG02512.JPG	2.261	1.919	0	0	0	NaN
314	IMG02512.JPG	2.238	1.681	0	0	0	NaN
315	IMG02512.JPG	3.467	1.507	0	0	0	NaN
316	IMG02512.JPG	3.467	1.867	0	0	0	NaN
317	IMG02512.JPG	2.319	1.612	0	0	0	NaN
318	IMG02512.JPG	2.435	0.904	0	0	0	NaN
319	IMG02512.JPG	3.136	0.916	0	0	0	NaN
320	IMG02512.JPG	3.374	1.507	0	0	0	NaN
321	IMG02511.JPG	2.157	2.214	0	0	0	NaN
322	IMG02511.JPG	2.093	1.843	0	0	0	NaN
323	IMG02511.JPG	3.559	1.675	0	0	0	NaN
324	IMG02511.JPG	3.559	2.104	0	0	0	NaN
325	IMG02511.JPG	2.232	1.722	0	0	0	NaN
326	IMG02511.JPG	2.423	1.107	0	0	0	NaN
327	IMG02511.JPG	3.183	1.096	0	0	0	NaN
328	IMG02511.JPG	3.409	1.635	0	0	0	NaN
329	IMG02510.JPG	2.11	2.232	0	0	0	NaN
330	IMG02510.JPG	2.046	1.814	0	0	0	NaN
331	IMG02510.JPG	3.583	1.693	0	0	0	NaN
332	IMG02510.JPG	3.588	2.104	0	0	0	NaN
333	IMG02510.JPG	2.191	1.699	0	0	0	NaN
334	IMG02510.JPG	2.336	1.026	0	0	0	NaN
335	IMG02510.JPG	3.107	1.003	0	0	0	NaN
336	IMG02510.JPG	3.438	1.641	0	0	0	NaN
337	IMG02508.JPG	2.174	2.064	0	0	0	NaN
338	IMG02508.JPG	2.052	1.646	0	0	0	NaN
339	IMG02508.JPG	3.571	1.617	0	0	0	NaN
340	IMG02508.JPG	3.559	2.012	0	0	0	NaN
341	IMG02508.JPG	2.209	1.6	0	0	0	NaN
342	IMG02508.JPG	2.365	0.899	0	0	0	NaN
343	IMG02508.JPG	3.154	0.87	0	0	0	NaN
344	IMG02508.JPG	3.438	1.588	0	0	0	NaN
345	IMG02507.JPG	2.139	2.139	0	0	0	NaN
346	IMG02507.JPG	2.029	1.699	0	0	0	NaN
347	IMG02507.JPG	3.513	1.617	0	0	0	NaN
348	IMG02507.JPG	3.513	2.11	0	0	0	NaN
349	IMG02507.JPG	2.203	1.658	0	0	0	NaN
350	IMG02507.JPG	2.464	0.893	0	0	0	NaN
351	IMG02507.JPG	3.223	0.846	0	0	0	NaN
352	IMG02507.JPG	3.42	1.565	0	0	0	NaN
353	IMG02506.JPG	2.22	2.075	0	0	0	NaN
354	IMG02506.JPG	2.133	1.762	0	0	0	NaN
355	IMG02506.JPG	3.548	1.623	0	0	0	NaN
356	IMG02506.JPG	3.571	1.901	0	0	0	NaN
357	IMG02506.JPG	2.249	1.71	0	0	0	NaN
358	IMG02506.JPG	2.429	0.852	0	0	0	NaN
359	IMG02506.JPG	3.188	0.8	0	0	0	NaN
360	IMG02506.JPG	3.443	1.606	0	0	0	NaN
361	IMG02505.JPG	2.099	2.18	0	0	0	NaN
362	IMG02505.JPG	2.029	1.6	0	0	0	NaN
363	IMG02505.JPG	3.554	1.461	0	0	0	NaN
364	IMG02505.JPG	3.525	2.046	0	0	0	NaN
365	IMG02505.JPG	2.122	1.623	0	0	0	NaN
366	IMG02505.JPG	2.33	0.852	0	0	0	NaN
367	IMG02505.JPG	3.142	0.777	0	0	0	NaN
368	IMG02505.JPG	3.403	1.472	0	0	0	NaN
369	IMG02504.JPG	2.301	2.023	0	0	0	NaN
370	IMG02504.JPG	2.18	1.652	0	0	0	NaN
371	IMG02504.JPG	3.53	1.588	0	0	0	NaN
372	IMG02504.JPG	3.467	1.965	0	0	0	NaN
373	IMG02504.JPG	2.319	1.629	0	0	0	NaN
374	IMG02504.JPG	2.441	0.899	0	0	0	NaN
375	IMG02504.JPG	3.125	0.846	0	0	0	NaN
376	IMG02504.JPG	3.414	1.53	0	0	0	NaN
377	IMG02503.JPG	2.255	1.826	0	0	0	NaN
378	IMG02503.JPG	2.151	1.571	0	0	0	NaN
379	IMG02503.JPG	3.484	1.513	0	0	0	NaN
380	IMG02503.JPG	3.397	1.826	0	0	0	NaN
381	IMG02503.JPG	2.284	1.542	0	0	0	NaN
382	IMG02503.JPG	2.47	0.759	0	0	0	NaN
383	IMG02503.JPG	3.177	0.736	0	0	0	NaN
384	IMG02503.JPG	3.357	1.513	0	0	0	NaN
385	IMG02502.JPG	2.18	2.359	0	0	0	NaN
386	IMG02502.JPG	1.959	1.786	0	0	0	NaN
387	IMG02502.JPG	3.536	1.675	0	0	0	NaN
388	IMG02502.JPG	3.53	2.284	0	0	0	NaN
389	IMG02502.JPG	2.151	1.704	0	0	0	NaN
390	IMG02502.JPG	2.33	0.922	0	0	0	NaN
391	IMG02502.JPG	3.177	0.904	0	0	0	NaN
392	IMG02502.JPG	3.438	1.646	0	0	0	NaN
393	IMG02501.JPG	2.064	2.18	0	0	0	NaN
394	IMG02501.JPG	1.965	1.71	0	0	0	NaN
395	IMG02501.JPG	3.646	1.612	0	0	0	NaN
396	IMG02501.JPG	3.629	2.128	0	0	0	NaN
397	IMG02501.JPG	2.186	1.652	0	0	0	NaN
398	IMG02501.JPG	2.429	0.875	0	0	0	NaN
399	IMG02501.JPG	3.171	0.835	0	0	0	NaN
400	IMG02501.JPG	3.461	1.565	0	0	0	NaN
401	IMG02500.JPG	2.104	2.162	0	0	0	NaN
402	IMG02500.JPG	2.116	1.739	0	0	0	NaN
403	IMG02500.JPG	3.554	1.664	0	0	0	NaN
404	IMG02500.JPG	3.583	2.081	0	0	0	NaN
405	IMG02500.JPG	2.261	1.693	0	0	0	NaN
406	IMG02500.JPG	2.458	1.02	0	0	0	NaN
407	IMG02500.JPG	3.13	1.003	0	0	0	NaN
408	IMG02500.JPG	3.403	1.623	0	0	0	NaN
409	IMG02499.JPG	2.116	2.029	0	0	0	NaN
410	IMG02499.JPG	2.029	1.577	0	0	0	NaN
411	IMG02499.JPG	3.519	1.635	0	0	0	NaN
412	IMG02499.JPG	3.409	2.052	0	0	0	NaN
413	IMG02499.JPG	2.174	1.588	0	0	0	NaN
414	IMG02499.JPG	2.487	0.765	0	0	0	NaN
415	IMG02499.JPG	3.159	0.736	0	0	0	NaN
416	IMG02499.JPG	3.414	1.583	0	0	0	NaN
417	IMG02498.JPG	2.255	1.925	0	0	0	NaN
418	IMG02498.JPG	2.191	1.588	0	0	0	NaN
419	IMG02498.JPG	3.507	1.519	0	0	0	NaN
420	IMG02498.JPG	3.513	1.832	0	0	0	NaN
421	IMG02498.JPG	2.278	1.571	0	0	0	NaN
422	IMG02498.JPG	2.464	0.655	0	0	0	NaN
423	IMG02498.JPG	3.171	0.58	0	0	0	NaN
424	IMG02498.JPG	3.409	1.478	0	0	0	NaN
425	IMG02497.JPG	2.214	2.209	0	0	0	NaN
426	IMG02497.JPG	2.128	1.797	0	0	0	NaN
427	IMG02497.JPG	3.507	1.577	0	0	0	NaN
428	IMG02497.JPG	3.577	2.006	0	0	0	NaN
429	IMG02497.JPG	2.307	1.78	0	0	0	NaN
430	IMG02497.JPG	2.522	1.009	0	0	0	NaN
431	IMG02497.JPG	3.177	0.997	0	0	0	NaN
432	IMG02497.JPG	3.38	1.559	0	0	0	NaN
433	IMG02496.JPG	2.11	2.087	0	0	0	NaN
434	IMG02496.JPG	2.064	1.67	0	0	0	NaN
435	IMG02496.JPG	3.496	1.617	0	0	0	NaN
436	IMG02496.JPG	3.484	2.029	0	0	0	NaN
437	IMG02496.JPG	2.197	1.652	0	0	0	NaN
438	IMG02496.JPG	2.365	0.893	0	0	0	NaN
439	IMG02496.JPG	3.148	0.858	0	0	0	NaN
440	IMG02496.JPG	3.339	1.588	0	0	0	NaN
441	IMG02495.JPG	2.139	1.913	0	0	0	NaN
442	IMG02495.JPG	2.133	1.617	0	0	0	NaN
443	IMG02495.JPG	3.409	1.554	0	0	0	NaN
444	IMG02495.JPG	3.397	1.896	0	0	0	NaN
445	IMG02495.JPG	2.22	1.594	0	0	0	NaN
446	IMG02495.JPG	2.371	0.974	0	0	0	NaN
447	IMG02495.JPG	3.09	0.939	0	0	0	NaN
448	IMG02495.JPG	3.281	1.577	0	0	0	NaN
449	IMG02494.JPG	2.029	2.017	0	0	0	NaN
450	IMG02494.JPG	2.046	1.594	0	0	0	NaN
451	IMG02494.JPG	3.548	1.542	0	0	0	NaN
452	IMG02494.JPG	3.496	2.012	0	0	0	NaN
453	IMG02494.JPG	2.18	1.53	0	0	0	NaN
454	IMG02494.JPG	2.383	0.933	0	0	0	NaN
455	IMG02494.JPG	3.148	0.957	0	0	0	NaN
456	IMG02494.JPG	3.362	1.542	0	0	0	NaN
457	IMG02493.JPG	2.186	2.139	0	0	0	NaN
458	IMG02493.JPG	2.133	1.641	0	0	0	NaN
459	IMG02493.JPG	3.484	1.525	0	0	0	NaN
460	IMG02493.JPG	3.409	2.07	0	0	0	NaN
461	IMG02493.JPG	2.313	1.583	0	0	0	NaN
462	IMG02493.JPG	2.464	0.899	0	0	0	NaN
463	IMG02493.JPG	3.148	0.904	0	0	0	NaN
464	IMG02493.JPG	3.328	1.507	0	0	0	NaN
465	IMG02492.JPG	2.174	2.017	0	0	0	NaN
466	IMG02492.JPG	2.041	1.635	0	0	0	NaN
467	IMG02492.JPG	3.53	1.577	0	0	0	NaN
468	IMG02492.JPG	3.484	1.965	0	0	0	NaN
469	IMG02492.JPG	2.168	1.612	0	0	0	NaN
470	IMG02492.JPG	2.354	0.957	0	0	0	NaN
471	IMG02492.JPG	3.235	0.951	0	0	0	NaN
472	IMG02492.JPG	3.397	1.554	0	0	0	NaN
473	IMG02491.JPG	2.296	2.116	0	0	0	NaN
474	IMG02491.JPG	2.11	1.635	0	0	0	NaN
475	IMG02491.JPG	3.594	1.507	0	0	0	NaN
476	IMG02491.JPG	3.525	1.977	0	0	0	NaN
477	IMG02491.JPG	2.226	1.565	0	0	0	NaN
478	IMG02491.JPG	2.464	0.852	0	0	0	NaN
479	IMG02491.JPG	3.206	0.846	0	0	0	NaN
480	IMG02491.JPG	3.449	1.467	0	0	0	NaN
481	IMG02490.JPG	2.18	2.075	0	0	0	NaN
482	IMG02490.JPG	2.099	1.71	0	0	0	NaN
483	IMG02490.JPG	3.461	1.571	0	0	0	NaN
484	IMG02490.JPG	3.467	1.901	0	0	0	NaN
485	IMG02490.JPG	2.191	1.641	0	0	0	NaN
486	IMG02490.JPG	2.359	0.788	0	0	0	NaN
487	IMG02490.JPG	3.142	0.742	0	0	0	NaN
488	IMG02490.JPG	3.333	1.565	0	0	0	NaN
489	IMG02489.JPG	2.261	1.93	0	0	0	NaN
490	IMG02489.JPG	2.133	1.594	0	0	0	NaN
491	IMG02489.JPG	3.49	1.519	0	0	0	NaN
492	IMG02489.JPG	3.426	1.872	0	0	0	NaN
493	IMG02489.JPG	2.284	1.559	0	0	0	NaN
494	IMG02489.JPG	2.371	0.875	0	0	0	NaN
495	IMG02489.JPG	3.142	0.875	0	0	0	NaN
496	IMG02489.JPG	3.333	1.49	0	0	0	NaN
497	IMG02488.JPG	2.214	1.988	0	0	0	NaN
498	IMG02488.JPG	2.168	1.571	0	0	0	NaN
499	IMG02488.JPG	3.594	1.536	0	0	0	NaN
500	IMG02488.JPG	3.594	1.919	0	0	0	NaN
501	IMG02488.JPG	2.296	1.542	0	0	0	NaN
502	IMG02488.JPG	2.528	0.852	0	0	0	NaN
503	IMG02488.JPG	3.252	0.864	0	0	0	NaN
504	IMG02488.JPG	3.467	1.536	0	0	0	NaN
505	IMG02487.JPG	2.128	1.965	0	0	0	NaN
506	IMG02487.JPG	1.988	1.577	0	0	0	NaN
507	IMG02487.JPG	3.577	1.496	0	0	0	NaN
508	IMG02487.JPG	3.536	1.93	0	0	0	NaN
509	IMG02487.JPG	2.162	1.536	0	0	0	NaN
510	IMG02487.JPG	2.342	0.846	0	0	0	NaN
511	IMG02487.JPG	3.142	0.817	0	0	0	NaN
512	IMG02487.JPG	3.386	1.519	0	0	0	NaN
513	IMG02486.JPG	2.319	1.994	0	0	0	NaN
514	IMG02486.JPG	2.226	1.635	0	0	0	NaN
515	IMG02486.JPG	3.484	1.478	0	0	0	NaN
516	IMG02486.JPG	3.49	1.82	0	0	0	NaN
517	IMG02486.JPG	2.325	1.588	0	0	0	NaN
518	IMG02486.JPG	2.475	0.841	0	0	0	NaN
519	IMG02486.JPG	3.154	0.777	0	0	0	NaN
520	IMG02486.JPG	3.333	1.467	0	0	0	NaN
521	IMG02485.JPG	2.214	2.099	0	0	0	NaN
522	IMG02485.JPG	2.133	1.745	0	0	0	NaN
523	IMG02485.JPG	3.484	1.67	0	0	0	NaN
524	IMG02485.JPG	3.478	1.977	0	0	0	NaN
525	IMG02485.JPG	2.272	1.681	0	0	0	NaN
526	IMG02485.JPG	2.377	0.968	0	0	0	NaN
527	IMG02485.JPG	3.142	0.939	0	0	0	NaN
528	IMG02485.JPG	3.339	1.617	0	0	0	NaN
529	IMG02484.JPG	2.226	2.186	0	0	0	NaN
530	IMG02484.JPG	2.099	1.612	0	0	0	NaN
531	IMG02484.JPG	3.513	1.629	0	0	0	NaN
532	IMG02484.JPG	3.536	2.116	0	0	0	NaN
533	IMG02484.JPG	2.243	1.617	0	0	0	NaN
534	IMG02484.JPG	2.435	0.881	0	0	0	NaN
535	IMG02484.JPG	3.154	0.87	0	0	0	NaN
536	IMG02484.JPG	3.432	1.565	0	0	0	NaN
537	IMG02483.JPG	2.064	1.89	0	0	0	NaN
538	IMG02483.JPG	2.046	1.554	0	0	0	NaN
539	IMG02483.JPG	3.426	1.507	0	0	0	NaN
540	IMG02483.JPG	3.397	1.867	0	0	0	NaN
541	IMG02483.JPG	2.197	1.501	0	0	0	NaN
542	IMG02483.JPG	2.383	0.864	0	0	0	NaN
543	IMG02483.JPG	3.101	0.817	0	0	0	NaN
544	IMG02483.JPG	3.281	1.467	0	0	0	NaN
545	IMG02482.JPG	2.186	2.058	0	0	0	NaN
546	IMG02482.JPG	2.099	1.629	0	0	0	NaN
547	IMG02482.JPG	3.507	1.548	0	0	0	NaN
548	IMG02482.JPG	3.53	2.035	0	0	0	NaN
549	IMG02482.JPG	2.203	1.629	0	0	0	NaN
550	IMG02482.JPG	2.412	0.875	0	0	0	NaN
551	IMG02482.JPG	3.113	0.841	0	0	0	NaN
552	IMG02482.JPG	3.386	1.513	0	0	0	NaN
553	IMG02481.JPG	2.203	2.017	0	0	0	NaN
554	IMG02481.JPG	2.11	1.617	0	0	0	NaN
555	IMG02481.JPG	3.467	1.548	0	0	0	NaN
556	IMG02481.JPG	3.443	1.977	0	0	0	NaN
557	IMG02481.JPG	2.255	1.559	0	0	0	NaN
558	IMG02481.JPG	2.435	0.881	0	0	0	NaN
559	IMG02481.JPG	3.154	0.852	0	0	0	NaN
560	IMG02481.JPG	3.362	1.519	0	0	0	NaN
561	IMG02480.JPG	2.186	2.342	0	0	0	NaN
562	IMG02480.JPG	2.052	1.803	0	0	0	NaN
563	IMG02480.JPG	3.588	1.594	0	0	0	NaN
564	IMG02480.JPG	3.6	2.162	0	0	0	NaN
565	IMG02480.JPG	2.261	1.699	0	0	0	NaN
566	IMG02480.JPG	2.417	1.049	0	0	0	NaN
567	IMG02480.JPG	3.177	0.986	0	0	0	NaN
568	IMG02480.JPG	3.42	1.565	0	0	0	NaN
569	IMG02479.JPG	2.162	2.035	0	0	0	NaN
570	IMG02479.JPG	2.07	1.675	0	0	0	NaN
571	IMG02479.JPG	3.519	1.559	0	0	0	NaN
572	IMG02479.JPG	3.536	1.919	0	0	0	NaN
573	IMG02479.JPG	2.232	1.641	0	0	0	NaN
574	IMG02479.JPG	2.307	0.951	0	0	0	NaN
575	IMG02479.JPG	3.194	0.945	0	0	0	NaN
576	IMG02479.JPG	3.391	1.525	0	0	0	NaN
577	IMG02478.JPG	2.145	1.907	0	0	0	NaN
578	IMG02478.JPG	2.122	1.646	0	0	0	NaN
579	IMG02478.JPG	3.542	1.623	0	0	0	NaN
580	IMG02478.JPG	3.513	1.93	0	0	0	NaN
581	IMG02478.JPG	2.232	1.635	0	0	0	NaN
582	IMG02478.JPG	2.394	0.817	0	0	0	NaN
583	IMG02478.JPG	3.177	0.765	0	0	0	NaN
584	IMG02478.JPG	3.409	1.588	0	0	0	NaN
585	IMG02477.JPG	2.128	2.116	0	0	0	NaN
586	IMG02477.JPG	2.052	1.722	0	0	0	NaN
587	IMG02477.JPG	3.484	1.565	0	0	0	NaN
588	IMG02477.JPG	3.513	1.977	0	0	0	NaN
589	IMG02477.JPG	2.203	1.687	0	0	0	NaN
590	IMG02477.JPG	2.371	0.98	0	0	0	NaN
591	IMG02477.JPG	3.113	0.974	0	0	0	NaN
592	IMG02477.JPG	3.368	1.554	0	0	0	NaN
593	IMG02476.JPG	2.209	2.023	0	0	0	NaN
594	IMG02476.JPG	2.104	1.635	0	0	0	NaN
595	IMG02476.JPG	3.403	1.594	0	0	0	NaN
596	IMG02476.JPG	3.351	2.012	0	0	0	NaN
597	IMG02476.JPG	2.238	1.571	0	0	0	NaN
598	IMG02476.JPG	2.394	0.858	0	0	0	NaN
599	IMG02476.JPG	3.107	0.841	0	0	0	NaN
600	IMG02476.JPG	3.293	1.53	0	0	0	NaN
601	IMG02475.JPG	2.087	2.058	0	0	0	NaN
602	IMG02475.JPG	2.006	1.728	0	0	0	NaN
603	IMG02475.JPG	3.478	1.646	0	0	0	NaN
604	IMG02475.JPG	3.467	2.023	0	0	0	NaN
605	IMG02475.JPG	2.191	1.681	0	0	0	NaN
606	IMG02475.JPG	2.441	0.736	0	0	0	NaN
607	IMG02475.JPG	3.084	0.701	0	0	0	NaN
608	IMG02475.JPG	3.351	1.606	0	0	0	NaN
609	IMG02474.JPG	2.162	2.023	0	0	0	NaN
610	IMG02474.JPG	2.064	1.641	0	0	0	NaN
611	IMG02474.JPG	3.484	1.571	0	0	0	NaN
612	IMG02474.JPG	3.478	1.983	0	0	0	NaN
613	IMG02474.JPG	2.18	1.617	0	0	0	NaN
614	IMG02474.JPG	2.388	0.922	0	0	0	NaN
615	IMG02474.JPG	3.043	0.904	0	0	0	NaN
616	IMG02474.JPG	3.351	1.559	0	0	0	NaN
617	IMG02473.JPG	2.081	1.994	0	0	0	NaN
618	IMG02473.JPG	2.017	1.617	0	0	0	NaN
619	IMG02473.JPG	3.467	1.559	0	0	0	NaN
620	IMG02473.JPG	3.438	1.994	0	0	0	NaN
621	IMG02473.JPG	2.186	1.606	0	0	0	NaN
622	IMG02473.JPG	2.406	0.951	0	0	0	NaN
623	IMG02473.JPG	3.119	0.939	0	0	0	NaN
624	IMG02473.JPG	3.304	1.542	0	0	0	NaN
625	IMG02472.JPG	2.191	2.116	0	0	0	NaN
626	IMG02472.JPG	2.122	1.699	0	0	0	NaN
627	IMG02472.JPG	3.432	1.6	0	0	0	NaN
628	IMG02472.JPG	3.461	2.058	0	0	0	NaN
629	IMG02472.JPG	2.267	1.6	0	0	0	NaN
630	IMG02472.JPG	2.423	0.922	0	0	0	NaN
631	IMG02472.JPG	3.183	0.893	0	0	0	NaN
632	IMG02472.JPG	3.333	1.6	0	0	0	NaN
633	IMG02471.JPG	1.994	2.186	0	0	0	NaN
634	IMG02471.JPG	1.971	1.791	0	0	0	NaN
635	IMG02471.JPG	3.612	1.629	0	0	0	NaN
636	IMG02471.JPG	3.606	2.081	0	0	0	NaN
637	IMG02471.JPG	2.116	1.681	0	0	0	NaN
638	IMG02471.JPG	2.313	0.922	0	0	0	NaN
639	IMG02471.JPG	3.078	0.887	0	0	0	NaN
640	IMG02471.JPG	3.414	1.594	0	0	0	NaN
641	IMG02470.JPG	2.081	2.07	0	0	0	NaN
642	IMG02470.JPG	2.012	1.629	0	0	0	NaN
643	IMG02470.JPG	3.53	1.588	0	0	0	NaN
644	IMG02470.JPG	3.507	2.012	0	0	0	NaN
645	IMG02470.JPG	2.133	1.629	0	0	0	NaN
646	IMG02470.JPG	2.296	0.69	0	0	0	NaN
647	IMG02470.JPG	3.096	0.667	0	0	0	NaN
648	IMG02470.JPG	3.443	1.559	0	0	0	NaN
649	IMG02469.JPG	2.075	2.128	0	0	0	NaN
650	IMG02469.JPG	2.017	1.693	0	0	0	NaN
651	IMG02469.JPG	3.554	1.565	0	0	0	NaN
652	IMG02469.JPG	3.6	2.012	0	0	0	NaN
653	IMG02469.JPG	2.151	1.681	0	0	0	NaN
654	IMG02469.JPG	2.272	0.852	0	0	0	NaN
655	IMG02469.JPG	3.067	0.794	0	0	0	NaN
656	IMG02469.JPG	3.42	1.484	0	0	0	NaN
657	IMG02468.JPG	2.197	2.087	0	0	0	NaN
658	IMG02468.JPG	2.145	1.664	0	0	0	NaN
659	IMG02468.JPG	3.519	1.501	0	0	0	NaN
660	IMG02468.JPG	3.525	1.942	0	0	0	NaN
661	IMG02468.JPG	2.278	1.629	0	0	0	NaN
662	IMG02468.JPG	2.487	0.933	0	0	0	NaN
663	IMG02468.JPG	3.229	0.945	0	0	0	NaN
664	IMG02468.JPG	3.391	1.53	0	0	0	NaN
665	IMG02467.JPG	2.052	1.913	0	0	0	NaN
666	IMG02467.JPG	2.058	1.594	0	0	0	NaN
667	IMG02467.JPG	3.478	1.525	0	0	0	NaN
668	IMG02467.JPG	3.536	1.901	0	0	0	NaN
669	IMG02467.JPG	2.157	1.571	0	0	0	NaN
670	IMG02467.JPG	2.383	0.765	0	0	0	NaN
671	IMG02467.JPG	3.142	0.765	0	0	0	NaN
672	IMG02467.JPG	3.386	1.525	0	0	0	NaN
673	IMG02466.JPG	2.255	2.075	0	0	0	NaN
674	IMG02466.JPG	2.186	1.675	0	0	0	NaN
675	IMG02466.JPG	3.414	1.536	0	0	0	NaN
676	IMG02466.JPG	3.409	1.884	0	0	0	NaN
677	IMG02466.JPG	2.307	1.629	0	0	0	NaN
678	IMG02466.JPG	2.406	0.817	0	0	0	NaN
679	IMG02466.JPG	3.032	0.777	0	0	0	NaN
680	IMG02466.JPG	3.27	1.536	0	0	0	NaN
681	IMG02465.JPG	2.099	1.919	0	0	0	NaN
682	IMG02465.JPG	2.052	1.577	0	0	0	NaN
683	IMG02465.JPG	3.316	1.565	0	0	0	NaN
684	IMG02465.JPG	3.345	1.954	0	0	0	NaN
685	IMG02465.JPG	2.191	1.571	0	0	0	NaN
686	IMG02465.JPG	2.348	0.846	0	0	0	NaN
687	IMG02465.JPG	3.02	0.852	0	0	0	NaN
688	IMG02465.JPG	3.188	1.554	0	0	0	NaN
689	IMG02509.JPG	2.099	2.11	0	0	0	NaN
690	IMG02509.JPG	2.029	1.757	0	0	0	NaN
691	IMG02509.JPG	3.449	1.577	0	0	0	NaN
692	IMG02509.JPG	3.484	1.977	0	0	0	NaN
693	IMG02509.JPG	2.186	1.681	0	0	0	NaN
694	IMG02509.JPG	2.336	0.87	0	0	0	NaN
695	IMG02509.JPG	3.101	0.846	0	0	0	NaN
696	IMG02509.JPG	3.351	1.548	0	0	0	NaN
697	IMG02682.JPG	2.162	1.884	0	0	0	NaN
698	IMG02682.JPG	2.087	1.675	0	0	0	NaN
699	IMG02682.JPG	3.391	1.542	0	0	0	NaN
700	IMG02682.JPG	3.397	1.814	0	0	0	NaN
701	IMG02682.JPG	2.226	1.571	0	0	0	NaN
702	IMG02682.JPG	2.348	0.823	0	0	0	NaN
703	IMG02682.JPG	3.101	0.771	0	0	0	NaN
704	IMG02682.JPG	3.293	1.513	0	0	0	NaN
705	IMG02681.JPG	2.261	2.122	0	0	0	NaN
706	IMG02681.JPG	2.197	1.722	0	0	0	NaN
707	IMG02681.JPG	3.583	1.652	0	0	0	NaN
708	IMG02681.JPG	3.501	2.058	0	0	0	NaN
709	IMG02681.JPG	2.301	1.635	0	0	0	NaN
710	IMG02681.JPG	2.475	0.875	0	0	0	NaN
711	IMG02681.JPG	3.125	0.899	0	0	0	NaN
712	IMG02681.JPG	3.455	1.577	0	0	0	NaN
713	IMG02680.JPG	2.145	2.029	0	0	0	NaN
714	IMG02680.JPG	2.099	1.612	0	0	0	NaN
715	IMG02680.JPG	3.345	1.53	0	0	0	NaN
716	IMG02680.JPG	3.299	1.948	0	0	0	NaN
717	IMG02680.JPG	2.203	1.588	0	0	0	NaN
718	IMG02680.JPG	2.33	0.887	0	0	0	NaN
719	IMG02680.JPG	3.02	0.87	0	0	0	NaN
720	IMG02680.JPG	3.194	1.525	0	0	0	NaN
721	IMG02679.JPG	2.11	2.012	0	0	0	NaN
722	IMG02679.JPG	2.041	1.693	0	0	0	NaN
723	IMG02679.JPG	3.368	1.6	0	0	0	NaN
724	IMG02679.JPG	3.386	1.948	0	0	0	NaN
725	IMG02679.JPG	2.139	1.664	0	0	0	NaN
726	IMG02679.JPG	2.255	0.91	0	0	0	NaN
727	IMG02679.JPG	2.986	0.858	0	0	0	NaN
728	IMG02679.JPG	3.27	1.588	0	0	0	NaN
729	IMG02678.JPG	2.174	1.791	0	0	0	NaN
730	IMG02678.JPG	2.058	1.542	0	0	0	NaN
731	IMG02678.JPG	3.414	1.449	0	0	0	NaN
732	IMG02678.JPG	3.368	1.722	0	0	0	NaN
733	IMG02678.JPG	2.151	1.519	0	0	0	NaN
734	IMG02678.JPG	2.29	0.788	0	0	0	NaN
735	IMG02678.JPG	3.049	0.719	0	0	0	NaN
736	IMG02678.JPG	3.293	1.455	0	0	0	NaN
737	IMG02677.JPG	2.29	2	0	0	0	NaN
738	IMG02677.JPG	2.22	1.664	0	0	0	NaN
739	IMG02677.JPG	3.536	1.542	0	0	0	NaN
740	IMG02677.JPG	3.501	1.896	0	0	0	NaN
741	IMG02677.JPG	2.313	1.652	0	0	0	NaN
742	IMG02677.JPG	2.475	0.87	0	0	0	NaN
743	IMG02677.JPG	3.264	0.852	0	0	0	NaN
744	IMG02677.JPG	3.432	1.507	0	0	0	NaN
745	IMG02676.JPG	2.162	1.919	0	0	0	NaN
746	IMG02676.JPG	2.099	1.536	0	0	0	NaN
747	IMG02676.JPG	3.507	1.438	0	0	0	NaN
748	IMG02676.JPG	3.519	1.733	0	0	0	NaN
749	IMG02676.JPG	2.243	1.565	0	0	0	NaN
750	IMG02676.JPG	2.412	0.887	0	0	0	NaN
751	IMG02676.JPG	3.148	0.864	0	0	0	NaN
752	IMG02676.JPG	3.351	1.409	0	0	0	NaN
753	IMG02675.JPG	2.249	2.116	0	0	0	NaN
754	IMG02675.JPG	2.209	1.71	0	0	0	NaN
755	IMG02675.JPG	3.675	1.6	0	0	0	NaN
756	IMG02675.JPG	3.699	2.017	0	0	0	NaN
757	IMG02675.JPG	2.365	1.606	0	0	0	NaN
758	IMG02675.JPG	2.539	0.783	0	0	0	NaN
759	IMG02675.JPG	3.264	0.788	0	0	0	NaN
760	IMG02675.JPG	3.53	1.594	0	0	0	NaN
761	IMG02674.JPG	2.162	2.174	0	0	0	NaN
762	IMG02674.JPG	2.052	1.664	0	0	0	NaN
763	IMG02674.JPG	3.525	1.606	0	0	0	NaN
764	IMG02674.JPG	3.542	2.116	0	0	0	NaN
765	IMG02674.JPG	2.209	1.646	0	0	0	NaN
766	IMG02674.JPG	2.429	0.968	0	0	0	NaN
767	IMG02674.JPG	3.142	0.945	0	0	0	NaN
768	IMG02674.JPG	3.391	1.577	0	0	0	NaN
769	IMG02673.JPG	2.122	2.122	0	0	0	NaN
770	IMG02673.JPG	2.035	1.716	0	0	0	NaN
771	IMG02673.JPG	3.49	1.571	0	0	0	NaN
772	IMG02673.JPG	3.519	1.936	0	0	0	NaN
773	IMG02673.JPG	2.22	1.693	0	0	0	NaN
774	IMG02673.JPG	2.371	1.055	0	0	0	NaN
775	IMG02673.JPG	3.171	1.014	0	0	0	NaN
776	IMG02673.JPG	3.368	1.617	0	0	0	NaN
777	IMG02672.JPG	2.214	2.168	0	0	0	NaN
778	IMG02672.JPG	2.052	1.646	0	0	0	NaN
779	IMG02672.JPG	3.577	1.484	0	0	0	NaN
780	IMG02672.JPG	3.478	2.099	0	0	0	NaN
781	IMG02672.JPG	2.22	1.641	0	0	0	NaN
782	IMG02672.JPG	2.296	0.817	0	0	0	NaN
783	IMG02672.JPG	3.177	0.835	0	0	0	NaN
784	IMG02672.JPG	3.432	1.496	0	0	0	NaN
785	IMG02671.JPG	2.174	2	0	0	0	NaN
786	IMG02671.JPG	2.093	1.722	0	0	0	NaN
787	IMG02671.JPG	3.455	1.53	0	0	0	NaN
788	IMG02671.JPG	3.414	1.872	0	0	0	NaN
789	IMG02671.JPG	2.226	1.675	0	0	0	NaN
790	IMG02671.JPG	2.325	0.916	0	0	0	NaN
791	IMG02671.JPG	3.148	0.881	0	0	0	NaN
792	IMG02671.JPG	3.374	1.53	0	0	0	NaN
793	IMG02670.JPG	2.203	2.162	0	0	0	NaN
794	IMG02670.JPG	2.104	1.716	0	0	0	NaN
795	IMG02670.JPG	3.501	1.635	0	0	0	NaN
796	IMG02670.JPG	3.513	2.07	0	0	0	NaN
797	IMG02670.JPG	2.255	1.681	0	0	0	NaN
798	IMG02670.JPG	2.394	0.904	0	0	0	NaN
799	IMG02670.JPG	3.13	0.858	0	0	0	NaN
800	IMG02670.JPG	3.374	1.623	0	0	0	NaN
801	IMG02669.JPG	2.191	1.907	0	0	0	NaN
802	IMG02669.JPG	2.139	1.629	0	0	0	NaN
803	IMG02669.JPG	3.426	1.496	0	0	0	NaN
804	IMG02669.JPG	3.426	1.786	0	0	0	NaN
805	IMG02669.JPG	2.203	1.594	0	0	0	NaN
806	IMG02669.JPG	2.354	0.91	0	0	0	NaN
807	IMG02669.JPG	3.113	0.864	0	0	0	NaN
808	IMG02669.JPG	3.322	1.496	0	0	0	NaN
809	IMG02668.JPG	2.046	2.122	0	0	0	NaN
810	IMG02668.JPG	2.017	1.704	0	0	0	NaN
811	IMG02668.JPG	3.6	1.658	0	0	0	NaN
812	IMG02668.JPG	3.548	2.093	0	0	0	NaN
813	IMG02668.JPG	2.209	1.641	0	0	0	NaN
814	IMG02668.JPG	2.342	0.875	0	0	0	NaN
815	IMG02668.JPG	3.113	0.846	0	0	0	NaN
816	IMG02668.JPG	3.42	1.646	0	0	0	NaN
817	IMG02667.JPG	2.139	2.029	0	0	0	NaN
818	IMG02667.JPG	2.081	1.652	0	0	0	NaN
819	IMG02667.JPG	3.49	1.588	0	0	0	NaN
820	IMG02667.JPG	3.472	1.988	0	0	0	NaN
821	IMG02667.JPG	2.226	1.623	0	0	0	NaN
822	IMG02667.JPG	2.342	0.968	0	0	0	NaN
823	IMG02667.JPG	3.159	0.951	0	0	0	NaN
824	IMG02667.JPG	3.374	1.588	0	0	0	NaN
825	IMG02666.JPG	2.243	1.948	0	0	0	NaN
826	IMG02666.JPG	2.133	1.594	0	0	0	NaN
827	IMG02666.JPG	3.496	1.542	0	0	0	NaN
828	IMG02666.JPG	3.403	1.901	0	0	0	NaN
829	IMG02666.JPG	2.238	1.571	0	0	0	NaN
830	IMG02666.JPG	2.342	0.945	0	0	0	NaN
831	IMG02666.JPG	3.177	0.945	0	0	0	NaN
832	IMG02666.JPG	3.362	1.519	0	0	0	NaN
833	IMG02665.JPG	2.168	2.255	0	0	0	NaN
834	IMG02665.JPG	2.023	1.733	0	0	0	NaN
835	IMG02665.JPG	3.583	1.612	0	0	0	NaN
836	IMG02665.JPG	3.583	2.145	0	0	0	NaN
837	IMG02665.JPG	2.226	1.716	0	0	0	NaN
838	IMG02665.JPG	2.4	0.968	0	0	0	NaN
839	IMG02665.JPG	3.154	0.91	0	0	0	NaN
840	IMG02665.JPG	3.414	1.594	0	0	0	NaN
841	IMG02664.JPG	2.11	2.035	0	0	0	NaN
842	IMG02664.JPG	2.017	1.559	0	0	0	NaN
843	IMG02664.JPG	3.565	1.49	0	0	0	NaN
844	IMG02664.JPG	3.571	1.977	0	0	0	NaN
845	IMG02664.JPG	2.186	1.519	0	0	0	NaN
846	IMG02664.JPG	2.435	0.8	0	0	0	NaN
847	IMG02664.JPG	3.154	0.788	0	0	0	NaN
848	IMG02664.JPG	3.449	1.455	0	0	0	NaN
849	IMG02663.JPG	2.128	2.052	0	0	0	NaN
850	IMG02663.JPG	1.965	1.629	0	0	0	NaN
851	IMG02663.JPG	3.403	1.519	0	0	0	NaN
852	IMG02663.JPG	3.322	2.012	0	0	0	NaN
853	IMG02663.JPG	2.168	1.565	0	0	0	NaN
854	IMG02663.JPG	2.278	0.899	0	0	0	NaN
855	IMG02663.JPG	3.049	0.899	0	0	0	NaN
856	IMG02663.JPG	3.264	1.513	0	0	0	NaN
857	IMG02662.JPG	2.272	1.925	0	0	0	NaN
858	IMG02662.JPG	2.186	1.606	0	0	0	NaN
859	IMG02662.JPG	3.472	1.472	0	0	0	NaN
860	IMG02662.JPG	3.426	1.786	0	0	0	NaN
861	IMG02662.JPG	2.307	1.554	0	0	0	NaN
862	IMG02662.JPG	2.429	0.754	0	0	0	NaN
863	IMG02662.JPG	3.159	0.701	0	0	0	NaN
864	IMG02662.JPG	3.339	1.449	0	0	0	NaN
865	IMG02661.JPG	2.232	1.994	0	0	0	NaN
866	IMG02661.JPG	2.128	1.658	0	0	0	NaN
867	IMG02661.JPG	3.548	1.629	0	0	0	NaN
868	IMG02661.JPG	3.53	1.925	0	0	0	NaN
869	IMG02661.JPG	2.296	1.635	0	0	0	NaN
870	IMG02661.JPG	2.4	1.003	0	0	0	NaN
871	IMG02661.JPG	3.177	1.026	0	0	0	NaN
872	IMG02661.JPG	3.432	1.588	0	0	0	NaN
873	IMG02660.JPG	2.307	2.075	0	0	0	NaN
874	IMG02660.JPG	2.18	1.646	0	0	0	NaN
875	IMG02660.JPG	3.357	1.583	0	0	0	NaN
876	IMG02660.JPG	3.374	1.983	0	0	0	NaN
877	IMG02660.JPG	2.394	1.641	0	0	0	NaN
878	IMG02660.JPG	2.504	1.055	0	0	0	NaN
879	IMG02660.JPG	3.136	1.043	0	0	0	NaN
880	IMG02660.JPG	3.241	1.559	0	0	0	NaN
881	IMG02659.JPG	2.186	2.157	0	0	0	NaN
882	IMG02659.JPG	2.145	1.675	0	0	0	NaN
883	IMG02659.JPG	3.525	1.67	0	0	0	NaN
884	IMG02659.JPG	3.583	2.099	0	0	0	NaN
885	IMG02659.JPG	2.267	1.641	0	0	0	NaN
886	IMG02659.JPG	2.4	0.875	0	0	0	NaN
887	IMG02659.JPG	3.154	0.858	0	0	0	NaN
888	IMG02659.JPG	3.42	1.635	0	0	0	NaN
889	IMG02658.JPG	2.133	2.029	0	0	0	NaN
890	IMG02658.JPG	2.029	1.588	0	0	0	NaN
891	IMG02658.JPG	3.484	1.577	0	0	0	NaN
892	IMG02658.JPG	3.49	1.948	0	0	0	NaN
893	IMG02658.JPG	2.157	1.583	0	0	0	NaN
894	IMG02658.JPG	2.388	0.986	0	0	0	NaN
895	IMG02658.JPG	3.177	0.951	0	0	0	NaN
896	IMG02658.JPG	3.391	1.571	0	0	0	NaN
897	IMG02657.JPG	2.186	2.174	0	0	0	NaN
898	IMG02657.JPG	2.035	1.803	0	0	0	NaN
899	IMG02657.JPG	3.484	1.693	0	0	0	NaN
900	IMG02657.JPG	3.484	2.104	0	0	0	NaN
901	IMG02657.JPG	2.197	1.762	0	0	0	NaN
902	IMG02657.JPG	2.359	0.916	0	0	0	NaN
903	IMG02657.JPG	3.125	0.916	0	0	0	NaN
904	IMG02657.JPG	3.362	1.629	0	0	0	NaN
905	IMG02656.JPG	2.278	2.012	0	0	0	NaN
906	IMG02656.JPG	2.157	1.594	0	0	0	NaN
907	IMG02656.JPG	3.496	1.501	0	0	0	NaN
908	IMG02656.JPG	3.49	1.942	0	0	0	NaN
909	IMG02656.JPG	2.296	1.559	0	0	0	NaN
910	IMG02656.JPG	2.423	0.922	0	0	0	NaN
911	IMG02656.JPG	3.171	0.904	0	0	0	NaN
912	IMG02656.JPG	3.374	1.49	0	0	0	NaN
913	IMG02655.JPG	2.151	2.162	0	0	0	NaN
914	IMG02655.JPG	2.093	1.762	0	0	0	NaN
915	IMG02655.JPG	3.49	1.594	0	0	0	NaN
916	IMG02655.JPG	3.496	2.041	0	0	0	NaN
917	IMG02655.JPG	2.226	1.722	0	0	0	NaN
918	IMG02655.JPG	2.377	1.049	0	0	0	NaN
919	IMG02655.JPG	3.119	0.98	0	0	0	NaN
920	IMG02655.JPG	3.357	1.617	0	0	0	NaN
921	IMG02654.JPG	2.214	1.971	0	0	0	NaN
922	IMG02654.JPG	2.128	1.617	0	0	0	NaN
923	IMG02654.JPG	3.49	1.542	0	0	0	NaN
924	IMG02654.JPG	3.391	1.872	0	0	0	NaN
925	IMG02654.JPG	2.203	1.617	0	0	0	NaN
926	IMG02654.JPG	2.33	0.725	0	0	0	NaN
927	IMG02654.JPG	3.119	0.678	0	0	0	NaN
928	IMG02654.JPG	3.42	1.536	0	0	0	NaN
929	IMG02653.JPG	2.267	2.093	0	0	0	NaN
930	IMG02653.JPG	2.186	1.594	0	0	0	NaN
931	IMG02653.JPG	3.559	1.583	0	0	0	NaN
932	IMG02653.JPG	3.554	2.023	0	0	0	NaN
933	IMG02653.JPG	2.29	1.583	0	0	0	NaN
934	IMG02653.JPG	2.522	0.939	0	0	0	NaN
935	IMG02653.JPG	3.258	0.899	0	0	0	NaN
936	IMG02653.JPG	3.443	1.554	0	0	0	NaN
937	IMG02652.JPG	2.116	2.238	0	0	0	NaN
938	IMG02652.JPG	2.046	1.814	0	0	0	NaN
939	IMG02652.JPG	3.53	1.606	0	0	0	NaN
940	IMG02652.JPG	3.467	2.122	0	0	0	NaN
941	IMG02652.JPG	2.191	1.716	0	0	0	NaN
942	IMG02652.JPG	2.33	0.864	0	0	0	NaN
943	IMG02652.JPG	3.072	0.823	0	0	0	NaN
944	IMG02652.JPG	3.368	1.6	0	0	0	NaN
945	IMG02651.JPG	2.11	2.18	0	0	0	NaN
946	IMG02651.JPG	2.006	1.629	0	0	0	NaN
947	IMG02651.JPG	3.617	1.548	0	0	0	NaN
948	IMG02651.JPG	3.525	2.168	0	0	0	NaN
949	IMG02651.JPG	2.232	1.6	0	0	0	NaN
950	IMG02651.JPG	2.406	0.91	0	0	0	NaN
951	IMG02651.JPG	3.183	0.951	0	0	0	NaN
952	IMG02651.JPG	3.432	1.536	0	0	0	NaN
953	IMG02650.JPG	2.209	2.174	0	0	0	NaN
954	IMG02650.JPG	2.116	1.704	0	0	0	NaN
955	IMG02650.JPG	3.461	1.565	0	0	0	NaN
956	IMG02650.JPG	3.443	2.07	0	0	0	NaN
957	IMG02650.JPG	2.243	1.641	0	0	0	NaN
958	IMG02650.JPG	2.388	0.939	0	0	0	NaN
959	IMG02650.JPG	3.136	0.957	0	0	0	NaN
960	IMG02650.JPG	3.316	1.565	0	0	0	NaN
961	IMG02649.JPG	1.994	1.983	0	0	0	NaN
962	IMG02649.JPG	1.919	1.559	0	0	0	NaN
963	IMG02649.JPG	3.438	1.513	0	0	0	NaN
964	IMG02649.JPG	3.362	1.988	0	0	0	NaN
965	IMG02649.JPG	2.035	1.536	0	0	0	NaN
966	IMG02649.JPG	2.232	0.748	0	0	0	NaN
967	IMG02649.JPG	3.026	0.684	0	0	0	NaN
968	IMG02649.JPG	3.304	1.484	0	0	0	NaN
969	IMG02648.JPG	2.249	2.017	0	0	0	NaN
970	IMG02648.JPG	2.093	1.681	0	0	0	NaN
971	IMG02648.JPG	3.397	1.583	0	0	0	NaN
972	IMG02648.JPG	3.322	1.896	0	0	0	NaN
973	IMG02648.JPG	2.174	1.652	0	0	0	NaN
974	IMG02648.JPG	2.296	0.887	0	0	0	NaN
975	IMG02648.JPG	3.148	0.812	0	0	0	NaN
976	IMG02648.JPG	3.328	1.525	0	0	0	NaN
977	IMG02647.JPG	2.168	2.104	0	0	0	NaN
978	IMG02647.JPG	2.075	1.699	0	0	0	NaN
979	IMG02647.JPG	3.443	1.652	0	0	0	NaN
980	IMG02647.JPG	3.409	2.07	0	0	0	NaN
981	IMG02647.JPG	2.226	1.664	0	0	0	NaN
982	IMG02647.JPG	2.435	0.928	0	0	0	NaN
983	IMG02647.JPG	3.107	0.899	0	0	0	NaN
984	IMG02647.JPG	3.328	1.623	0	0	0	NaN
985	IMG02646.JPG	2.087	2.162	0	0	0	NaN
986	IMG02646.JPG	2.046	1.687	0	0	0	NaN
987	IMG02646.JPG	3.467	1.6	0	0	0	NaN
988	IMG02646.JPG	3.455	2.099	0	0	0	NaN
989	IMG02646.JPG	2.22	1.617	0	0	0	NaN
990	IMG02646.JPG	2.446	0.922	0	0	0	NaN
991	IMG02646.JPG	3.159	0.893	0	0	0	NaN
992	IMG02646.JPG	3.31	1.612	0	0	0	NaN
993	IMG02645.JPG	2.168	2.012	0	0	0	NaN
994	IMG02645.JPG	2.029	1.664	0	0	0	NaN
995	IMG02645.JPG	3.49	1.583	0	0	0	NaN
996	IMG02645.JPG	3.438	1.983	0	0	0	NaN
997	IMG02645.JPG	2.168	1.6	0	0	0	NaN
998	IMG02645.JPG	2.301	0.765	0	0	0	NaN
999	IMG02645.JPG	3.212	0.777	0	0	0	NaN
1000	IMG02645.JPG	3.386	1.542	0	0	0	NaN
1001	IMG02643.JPG	2.267	2.11	0	0	0	NaN
1002	IMG02643.JPG	2.093	1.786	0	0	0	NaN
1003	IMG02643.JPG	3.432	1.496	0	0	0	NaN
1004	IMG02643.JPG	3.432	1.93	0	0	0	NaN
1005	IMG02643.JPG	2.249	1.71	0	0	0	NaN
1006	IMG02643.JPG	2.249	0.957	0	0	0	NaN
1007	IMG02643.JPG	3.061	0.87	0	0	0	NaN
1008	IMG02643.JPG	3.304	1.484	0	0	0	NaN
1009	IMG02642.JPG	2.238	2.075	0	0	0	NaN
1010	IMG02642.JPG	2.081	1.762	0	0	0	NaN
1011	IMG02642.JPG	3.414	1.507	0	0	0	NaN
1012	IMG02642.JPG	3.414	1.919	0	0	0	NaN
1013	IMG02642.JPG	2.232	1.681	0	0	0	NaN
1014	IMG02642.JPG	2.301	1.032	0	0	0	NaN
1015	IMG02642.JPG	3.078	0.957	0	0	0	NaN
1016	IMG02642.JPG	3.293	1.507	0	0	0	NaN
1017	IMG02641.JPG	2.162	2.168	0	0	0	NaN
1018	IMG02641.JPG	2.029	1.583	0	0	0	NaN
1019	IMG02641.JPG	3.577	1.571	0	0	0	NaN
1020	IMG02641.JPG	3.49	2.081	0	0	0	NaN
1021	IMG02641.JPG	2.22	1.571	0	0	0	NaN
1022	IMG02641.JPG	2.499	0.875	0	0	0	NaN
1023	IMG02641.JPG	3.177	0.875	0	0	0	NaN
1024	IMG02641.JPG	3.357	1.519	0	0	0	NaN
1025	IMG02640.JPG	2.191	1.907	0	0	0	NaN
1026	IMG02640.JPG	2.214	1.554	0	0	0	NaN
1027	IMG02640.JPG	3.467	1.519	0	0	0	NaN
1028	IMG02640.JPG	3.414	1.78	0	0	0	NaN
1029	IMG02640.JPG	2.348	1.536	0	0	0	NaN
1030	IMG02640.JPG	2.417	0.8	0	0	0	NaN
1031	IMG02640.JPG	3.194	0.777	0	0	0	NaN
1032	IMG02640.JPG	3.362	1.478	0	0	0	NaN
1033	IMG02639.JPG	2.249	1.994	0	0	0	NaN
1034	IMG02639.JPG	2.122	1.722	0	0	0	NaN
1035	IMG02639.JPG	3.449	1.612	0	0	0	NaN
1036	IMG02639.JPG	3.409	1.977	0	0	0	NaN
1037	IMG02639.JPG	2.255	1.658	0	0	0	NaN
1038	IMG02639.JPG	2.377	0.951	0	0	0	NaN
1039	IMG02639.JPG	3.096	0.893	0	0	0	NaN
1040	IMG02639.JPG	3.27	1.583	0	0	0	NaN
1041	IMG02638.JPG	2.284	1.901	0	0	0	NaN
1042	IMG02638.JPG	2.209	1.594	0	0	0	NaN
1043	IMG02638.JPG	3.449	1.53	0	0	0	NaN
1044	IMG02638.JPG	3.438	1.843	0	0	0	NaN
1045	IMG02638.JPG	2.307	1.577	0	0	0	NaN
1046	IMG02638.JPG	2.464	0.887	0	0	0	NaN
1047	IMG02638.JPG	3.206	0.87	0	0	0	NaN
1048	IMG02638.JPG	3.339	1.525	0	0	0	NaN
1049	IMG02637.JPG	2.267	1.977	0	0	0	NaN
1050	IMG02637.JPG	2.243	1.675	0	0	0	NaN
1051	IMG02637.JPG	3.507	1.577	0	0	0	NaN
1052	IMG02637.JPG	3.501	1.913	0	0	0	NaN
1053	IMG02637.JPG	2.325	1.617	0	0	0	NaN
1054	IMG02637.JPG	2.325	0.864	0	0	0	NaN
1055	IMG02637.JPG	3.241	0.846	0	0	0	NaN
1056	IMG02637.JPG	3.345	1.577	0	0	0	NaN
1057	IMG02636.JPG	2.284	1.913	0	0	0	NaN
1058	IMG02636.JPG	2.186	1.571	0	0	0	NaN
1059	IMG02636.JPG	3.426	1.536	0	0	0	NaN
1060	IMG02636.JPG	3.403	1.814	0	0	0	NaN
1061	IMG02636.JPG	2.307	1.588	0	0	0	NaN
1062	IMG02636.JPG	2.441	0.962	0	0	0	NaN
1063	IMG02636.JPG	3.096	0.945	0	0	0	NaN
1064	IMG02636.JPG	3.328	1.554	0	0	0	NaN
1065	IMG02635.JPG	2.191	2.104	0	0	0	NaN
1066	IMG02635.JPG	2.075	1.699	0	0	0	NaN
1067	IMG02635.JPG	3.583	1.704	0	0	0	NaN
1068	IMG02635.JPG	3.519	2.075	0	0	0	NaN
1069	IMG02635.JPG	2.168	1.658	0	0	0	NaN
1070	IMG02635.JPG	2.429	0.846	0	0	0	NaN
1071	IMG02635.JPG	3.177	0.864	0	0	0	NaN
1072	IMG02635.JPG	3.443	1.612	0	0	0	NaN
1073	IMG02634.JPG	2.052	1.983	0	0	0	NaN
1074	IMG02634.JPG	1.948	1.623	0	0	0	NaN
1075	IMG02634.JPG	3.606	1.583	0	0	0	NaN
1076	IMG02634.JPG	3.548	2	0	0	0	NaN
1077	IMG02634.JPG	2.18	1.588	0	0	0	NaN
1078	IMG02634.JPG	2.394	0.875	0	0	0	NaN
1079	IMG02634.JPG	3.217	0.829	0	0	0	NaN
1080	IMG02634.JPG	3.426	1.542	0	0	0	NaN
1081	IMG02633.JPG	2.116	2.151	0	0	0	NaN
1082	IMG02633.JPG	2.081	1.641	0	0	0	NaN
1083	IMG02633.JPG	3.49	1.588	0	0	0	NaN
1084	IMG02633.JPG	3.472	2.035	0	0	0	NaN
1085	IMG02633.JPG	2.174	1.612	0	0	0	NaN
1086	IMG02633.JPG	2.4	0.887	0	0	0	NaN
1087	IMG02633.JPG	3.084	0.846	0	0	0	NaN
1088	IMG02633.JPG	3.386	1.565	0	0	0	NaN
1089	IMG02632.JPG	2.093	2.052	0	0	0	NaN
1090	IMG02632.JPG	2.064	1.617	0	0	0	NaN
1091	IMG02632.JPG	3.484	1.525	0	0	0	NaN
1092	IMG02632.JPG	3.438	1.942	0	0	0	NaN
1093	IMG02632.JPG	2.162	1.559	0	0	0	NaN
1094	IMG02632.JPG	2.33	0.759	0	0	0	NaN
1095	IMG02632.JPG	3.154	0.765	0	0	0	NaN
1096	IMG02632.JPG	3.374	1.525	0	0	0	NaN
1097	IMG02631.JPG	2.11	2.029	0	0	0	NaN
1098	IMG02631.JPG	1.936	1.658	0	0	0	NaN
1099	IMG02631.JPG	3.42	1.536	0	0	0	NaN
1100	IMG02631.JPG	3.316	1.983	0	0	0	NaN
1101	IMG02631.JPG	2.075	1.606	0	0	0	NaN
1102	IMG02631.JPG	2.267	0.713	0	0	0	NaN
1103	IMG02631.JPG	3.084	0.719	0	0	0	NaN
1104	IMG02631.JPG	3.316	1.559	0	0	0	NaN
1105	IMG02630.JPG	2.168	1.988	0	0	0	NaN
1106	IMG02630.JPG	2.046	1.606	0	0	0	NaN
1107	IMG02630.JPG	3.443	1.565	0	0	0	NaN
1108	IMG02630.JPG	3.38	1.965	0	0	0	NaN
1109	IMG02630.JPG	2.151	1.542	0	0	0	NaN
1110	IMG02630.JPG	2.313	0.725	0	0	0	NaN
1111	IMG02630.JPG	3.154	0.701	0	0	0	NaN
1112	IMG02630.JPG	3.368	1.525	0	0	0	NaN
1113	IMG02629.JPG	2.203	1.983	0	0	0	NaN
1114	IMG02629.JPG	2.07	1.594	0	0	0	NaN
1115	IMG02629.JPG	3.391	1.496	0	0	0	NaN
1116	IMG02629.JPG	3.368	1.919	0	0	0	NaN
1117	IMG02629.JPG	2.214	1.519	0	0	0	NaN
1118	IMG02629.JPG	2.417	0.788	0	0	0	NaN
1119	IMG02629.JPG	3.107	0.707	0	0	0	NaN
1120	IMG02629.JPG	3.27	1.455	0	0	0	NaN
1121	IMG02628.JPG	2.128	1.936	0	0	0	NaN
1122	IMG02628.JPG	2.035	1.536	0	0	0	NaN
1123	IMG02628.JPG	3.525	1.519	0	0	0	NaN
1124	IMG02628.JPG	3.484	1.942	0	0	0	NaN
1125	IMG02628.JPG	2.191	1.478	0	0	0	NaN
1126	IMG02628.JPG	2.354	0.91	0	0	0	NaN
1127	IMG02628.JPG	3.275	0.852	0	0	0	NaN
1128	IMG02628.JPG	3.42	1.478	0	0	0	NaN
1129	IMG02627.JPG	2.174	2.012	0	0	0	NaN
1130	IMG02627.JPG	2.064	1.623	0	0	0	NaN
1131	IMG02627.JPG	3.449	1.559	0	0	0	NaN
1132	IMG02627.JPG	3.414	1.983	0	0	0	NaN
1133	IMG02627.JPG	2.157	1.559	0	0	0	NaN
1134	IMG02627.JPG	2.313	0.783	0	0	0	NaN
1135	IMG02627.JPG	3.159	0.748	0	0	0	NaN
1136	IMG02627.JPG	3.362	1.507	0	0	0	NaN
1137	IMG02626.JPG	2.203	2.046	0	0	0	NaN
1138	IMG02626.JPG	2.087	1.652	0	0	0	NaN
1139	IMG02626.JPG	3.513	1.519	0	0	0	NaN
1140	IMG02626.JPG	3.467	1.948	0	0	0	NaN
1141	IMG02626.JPG	2.214	1.606	0	0	0	NaN
1142	IMG02626.JPG	2.33	0.864	0	0	0	NaN
1143	IMG02626.JPG	3.2	0.783	0	0	0	NaN
1144	IMG02626.JPG	3.409	1.484	0	0	0	NaN
1145	IMG02625.JPG	2.255	2.012	0	0	0	NaN
1146	IMG02625.JPG	2.116	1.623	0	0	0	NaN
1147	IMG02625.JPG	3.414	1.507	0	0	0	NaN
1148	IMG02625.JPG	3.403	1.913	0	0	0	NaN
1149	IMG02625.JPG	2.261	1.542	0	0	0	NaN
1150	IMG02625.JPG	2.452	0.817	0	0	0	NaN
1151	IMG02625.JPG	3.194	0.794	0	0	0	NaN
1152	IMG02625.JPG	3.328	1.478	0	0	0	NaN
1153	IMG02624.JPG	2.186	2.012	0	0	0	NaN
1154	IMG02624.JPG	2.087	1.577	0	0	0	NaN
1155	IMG02624.JPG	3.536	1.525	0	0	0	NaN
1156	IMG02624.JPG	3.513	1.907	0	0	0	NaN
1157	IMG02624.JPG	2.214	1.583	0	0	0	NaN
1158	IMG02624.JPG	2.354	1.067	0	0	0	NaN
1159	IMG02624.JPG	3.223	1.009	0	0	0	NaN
1160	IMG02624.JPG	3.391	1.484	0	0	0	NaN
1161	IMG02623.JPG	2.168	1.965	0	0	0	NaN
1162	IMG02623.JPG	2.035	1.612	0	0	0	NaN
1163	IMG02623.JPG	3.432	1.525	0	0	0	NaN
1164	IMG02623.JPG	3.397	1.925	0	0	0	NaN
1165	IMG02623.JPG	2.157	1.525	0	0	0	NaN
1166	IMG02623.JPG	2.272	0.777	0	0	0	NaN
1167	IMG02623.JPG	3.159	0.742	0	0	0	NaN
1168	IMG02623.JPG	3.316	1.478	0	0	0	NaN
1169	IMG02622.JPG	2.272	1.977	0	0	0	NaN
1170	IMG02622.JPG	2.191	1.629	0	0	0	NaN
1171	IMG02622.JPG	3.559	1.548	0	0	0	NaN
1172	IMG02622.JPG	3.49	1.913	0	0	0	NaN
1173	IMG02622.JPG	2.296	1.577	0	0	0	NaN
1174	IMG02622.JPG	2.383	0.864	0	0	0	NaN
1175	IMG02622.JPG	3.27	0.846	0	0	0	NaN
1176	IMG02622.JPG	3.455	1.501	0	0	0	NaN
1177	IMG02621.JPG	2.22	1.896	0	0	0	NaN
1178	IMG02621.JPG	2.209	1.467	0	0	0	NaN
1179	IMG02621.JPG	3.588	1.449	0	0	0	NaN
1180	IMG02621.JPG	3.536	1.901	0	0	0	NaN
1181	IMG02621.JPG	2.284	1.472	0	0	0	NaN
1182	IMG02621.JPG	2.435	0.754	0	0	0	NaN
1183	IMG02621.JPG	3.316	0.719	0	0	0	NaN
1184	IMG02621.JPG	3.455	1.443	0	0	0	NaN
1185	mIMG02644.tif	2.267	1.907	0	0	0	NaN
1186	mIMG02644.tif	2.197	1.583	0	0	0	NaN
1187	mIMG02644.tif	3.484	1.496	0	0	0	NaN
1188	mIMG02644.tif	3.467	1.861	0	0	0	NaN
1189	mIMG02644.tif	2.348	1.6	0	0	0	NaN
1190	mIMG02644.tif	2.475	0.916	0	0	0	NaN
1191	mIMG02644.tif	3.188	0.91	0	0	0	NaN
1192	mIMG02644.tif	3.386	1.519	0	0	0	NaN
1193	IMG02620.JPG	2.29	2.284	0	0	0	NaN
1194	IMG02620.JPG	2.116	1.716	0	0	0	NaN
1195	IMG02620.JPG	3.583	1.53	0	0	0	NaN
1196	IMG02620.JPG	3.484	2.116	0	0	0	NaN
1197	IMG02620.JPG	2.186	1.675	0	0	0	NaN
1198	IMG02620.JPG	2.33	0.812	0	0	0	NaN
1199	IMG02620.JPG	3.229	0.736	0	0	0	NaN
1200	IMG02620.JPG	3.443	1.542	0	0	0	NaN
1201	IMG02619.JPG	2.272	2.168	0	0	0	NaN
1202	IMG02619.JPG	2.162	1.797	0	0	0	NaN
1203	IMG02619.JPG	3.629	1.641	0	0	0	NaN
1204	IMG02619.JPG	3.606	2.087	0	0	0	NaN
1205	IMG02619.JPG	2.272	1.745	0	0	0	NaN
1206	IMG02619.JPG	2.423	0.957	0	0	0	NaN
1207	IMG02619.JPG	3.136	0.864	0	0	0	NaN
1208	IMG02619.JPG	3.484	1.583	0	0	0	NaN
1209	IMG02618.JPG	2.255	2.058	0	0	0	NaN
1210	IMG02618.JPG	2.197	1.739	0	0	0	NaN
1211	IMG02618.JPG	3.507	1.577	0	0	0	NaN
1212	IMG02618.JPG	3.507	1.884	0	0	0	NaN
1213	IMG02618.JPG	2.307	1.728	0	0	0	NaN
1214	IMG02618.JPG	2.4	0.916	0	0	0	NaN
1215	IMG02618.JPG	3.177	0.87	0	0	0	NaN
1216	IMG02618.JPG	3.426	1.53	0	0	0	NaN
1217	IMG02617.JPG	2.145	2.058	0	0	0	NaN
1218	IMG02617.JPG	2.029	1.542	0	0	0	NaN
1219	IMG02617.JPG	3.588	1.525	0	0	0	NaN
1220	IMG02617.JPG	3.542	2.041	0	0	0	NaN
1221	IMG02617.JPG	2.11	1.519	0	0	0	NaN
1222	IMG02617.JPG	2.388	0.812	0	0	0	NaN
1223	IMG02617.JPG	3.154	0.8	0	0	0	NaN
1224	IMG02617.JPG	3.49	1.507	0	0	0	NaN
1225	IMG02616.JPG	2.197	1.988	0	0	0	NaN
1226	IMG02616.JPG	2.133	1.623	0	0	0	NaN
1227	IMG02616.JPG	3.519	1.629	0	0	0	NaN
1228	IMG02616.JPG	3.49	1.994	0	0	0	NaN
1229	IMG02616.JPG	2.255	1.623	0	0	0	NaN
1230	IMG02616.JPG	2.452	0.933	0	0	0	NaN
1231	IMG02616.JPG	3.212	0.928	0	0	0	NaN
1232	IMG02616.JPG	3.414	1.617	0	0	0	NaN
1233	IMG02615.JPG	2.041	2.081	0	0	0	NaN
1234	IMG02615.JPG	2.064	1.629	0	0	0	NaN
1235	IMG02615.JPG	3.519	1.617	0	0	0	NaN
1236	IMG02615.JPG	3.536	2.087	0	0	0	NaN
1237	IMG02615.JPG	2.151	1.594	0	0	0	NaN
1238	IMG02615.JPG	2.301	0.91	0	0	0	NaN
1239	IMG02615.JPG	3.136	0.91	0	0	0	NaN
1240	IMG02615.JPG	3.42	1.623	0	0	0	NaN
1241	IMG02614.JPG	2.261	2.093	0	0	0	NaN
1242	IMG02614.JPG	2.203	1.745	0	0	0	NaN
1243	IMG02614.JPG	3.519	1.617	0	0	0	NaN
1244	IMG02614.JPG	3.467	2.012	0	0	0	NaN
1245	IMG02614.JPG	2.313	1.71	0	0	0	NaN
1246	IMG02614.JPG	2.464	1.055	0	0	0	NaN
1247	IMG02614.JPG	3.194	1.055	0	0	0	NaN
1248	IMG02614.JPG	3.414	1.606	0	0	0	NaN
1249	IMG02613.JPG	2.151	2.07	0	0	0	NaN
1250	IMG02613.JPG	2.023	1.675	0	0	0	NaN
1251	IMG02613.JPG	3.455	1.623	0	0	0	NaN
1252	IMG02613.JPG	3.391	2.029	0	0	0	NaN
1253	IMG02613.JPG	2.145	1.641	0	0	0	NaN
1254	IMG02613.JPG	2.354	0.945	0	0	0	NaN
1255	IMG02613.JPG	3.096	0.899	0	0	0	NaN
1256	IMG02613.JPG	3.345	1.612	0	0	0	NaN
1257	IMG02612.JPG	2.046	2.104	0	0	0	NaN
1258	IMG02612.JPG	1.954	1.704	0	0	0	NaN
1259	IMG02612.JPG	3.548	1.623	0	0	0	NaN
1260	IMG02612.JPG	3.519	2.058	0	0	0	NaN
1261	IMG02612.JPG	2.104	1.675	0	0	0	NaN
1262	IMG02612.JPG	2.377	0.864	0	0	0	NaN
1263	IMG02612.JPG	3.136	0.864	0	0	0	NaN
1264	IMG02612.JPG	3.391	1.6	0	0	0	NaN
1265	IMG02611.JPG	2.064	2.058	0	0	0	NaN
1266	IMG02611.JPG	2.012	1.646	0	0	0	NaN
1267	IMG02611.JPG	3.501	1.6	0	0	0	NaN
1268	IMG02611.JPG	3.484	2.064	0	0	0	NaN
1269	IMG02611.JPG	2.168	1.577	0	0	0	NaN
1270	IMG02611.JPG	2.365	0.922	0	0	0	NaN
1271	IMG02611.JPG	3.142	0.899	0	0	0	NaN
1272	IMG02611.JPG	3.38	1.559	0	0	0	NaN
1273	IMG02610.JPG	2.186	2.122	0	0	0	NaN
1274	IMG02610.JPG	2.052	1.675	0	0	0	NaN
1275	IMG02610.JPG	3.658	1.548	0	0	0	NaN
1276	IMG02610.JPG	3.623	1.971	0	0	0	NaN
1277	IMG02610.JPG	2.209	1.635	0	0	0	NaN
1278	IMG02610.JPG	2.359	0.736	0	0	0	NaN
1279	IMG02610.JPG	3.188	0.713	0	0	0	NaN
1280	IMG02610.JPG	3.455	1.507	0	0	0	NaN
1281	IMG02609.JPG	2.122	2.006	0	0	0	NaN
1282	IMG02609.JPG	2.017	1.612	0	0	0	NaN
1283	IMG02609.JPG	3.403	1.513	0	0	0	NaN
1284	IMG02609.JPG	3.426	1.867	0	0	0	NaN
1285	IMG02609.JPG	2.174	1.6	0	0	0	NaN
1286	IMG02609.JPG	2.336	0.742	0	0	0	NaN
1287	IMG02609.JPG	3.003	0.707	0	0	0	NaN
1288	IMG02609.JPG	3.281	1.525	0	0	0	NaN
1289	IMG02608.JPG	2.11	2.116	0	0	0	NaN
1290	IMG02608.JPG	1.983	1.699	0	0	0	NaN
1291	IMG02608.JPG	3.484	1.612	0	0	0	NaN
1292	IMG02608.JPG	3.501	2.035	0	0	0	NaN
1293	IMG02608.JPG	2.145	1.635	0	0	0	NaN
1294	IMG02608.JPG	2.406	0.817	0	0	0	NaN
1295	IMG02608.JPG	3.107	0.823	0	0	0	NaN
1296	IMG02608.JPG	3.339	1.6	0	0	0	NaN
1297	IMG02607.JPG	2.249	2.116	0	0	0	NaN
1298	IMG02607.JPG	2.157	1.78	0	0	0	NaN
1299	IMG02607.JPG	3.536	1.623	0	0	0	NaN
1300	IMG02607.JPG	3.455	2.035	0	0	0	NaN
1301	IMG02607.JPG	2.255	1.658	0	0	0	NaN
1302	IMG02607.JPG	2.388	0.835	0	0	0	NaN
1303	IMG02607.JPG	3.223	0.835	0	0	0	NaN
1304	IMG02607.JPG	3.438	1.6	0	0	0	NaN
1305	IMG02605.JPG	2.22	2.197	0	0	0	NaN
1306	IMG02605.JPG	2.046	1.699	0	0	0	NaN
1307	IMG02605.JPG	3.646	1.583	0	0	0	NaN
1308	IMG02605.JPG	3.617	2.075	0	0	0	NaN
1309	IMG02605.JPG	2.278	1.652	0	0	0	NaN
1310	IMG02605.JPG	2.493	1.003	0	0	0	NaN
1311	IMG02605.JPG	3.258	1.003	0	0	0	NaN
1312	IMG02605.JPG	3.496	1.548	0	0	0	NaN
1313	IMG02604.JPG	2.046	2.058	0	0	0	NaN
1314	IMG02604.JPG	2.035	1.652	0	0	0	NaN
1315	IMG02604.JPG	3.409	1.588	0	0	0	NaN
1316	IMG02604.JPG	3.449	2.017	0	0	0	NaN
1317	IMG02604.JPG	2.128	1.641	0	0	0	NaN
1318	IMG02604.JPG	2.313	0.904	0	0	0	NaN
1319	IMG02604.JPG	3.072	0.881	0	0	0	NaN
1320	IMG02604.JPG	3.299	1.583	0	0	0	NaN
1321	IMG02603.JPG	2.162	2.186	0	0	0	NaN
1322	IMG02603.JPG	2.041	1.751	0	0	0	NaN
1323	IMG02603.JPG	3.519	1.6	0	0	0	NaN
1324	IMG02603.JPG	3.501	2.017	0	0	0	NaN
1325	IMG02603.JPG	2.203	1.704	0	0	0	NaN
1326	IMG02603.JPG	2.325	0.893	0	0	0	NaN
1327	IMG02603.JPG	3.026	0.858	0	0	0	NaN
1328	IMG02603.JPG	3.386	1.554	0	0	0	NaN
1329	IMG02602.JPG	2.162	2.122	0	0	0	NaN
1330	IMG02602.JPG	2.064	1.733	0	0	0	NaN
1331	IMG02602.JPG	3.426	1.606	0	0	0	NaN
1332	IMG02602.JPG	3.397	2.023	0	0	0	NaN
1333	IMG02602.JPG	2.186	1.71	0	0	0	NaN
1334	IMG02602.JPG	2.348	0.986	0	0	0	NaN
1335	IMG02602.JPG	3.043	0.922	0	0	0	NaN
1336	IMG02602.JPG	3.287	1.594	0	0	0	NaN
1337	IMG02601.JPG	2.099	1.93	0	0	0	NaN
1338	IMG02601.JPG	2.087	1.577	0	0	0	NaN
1339	IMG02601.JPG	3.414	1.559	0	0	0	NaN
1340	IMG02601.JPG	3.391	1.948	0	0	0	NaN
1341	IMG02601.JPG	2.168	1.565	0	0	0	NaN
1342	IMG02601.JPG	2.354	0.783	0	0	0	NaN
1343	IMG02601.JPG	3.119	0.794	0	0	0	NaN
1344	IMG02601.JPG	3.316	1.525	0	0	0	NaN
1345	IMG02600.JPG	2.296	2.058	0	0	0	NaN
1346	IMG02600.JPG	2.174	1.652	0	0	0	NaN
1347	IMG02600.JPG	3.501	1.525	0	0	0	NaN
1348	IMG02600.JPG	3.49	1.948	0	0	0	NaN
1349	IMG02600.JPG	2.278	1.646	0	0	0	NaN
1350	IMG02600.JPG	2.388	0.928	0	0	0	NaN
1351	IMG02600.JPG	3.154	0.87	0	0	0	NaN
1352	IMG02600.JPG	3.414	1.496	0	0	0	NaN
1353	IMG02599.JPG	2.174	1.959	0	0	0	NaN
1354	IMG02599.JPG	2.122	1.629	0	0	0	NaN
1355	IMG02599.JPG	3.53	1.53	0	0	0	NaN
1356	IMG02599.JPG	3.478	1.89	0	0	0	NaN
1357	IMG02599.JPG	2.249	1.6	0	0	0	NaN
1358	IMG02599.JPG	2.487	0.875	0	0	0	NaN
1359	IMG02599.JPG	3.217	0.875	0	0	0	NaN
1360	IMG02599.JPG	3.391	1.507	0	0	0	NaN
1361	IMG02598.JPG	2.151	2.081	0	0	0	NaN
1362	IMG02598.JPG	2.075	1.641	0	0	0	NaN
1363	IMG02598.JPG	3.536	1.571	0	0	0	NaN
1364	IMG02598.JPG	3.536	2.041	0	0	0	NaN
1365	IMG02598.JPG	2.22	1.617	0	0	0	NaN
1366	IMG02598.JPG	2.406	1.096	0	0	0	NaN
1367	IMG02598.JPG	3.165	1.061	0	0	0	NaN
1368	IMG02598.JPG	3.403	1.554	0	0	0	NaN
1369	IMG02597.JPG	2.18	1.971	0	0	0	NaN
1370	IMG02597.JPG	2.139	1.664	0	0	0	NaN
1371	IMG02597.JPG	3.409	1.594	0	0	0	NaN
1372	IMG02597.JPG	3.409	1.925	0	0	0	NaN
1373	IMG02597.JPG	2.267	1.617	0	0	0	NaN
1374	IMG02597.JPG	2.423	0.922	0	0	0	NaN
1375	IMG02597.JPG	3.119	0.933	0	0	0	NaN
1376	IMG02597.JPG	3.281	1.583	0	0	0	NaN
1377	IMG02596.JPG	2.11	2.075	0	0	0	NaN
1378	IMG02596.JPG	2.087	1.641	0	0	0	NaN
1379	IMG02596.JPG	3.6	1.496	0	0	0	NaN
1380	IMG02596.JPG	3.617	1.93	0	0	0	NaN
1381	IMG02596.JPG	2.191	1.606	0	0	0	NaN
1382	IMG02596.JPG	2.412	0.939	0	0	0	NaN
1383	IMG02596.JPG	3.206	0.91	0	0	0	NaN
1384	IMG02596.JPG	3.432	1.455	0	0	0	NaN
1385	IMG02595.JPG	2.168	2.186	0	0	0	NaN
1386	IMG02595.JPG	2.099	1.71	0	0	0	NaN
1387	IMG02595.JPG	3.403	1.629	0	0	0	NaN
1388	IMG02595.JPG	3.443	2.052	0	0	0	NaN
1389	IMG02595.JPG	2.232	1.687	0	0	0	NaN
1390	IMG02595.JPG	2.377	0.904	0	0	0	NaN
1391	IMG02595.JPG	3.142	0.899	0	0	0	NaN
1392	IMG02595.JPG	3.31	1.617	0	0	0	NaN
1393	IMG02594.JPG	2.22	2.11	0	0	0	NaN
1394	IMG02594.JPG	2.151	1.704	0	0	0	NaN
1395	IMG02594.JPG	3.6	1.675	0	0	0	NaN
1396	IMG02594.JPG	3.554	2.081	0	0	0	NaN
1397	IMG02594.JPG	2.278	1.641	0	0	0	NaN
1398	IMG02594.JPG	2.493	0.939	0	0	0	NaN
1399	IMG02594.JPG	3.223	0.945	0	0	0	NaN
1400	IMG02594.JPG	3.443	1.704	0	0	0	NaN
1401	IMG02593.JPG	2.272	2.006	0	0	0	NaN
1402	IMG02593.JPG	2.18	1.733	0	0	0	NaN
1403	IMG02593.JPG	3.38	1.559	0	0	0	NaN
1404	IMG02593.JPG	3.362	1.89	0	0	0	NaN
1405	IMG02593.JPG	2.307	1.67	0	0	0	NaN
1406	IMG02593.JPG	2.388	0.904	0	0	0	NaN
1407	IMG02593.JPG	3.119	0.933	0	0	0	NaN
1408	IMG02593.JPG	3.281	1.559	0	0	0	NaN
1409	IMG02592.JPG	2.33	2.017	0	0	0	NaN
1410	IMG02592.JPG	2.284	1.716	0	0	0	NaN
1411	IMG02592.JPG	3.53	1.577	0	0	0	NaN
1412	IMG02592.JPG	3.577	1.867	0	0	0	NaN
1413	IMG02592.JPG	2.359	1.693	0	0	0	NaN
1414	IMG02592.JPG	2.522	1.026	0	0	0	NaN
1415	IMG02592.JPG	3.258	0.939	0	0	0	NaN
1416	IMG02592.JPG	3.449	1.612	0	0	0	NaN
1417	IMG02591.JPG	2.267	2	0	0	0	NaN
1418	IMG02591.JPG	2.209	1.664	0	0	0	NaN
1419	IMG02591.JPG	3.496	1.53	0	0	0	NaN
1420	IMG02591.JPG	3.449	1.878	0	0	0	NaN
1421	IMG02591.JPG	2.33	1.6	0	0	0	NaN
1422	IMG02591.JPG	2.365	0.817	0	0	0	NaN
1423	IMG02591.JPG	3.171	0.783	0	0	0	NaN
1424	IMG02591.JPG	3.357	1.513	0	0	0	NaN
1425	IMG02590.JPG	2.203	2.122	0	0	0	NaN
1426	IMG02590.JPG	2.052	1.704	0	0	0	NaN
1427	IMG02590.JPG	3.525	1.623	0	0	0	NaN
1428	IMG02590.JPG	3.53	2.035	0	0	0	NaN
1429	IMG02590.JPG	2.203	1.646	0	0	0	NaN
1430	IMG02590.JPG	2.452	0.968	0	0	0	NaN
1431	IMG02590.JPG	3.107	0.899	0	0	0	NaN
1432	IMG02590.JPG	3.357	1.571	0	0	0	NaN
1433	IMG02589.JPG	2.255	2.023	0	0	0	NaN
1434	IMG02589.JPG	2.151	1.606	0	0	0	NaN
1435	IMG02589.JPG	3.455	1.525	0	0	0	NaN
1436	IMG02589.JPG	3.432	1.971	0	0	0	NaN
1437	IMG02589.JPG	2.307	1.571	0	0	0	NaN
1438	IMG02589.JPG	2.446	0.939	0	0	0	NaN
1439	IMG02589.JPG	3.101	0.904	0	0	0	NaN
1440	IMG02589.JPG	3.304	1.484	0	0	0	NaN
1441	IMG02588.JPG	2.133	2.157	0	0	0	NaN
1442	IMG02588.JPG	2.052	1.745	0	0	0	NaN
1443	IMG02588.JPG	3.583	1.571	0	0	0	NaN
1444	IMG02588.JPG	3.519	2.017	0	0	0	NaN
1445	IMG02588.JPG	2.18	1.687	0	0	0	NaN
1446	IMG02588.JPG	2.377	0.817	0	0	0	NaN
1447	IMG02588.JPG	3.13	0.771	0	0	0	NaN
1448	IMG02588.JPG	3.414	1.554	0	0	0	NaN
1449	IMG02587.JPG	2.197	2.099	0	0	0	NaN
1450	IMG02587.JPG	2.099	1.629	0	0	0	NaN
1451	IMG02587.JPG	3.559	1.635	0	0	0	NaN
1452	IMG02587.JPG	3.501	2.041	0	0	0	NaN
1453	IMG02587.JPG	2.272	1.606	0	0	0	NaN
1454	IMG02587.JPG	2.464	0.933	0	0	0	NaN
1455	IMG02587.JPG	3.217	0.904	0	0	0	NaN
1456	IMG02587.JPG	3.38	1.565	0	0	0	NaN
1457	IMG02586.JPG	2.081	2.006	0	0	0	NaN
1458	IMG02586.JPG	2.012	1.623	0	0	0	NaN
1459	IMG02586.JPG	3.438	1.594	0	0	0	NaN
1460	IMG02586.JPG	3.403	1.988	0	0	0	NaN
1461	IMG02586.JPG	2.162	1.588	0	0	0	NaN
1462	IMG02586.JPG	2.429	0.777	0	0	0	NaN
1463	IMG02586.JPG	3.148	0.736	0	0	0	NaN
1464	IMG02586.JPG	3.339	1.588	0	0	0	NaN
1465	IMG02585.JPG	2.307	2	0	0	0	NaN
1466	IMG02585.JPG	2.232	1.617	0	0	0	NaN
1467	IMG02585.JPG	3.438	1.606	0	0	0	NaN
1468	IMG02585.JPG	3.391	1.954	0	0	0	NaN
1469	IMG02585.JPG	2.325	1.623	0	0	0	NaN
1470	IMG02585.JPG	2.464	0.91	0	0	0	NaN
1471	IMG02585.JPG	3.27	0.904	0	0	0	NaN
1472	IMG02585.JPG	3.351	1.559	0	0	0	NaN
1473	IMG02584.JPG	2.232	1.977	0	0	0	NaN
1474	IMG02584.JPG	2.174	1.675	0	0	0	NaN
1475	IMG02584.JPG	3.507	1.629	0	0	0	NaN
1476	IMG02584.JPG	3.49	1.907	0	0	0	NaN
1477	IMG02584.JPG	2.296	1.641	0	0	0	NaN
1478	IMG02584.JPG	2.452	0.939	0	0	0	NaN
1479	IMG02584.JPG	3.229	0.933	0	0	0	NaN
1480	IMG02584.JPG	3.414	1.6	0	0	0	NaN
1481	IMG02583.JPG	2.157	2.029	0	0	0	NaN
1482	IMG02583.JPG	2.133	1.641	0	0	0	NaN
1483	IMG02583.JPG	3.496	1.629	0	0	0	NaN
1484	IMG02583.JPG	3.455	2.012	0	0	0	NaN
1485	IMG02583.JPG	2.249	1.617	0	0	0	NaN
1486	IMG02583.JPG	2.412	0.852	0	0	0	NaN
1487	IMG02583.JPG	3.2	0.846	0	0	0	NaN
1488	IMG02583.JPG	3.403	1.617	0	0	0	NaN
1489	IMG02582.JPG	2.197	1.826	0	0	0	NaN
1490	IMG02582.JPG	2.168	1.594	0	0	0	NaN
1491	IMG02582.JPG	3.403	1.519	0	0	0	NaN
1492	IMG02582.JPG	3.374	1.791	0	0	0	NaN
1493	IMG02582.JPG	2.284	1.565	0	0	0	NaN
1494	IMG02582.JPG	2.441	0.719	0	0	0	NaN
1495	IMG02582.JPG	3.125	0.684	0	0	0	NaN
1496	IMG02582.JPG	3.304	1.49	0	0	0	NaN
1497	IMG02581.JPG	2.058	2.139	0	0	0	NaN
1498	IMG02581.JPG	2.035	1.699	0	0	0	NaN
1499	IMG02581.JPG	3.583	1.635	0	0	0	NaN
1500	IMG02581.JPG	3.594	2.128	0	0	0	NaN
1501	IMG02581.JPG	2.186	1.664	0	0	0	NaN
1502	IMG02581.JPG	2.406	0.939	0	0	0	NaN
1503	IMG02581.JPG	3.258	0.951	0	0	0	NaN
1504	IMG02581.JPG	3.455	1.617	0	0	0	NaN
1505	IMG02580.JPG	2.162	2.075	0	0	0	NaN
1506	IMG02580.JPG	2.11	1.722	0	0	0	NaN
1507	IMG02580.JPG	3.542	1.629	0	0	0	NaN
1508	IMG02580.JPG	3.577	2.058	0	0	0	NaN
1509	IMG02580.JPG	2.249	1.687	0	0	0	NaN
1510	IMG02580.JPG	2.429	0.864	0	0	0	NaN
1511	IMG02580.JPG	3.165	0.8	0	0	0	NaN
1512	IMG02580.JPG	3.426	1.6	0	0	0	NaN
1513	IMG02579.JPG	2.22	2.267	0	0	0	NaN
1514	IMG02579.JPG	2.116	1.681	0	0	0	NaN
1515	IMG02579.JPG	3.577	1.6	0	0	0	NaN
1516	IMG02579.JPG	3.577	2.162	0	0	0	NaN
1517	IMG02579.JPG	2.249	1.699	0	0	0	NaN
1518	IMG02579.JPG	2.441	0.928	0	0	0	NaN
1519	IMG02579.JPG	3.171	0.881	0	0	0	NaN
1520	IMG02579.JPG	3.455	1.594	0	0	0	NaN
1521	IMG02578.JPG	2.139	2.052	0	0	0	NaN
1522	IMG02578.JPG	2.029	1.739	0	0	0	NaN
1523	IMG02578.JPG	3.548	1.658	0	0	0	NaN
1524	IMG02578.JPG	3.559	1.977	0	0	0	NaN
1525	IMG02578.JPG	2.116	1.699	0	0	0	NaN
1526	IMG02578.JPG	2.359	0.881	0	0	0	NaN
1527	IMG02578.JPG	3.206	0.812	0	0	0	NaN
1528	IMG02578.JPG	3.438	1.617	0	0	0	NaN
1529	IMG02577.JPG	2.151	2	0	0	0	NaN
1530	IMG02577.JPG	2.064	1.658	0	0	0	NaN
1531	IMG02577.JPG	3.472	1.519	0	0	0	NaN
1532	IMG02577.JPG	3.455	1.872	0	0	0	NaN
1533	IMG02577.JPG	2.191	1.583	0	0	0	NaN
1534	IMG02577.JPG	2.33	0.8	0	0	0	NaN
1535	IMG02577.JPG	3.136	0.754	0	0	0	NaN
1536	IMG02577.JPG	3.351	1.525	0	0	0	NaN
1537	IMG02576.JPG	2.191	2.017	0	0	0	NaN
1538	IMG02576.JPG	2.11	1.693	0	0	0	NaN
1539	IMG02576.JPG	3.467	1.617	0	0	0	NaN
1540	IMG02576.JPG	3.467	1.942	0	0	0	NaN
1541	IMG02576.JPG	2.226	1.652	0	0	0	NaN
1542	IMG02576.JPG	2.336	1.049	0	0	0	NaN
1543	IMG02576.JPG	3.194	1.078	0	0	0	NaN
1544	IMG02576.JPG	3.351	1.588	0	0	0	NaN
1545	IMG02575.JPG	2.186	2.029	0	0	0	NaN
1546	IMG02575.JPG	2.11	1.704	0	0	0	NaN
1547	IMG02575.JPG	3.588	1.617	0	0	0	NaN
1548	IMG02575.JPG	3.525	1.948	0	0	0	NaN
1549	IMG02575.JPG	2.226	1.681	0	0	0	NaN
1550	IMG02575.JPG	2.429	0.933	0	0	0	NaN
1551	IMG02575.JPG	3.275	0.893	0	0	0	NaN
1552	IMG02575.JPG	3.449	1.565	0	0	0	NaN
1553	IMG02574.JPG	2.133	2.11	0	0	0	NaN
1554	IMG02574.JPG	2.11	1.791	0	0	0	NaN
1555	IMG02574.JPG	3.536	1.716	0	0	0	NaN
1556	IMG02574.JPG	3.548	2	0	0	0	NaN
1557	IMG02574.JPG	2.249	1.704	0	0	0	NaN
1558	IMG02574.JPG	2.383	0.997	0	0	0	NaN
1559	IMG02574.JPG	3.188	0.957	0	0	0	NaN
1560	IMG02574.JPG	3.443	1.67	0	0	0	NaN
1561	IMG02573.JPG	2.267	2.035	0	0	0	NaN
1562	IMG02573.JPG	2.128	1.6	0	0	0	NaN
1563	IMG02573.JPG	3.461	1.559	0	0	0	NaN
1564	IMG02573.JPG	3.426	1.988	0	0	0	NaN
1565	IMG02573.JPG	2.243	1.565	0	0	0	NaN
1566	IMG02573.JPG	2.359	0.719	0	0	0	NaN
1567	IMG02573.JPG	3.171	0.678	0	0	0	NaN
1568	IMG02573.JPG	3.328	1.519	0	0	0	NaN
1569	IMG02572.JPG	2.104	2.174	0	0	0	NaN
1570	IMG02572.JPG	2.029	1.786	0	0	0	NaN
1571	IMG02572.JPG	3.496	1.612	0	0	0	NaN
1572	IMG02572.JPG	3.478	2.035	0	0	0	NaN
1573	IMG02572.JPG	2.162	1.733	0	0	0	NaN
1574	IMG02572.JPG	2.272	0.87	0	0	0	NaN
1575	IMG02572.JPG	3.072	0.8	0	0	0	NaN
1576	IMG02572.JPG	3.403	1.588	0	0	0	NaN
1577	IMG02571.JPG	2.232	1.919	0	0	0	NaN
1578	IMG02571.JPG	2.238	1.652	0	0	0	NaN
1579	IMG02571.JPG	3.53	1.583	0	0	0	NaN
1580	IMG02571.JPG	3.507	1.884	0	0	0	NaN
1581	IMG02571.JPG	2.313	1.612	0	0	0	NaN
1582	IMG02571.JPG	2.452	0.812	0	0	0	NaN
1583	IMG02571.JPG	3.229	0.829	0	0	0	NaN
1584	IMG02571.JPG	3.449	1.548	0	0	0	NaN
1585	IMG02570.JPG	2.122	2.099	0	0	0	NaN
1586	IMG02570.JPG	2.07	1.693	0	0	0	NaN
1587	IMG02570.JPG	3.629	1.612	0	0	0	NaN
1588	IMG02570.JPG	3.612	2	0	0	0	NaN
1589	IMG02570.JPG	2.197	1.641	0	0	0	NaN
1590	IMG02570.JPG	2.383	0.794	0	0	0	NaN
1591	IMG02570.JPG	3.165	0.788	0	0	0	NaN
1592	IMG02570.JPG	3.443	1.606	0	0	0	NaN
1593	IMG02569.JPG	2.191	2.006	0	0	0	NaN
1594	IMG02569.JPG	2.157	1.646	0	0	0	NaN
1595	IMG02569.JPG	3.426	1.6	0	0	0	NaN
1596	IMG02569.JPG	3.42	1.907	0	0	0	NaN
1597	IMG02569.JPG	2.243	1.646	0	0	0	NaN
1598	IMG02569.JPG	2.441	1.055	0	0	0	NaN
1599	IMG02569.JPG	3.154	1.049	0	0	0	NaN
1600	IMG02569.JPG	3.345	1.565	0	0	0	NaN
1601	IMG02568.JPG	2.087	2.075	0	0	0	NaN
1602	IMG02568.JPG	2.023	1.646	0	0	0	NaN
1603	IMG02568.JPG	3.577	1.53	0	0	0	NaN
1604	IMG02568.JPG	3.559	2.006	0	0	0	NaN
1605	IMG02568.JPG	2.162	1.617	0	0	0	NaN
1606	IMG02568.JPG	2.371	0.771	0	0	0	NaN
1607	IMG02568.JPG	3.31	0.765	0	0	0	NaN
1608	IMG02568.JPG	3.455	1.519	0	0	0	NaN
1609	IMG02567.JPG	2.22	2.023	0	0	0	NaN
1610	IMG02567.JPG	2.157	1.681	0	0	0	NaN
1611	IMG02567.JPG	3.426	1.559	0	0	0	NaN
1612	IMG02567.JPG	3.449	1.925	0	0	0	NaN
1613	IMG02567.JPG	2.226	1.658	0	0	0	NaN
1614	IMG02567.JPG	2.383	1.003	0	0	0	NaN
1615	IMG02567.JPG	3.159	0.974	0	0	0	NaN
1616	IMG02567.JPG	3.362	1.565	0	0	0	NaN
1617	IMG02566.JPG	2.336	1.884	0	0	0	NaN
1618	IMG02566.JPG	2.209	1.681	0	0	0	NaN
1619	IMG02566.JPG	3.455	1.542	0	0	0	NaN
1620	IMG02566.JPG	3.414	1.913	0	0	0	NaN
1621	IMG02566.JPG	2.336	1.623	0	0	0	NaN
1622	IMG02566.JPG	2.441	1.014	0	0	0	NaN
1623	IMG02566.JPG	3.188	0.974	0	0	0	NaN
1624	IMG02566.JPG	3.339	1.519	0	0	0	NaN
1625	IMG02565.JPG	2.029	2.041	0	0	0	NaN
1626	IMG02565.JPG	1.988	1.722	0	0	0	NaN
1627	IMG02565.JPG	3.455	1.606	0	0	0	NaN
1628	IMG02565.JPG	3.478	1.959	0	0	0	NaN
1629	IMG02565.JPG	2.11	1.641	0	0	0	NaN
1630	IMG02565.JPG	2.313	1.009	0	0	0	NaN
1631	IMG02565.JPG	3.113	0.986	0	0	0	NaN
1632	IMG02565.JPG	3.357	1.612	0	0	0	NaN
1633	IMG02564.JPG	2.255	2.139	0	0	0	NaN
1634	IMG02564.JPG	2.075	1.704	0	0	0	NaN
1635	IMG02564.JPG	3.525	1.664	0	0	0	NaN
1636	IMG02564.JPG	3.467	2.035	0	0	0	NaN
1637	IMG02564.JPG	2.209	1.67	0	0	0	NaN
1638	IMG02564.JPG	2.423	1.014	0	0	0	NaN
1639	IMG02564.JPG	3.165	0.997	0	0	0	NaN
1640	IMG02564.JPG	3.38	1.583	0	0	0	NaN
1641	IMG02563.JPG	2.128	2.07	0	0	0	NaN
1642	IMG02563.JPG	2.012	1.675	0	0	0	NaN
1643	IMG02563.JPG	3.496	1.6	0	0	0	NaN
1644	IMG02563.JPG	3.443	1.965	0	0	0	NaN
1645	IMG02563.JPG	2.209	1.641	0	0	0	NaN
1646	IMG02563.JPG	2.4	0.939	0	0	0	NaN
1647	IMG02563.JPG	3.067	0.916	0	0	0	NaN
1648	IMG02563.JPG	3.328	1.588	0	0	0	NaN
1649	IMG02562.JPG	2.023	2.035	0	0	0	NaN
1650	IMG02562.JPG	1.977	1.629	0	0	0	NaN
1651	IMG02562.JPG	3.449	1.449	0	0	0	NaN
1652	IMG02562.JPG	3.484	1.861	0	0	0	NaN
1653	IMG02562.JPG	2.104	1.606	0	0	0	NaN
1654	IMG02562.JPG	2.313	0.823	0	0	0	NaN
1655	IMG02562.JPG	3.084	0.812	0	0	0	NaN
1656	IMG02562.JPG	3.328	1.438	0	0	0	NaN
1657	IMG02561.JPG	2.162	2.342	0	0	0	NaN
1658	IMG02561.JPG	2.052	1.728	0	0	0	NaN
1659	IMG02561.JPG	3.536	1.612	0	0	0	NaN
1660	IMG02561.JPG	3.519	2.278	0	0	0	NaN
1661	IMG02561.JPG	2.214	1.67	0	0	0	NaN
1662	IMG02561.JPG	2.406	1.003	0	0	0	NaN
1663	IMG02561.JPG	3.212	0.986	0	0	0	NaN
1664	IMG02561.JPG	3.42	1.623	0	0	0	NaN
1665	IMG02560.JPG	2.203	2.128	0	0	0	NaN
1666	IMG02560.JPG	2.093	1.716	0	0	0	NaN
1667	IMG02560.JPG	3.525	1.693	0	0	0	NaN
1668	IMG02560.JPG	3.513	2.041	0	0	0	NaN
1669	IMG02560.JPG	2.267	1.704	0	0	0	NaN
1670	IMG02560.JPG	2.487	0.852	0	0	0	NaN
1671	IMG02560.JPG	3.125	0.881	0	0	0	NaN
1672	IMG02560.JPG	3.368	1.6	0	0	0	NaN
1673	IMG02559.JPG	2.139	2.075	0	0	0	NaN
1674	IMG02559.JPG	2.07	1.687	0	0	0	NaN
1675	IMG02559.JPG	3.606	1.571	0	0	0	NaN
1676	IMG02559.JPG	3.641	1.959	0	0	0	NaN
1677	IMG02559.JPG	2.214	1.635	0	0	0	NaN
1678	IMG02559.JPG	2.383	0.788	0	0	0	NaN
1679	IMG02559.JPG	3.206	0.759	0	0	0	NaN
1680	IMG02559.JPG	3.438	1.571	0	0	0	NaN
1681	IMG02558.JPG	2.104	1.994	0	0	0	NaN
1682	IMG02558.JPG	2.029	1.6	0	0	0	NaN
1683	IMG02558.JPG	3.391	1.478	0	0	0	NaN
1684	IMG02558.JPG	3.322	1.878	0	0	0	NaN
1685	IMG02558.JPG	2.116	1.53	0	0	0	NaN
1686	IMG02558.JPG	2.301	0.748	0	0	0	NaN
1687	IMG02558.JPG	2.933	0.678	0	0	0	NaN
1688	IMG02558.JPG	3.258	1.478	0	0	0	NaN
1689	IMG02557.JPG	2.296	2.006	0	0	0	NaN
1690	IMG02557.JPG	2.214	1.635	0	0	0	NaN
1691	IMG02557.JPG	3.536	1.542	0	0	0	NaN
1692	IMG02557.JPG	3.501	1.919	0	0	0	NaN
1693	IMG02557.JPG	2.319	1.606	0	0	0	NaN
1694	IMG02557.JPG	2.481	0.922	0	0	0	NaN
1695	IMG02557.JPG	3.194	0.91	0	0	0	NaN
1696	IMG02557.JPG	3.432	1.548	0	0	0	NaN
1697	IMG02556.JPG	2.388	1.971	0	0	0	NaN
1698	IMG02556.JPG	2.325	1.583	0	0	0	NaN
1699	IMG02556.JPG	3.675	1.472	0	0	0	NaN
1700	IMG02556.JPG	3.629	1.832	0	0	0	NaN
1701	IMG02556.JPG	2.493	1.501	0	0	0	NaN
1702	IMG02556.JPG	2.649	0.812	0	0	0	NaN
1703	IMG02556.JPG	3.322	0.8	0	0	0	NaN
1704	IMG02556.JPG	3.53	1.438	0	0	0	NaN
1705	IMG02555.JPG	2.133	2.046	0	0	0	NaN
1706	IMG02555.JPG	2.087	1.716	0	0	0	NaN
1707	IMG02555.JPG	3.565	1.664	0	0	0	NaN
1708	IMG02555.JPG	3.554	2.006	0	0	0	NaN
1709	IMG02555.JPG	2.226	1.681	0	0	0	NaN
1710	IMG02555.JPG	2.429	1.009	0	0	0	NaN
1711	IMG02555.JPG	3.2	0.997	0	0	0	NaN
1712	IMG02555.JPG	3.438	1.6	0	0	0	NaN
1713	IMG02554.JPG	2.186	2.07	0	0	0	NaN
1714	IMG02554.JPG	2.145	1.699	0	0	0	NaN
1715	IMG02554.JPG	3.478	1.623	0	0	0	NaN
1716	IMG02554.JPG	3.449	2.029	0	0	0	NaN
1717	IMG02554.JPG	2.278	1.704	0	0	0	NaN
1718	IMG02554.JPG	2.464	1.055	0	0	0	NaN
1719	IMG02554.JPG	3.165	1.043	0	0	0	NaN
1720	IMG02554.JPG	3.374	1.623	0	0	0	NaN
1721	IMG02553.JPG	2.151	2.249	0	0	0	NaN
1722	IMG02553.JPG	2.075	1.762	0	0	0	NaN
1723	IMG02553.JPG	3.687	1.716	0	0	0	NaN
1724	IMG02553.JPG	3.646	2.18	0	0	0	NaN
1725	IMG02553.JPG	2.238	1.768	0	0	0	NaN
1726	IMG02553.JPG	2.435	0.945	0	0	0	NaN
1727	IMG02553.JPG	3.333	0.933	0	0	0	NaN
1728	IMG02553.JPG	3.554	1.635	0	0	0	NaN
1729	IMG02552.JPG	2.214	2	0	0	0	NaN
1730	IMG02552.JPG	2.122	1.687	0	0	0	NaN
1731	IMG02552.JPG	3.409	1.554	0	0	0	NaN
1732	IMG02552.JPG	3.374	1.896	0	0	0	NaN
1733	IMG02552.JPG	2.209	1.641	0	0	0	NaN
1734	IMG02552.JPG	2.319	0.713	0	0	0	NaN
1735	IMG02552.JPG	3.084	0.667	0	0	0	NaN
1736	IMG02552.JPG	3.322	1.525	0	0	0	NaN
1737	mIMG02606.tif	1.942	2.133	0	0	0	NaN
1738	mIMG02606.tif	1.919	1.658	0	0	0	NaN
1739	mIMG02606.tif	3.536	1.635	0	0	0	NaN
1740	mIMG02606.tif	3.449	2.11	0	0	0	NaN
1741	mIMG02606.tif	2.075	1.565	0	0	0	NaN
1742	mIMG02606.tif	2.272	0.916	0	0	0	NaN
1743	mIMG02606.tif	3.096	0.986	0	0	0	NaN
1744	mIMG02606.tif	3.357	1.641	0	0	0	NaN
1745	mIMG02551.tif	2.186	1.994	0	0	0	NaN
1746	mIMG02551.tif	2.18	1.606	0	0	0	NaN
1747	mIMG02551.tif	3.693	1.588	0	0	0	NaN
1748	mIMG02551.tif	3.704	1.965	0	0	0	NaN
1749	mIMG02551.tif	2.278	1.565	0	0	0	NaN
1750	mIMG02551.tif	2.475	0.899	0	0	0	NaN
1751	mIMG02551.tif	3.287	0.864	0	0	0	NaN
1752	mIMG02551.tif	3.548	1.559	0	0	0	NaN