 	Label	X	Y	Circ.	AR	Round	Solidity
1	IMG00551.JPG	2.116	2.035	0	0	0	NaN
2	IMG00551.JPG	2.041	1.646	0	0	0	NaN
3	IMG00551.JPG	3.391	1.571	0	0	0	NaN
4	IMG00551.JPG	3.391	1.965	0	0	0	NaN
5	IMG00551.JPG	2.203	1.675	0	0	0	NaN
6	IMG00551.JPG	2.319	0.777	0	0	0	NaN
7	IMG00551.JPG	3.084	0.742	0	0	0	NaN
8	IMG00551.JPG	3.287	1.588	0	0	0	NaN
9	IMG00550.JPG	2.191	1.959	0	0	0	NaN
10	IMG00550.JPG	2.151	1.588	0	0	0	NaN
11	IMG00550.JPG	3.339	1.571	0	0	0	NaN
12	IMG00550.JPG	3.333	1.977	0	0	0	NaN
13	IMG00550.JPG	2.272	1.577	0	0	0	NaN
14	IMG00550.JPG	2.423	0.864	0	0	0	NaN
15	IMG00550.JPG	3.072	0.841	0	0	0	NaN
16	IMG00550.JPG	3.246	1.588	0	0	0	NaN
17	IMG00439.JPG	2.162	2.214	0	0	0	NaN
18	IMG00439.JPG	2.174	1.652	0	0	0	NaN
19	IMG00439.JPG	3.548	1.629	0	0	0	NaN
20	IMG00439.JPG	3.536	2.191	0	0	0	NaN
21	IMG00439.JPG	2.296	1.635	0	0	0	NaN
22	IMG00439.JPG	2.423	0.945	0	0	0	NaN
23	IMG00439.JPG	3.183	0.945	0	0	0	NaN
24	IMG00439.JPG	3.414	1.635	0	0	0	NaN
25	IMG00549.JPG	2.145	2.081	0	0	0	NaN
26	IMG00549.JPG	2.075	1.728	0	0	0	NaN
27	IMG00549.JPG	3.403	1.681	0	0	0	NaN
28	IMG00549.JPG	3.432	2.07	0	0	0	NaN
29	IMG00549.JPG	2.214	1.71	0	0	0	NaN
30	IMG00549.JPG	2.388	0.968	0	0	0	NaN
31	IMG00549.JPG	3.142	0.916	0	0	0	NaN
32	IMG00549.JPG	3.322	1.675	0	0	0	NaN
33	IMG00548.JPG	2.133	1.988	0	0	0	NaN
34	IMG00548.JPG	2.075	1.617	0	0	0	NaN
35	IMG00548.JPG	3.414	1.635	0	0	0	NaN
36	IMG00548.JPG	3.409	2.029	0	0	0	NaN
37	IMG00548.JPG	2.174	1.612	0	0	0	NaN
38	IMG00548.JPG	2.452	0.788	0	0	0	NaN
39	IMG00548.JPG	3.13	0.765	0	0	0	NaN
40	IMG00548.JPG	3.357	1.612	0	0	0	NaN
41	IMG00547.JPG	2.203	2.052	0	0	0	NaN
42	IMG00547.JPG	2.133	1.681	0	0	0	NaN
43	IMG00547.JPG	3.467	1.594	0	0	0	NaN
44	IMG00547.JPG	3.397	1.983	0	0	0	NaN
45	IMG00547.JPG	2.232	1.629	0	0	0	NaN
46	IMG00547.JPG	2.371	0.904	0	0	0	NaN
47	IMG00547.JPG	3.096	0.835	0	0	0	NaN
48	IMG00547.JPG	3.362	1.565	0	0	0	NaN
49	IMG00546.JPG	2.226	2.017	0	0	0	NaN
50	IMG00546.JPG	2.162	1.646	0	0	0	NaN
51	IMG00546.JPG	3.496	1.588	0	0	0	NaN
52	IMG00546.JPG	3.414	1.988	0	0	0	NaN
53	IMG00546.JPG	2.278	1.6	0	0	0	NaN
54	IMG00546.JPG	2.441	0.823	0	0	0	NaN
55	IMG00546.JPG	3.148	0.771	0	0	0	NaN
56	IMG00546.JPG	3.403	1.583	0	0	0	NaN
57	IMG00545.JPG	2.128	2.006	0	0	0	NaN
58	IMG00545.JPG	2.046	1.623	0	0	0	NaN
59	IMG00545.JPG	3.414	1.554	0	0	0	NaN
60	IMG00545.JPG	3.42	1.954	0	0	0	NaN
61	IMG00545.JPG	2.238	1.612	0	0	0	NaN
62	IMG00545.JPG	2.388	0.806	0	0	0	NaN
63	IMG00545.JPG	3.159	0.777	0	0	0	NaN
64	IMG00545.JPG	3.304	1.583	0	0	0	NaN
65	IMG00544.JPG	2.22	1.971	0	0	0	NaN
66	IMG00544.JPG	2.174	1.583	0	0	0	NaN
67	IMG00544.JPG	3.339	1.571	0	0	0	NaN
68	IMG00544.JPG	3.368	1.948	0	0	0	NaN
69	IMG00544.JPG	2.296	1.559	0	0	0	NaN
70	IMG00544.JPG	2.458	0.841	0	0	0	NaN
71	IMG00544.JPG	3.09	0.823	0	0	0	NaN
72	IMG00544.JPG	3.246	1.594	0	0	0	NaN
73	IMG00543.JPG	2.145	2.023	0	0	0	NaN
74	IMG00543.JPG	2.093	1.675	0	0	0	NaN
75	IMG00543.JPG	3.386	1.629	0	0	0	NaN
76	IMG00543.JPG	3.438	2.029	0	0	0	NaN
77	IMG00543.JPG	2.267	1.612	0	0	0	NaN
78	IMG00543.JPG	2.446	0.817	0	0	0	NaN
79	IMG00543.JPG	3.119	0.8	0	0	0	NaN
80	IMG00543.JPG	3.299	1.612	0	0	0	NaN
81	IMG00542.JPG	2.151	2	0	0	0	NaN
82	IMG00542.JPG	2.116	1.646	0	0	0	NaN
83	IMG00542.JPG	3.374	1.641	0	0	0	NaN
84	IMG00542.JPG	3.426	2.017	0	0	0	NaN
85	IMG00542.JPG	2.249	1.612	0	0	0	NaN
86	IMG00542.JPG	2.423	0.823	0	0	0	NaN
87	IMG00542.JPG	3.171	0.812	0	0	0	NaN
88	IMG00542.JPG	3.275	1.641	0	0	0	NaN
89	IMG00541.JPG	2.22	1.872	0	0	0	NaN
90	IMG00541.JPG	2.151	1.559	0	0	0	NaN
91	IMG00541.JPG	3.351	1.559	0	0	0	NaN
92	IMG00541.JPG	3.328	1.89	0	0	0	NaN
93	IMG00541.JPG	2.296	1.542	0	0	0	NaN
94	IMG00541.JPG	2.493	0.823	0	0	0	NaN
95	IMG00541.JPG	3.142	0.846	0	0	0	NaN
96	IMG00541.JPG	3.258	1.548	0	0	0	NaN
97	IMG00540.JPG	2.209	1.867	0	0	0	NaN
98	IMG00540.JPG	2.162	1.548	0	0	0	NaN
99	IMG00540.JPG	3.322	1.536	0	0	0	NaN
100	IMG00540.JPG	3.316	1.861	0	0	0	NaN
101	IMG00540.JPG	2.301	1.53	0	0	0	NaN
102	IMG00540.JPG	2.458	0.887	0	0	0	NaN
103	IMG00540.JPG	3.125	0.899	0	0	0	NaN
104	IMG00540.JPG	3.264	1.548	0	0	0	NaN
105	IMG00539.JPG	2.151	1.977	0	0	0	NaN
106	IMG00539.JPG	2.139	1.6	0	0	0	NaN
107	IMG00539.JPG	3.432	1.519	0	0	0	NaN
108	IMG00539.JPG	3.478	1.954	0	0	0	NaN
109	IMG00539.JPG	2.238	1.571	0	0	0	NaN
110	IMG00539.JPG	2.51	0.835	0	0	0	NaN
111	IMG00539.JPG	3.148	0.771	0	0	0	NaN
112	IMG00539.JPG	3.38	1.548	0	0	0	NaN
113	IMG00538.JPG	2.133	2.017	0	0	0	NaN
114	IMG00538.JPG	2.07	1.629	0	0	0	NaN
115	IMG00538.JPG	3.426	1.583	0	0	0	NaN
116	IMG00538.JPG	3.507	1.942	0	0	0	NaN
117	IMG00538.JPG	2.249	1.588	0	0	0	NaN
118	IMG00538.JPG	2.452	0.887	0	0	0	NaN
119	IMG00538.JPG	3.107	0.875	0	0	0	NaN
120	IMG00538.JPG	3.31	1.559	0	0	0	NaN
121	IMG00537.JPG	2.174	2.023	0	0	0	NaN
122	IMG00537.JPG	2.133	1.629	0	0	0	NaN
123	IMG00537.JPG	3.403	1.571	0	0	0	NaN
124	IMG00537.JPG	3.443	2.006	0	0	0	NaN
125	IMG00537.JPG	2.249	1.612	0	0	0	NaN
126	IMG00537.JPG	2.429	0.991	0	0	0	NaN
127	IMG00537.JPG	3.148	0.933	0	0	0	NaN
128	IMG00537.JPG	3.31	1.571	0	0	0	NaN
129	IMG00536.JPG	2.243	2.006	0	0	0	NaN
130	IMG00536.JPG	2.186	1.687	0	0	0	NaN
131	IMG00536.JPG	3.432	1.606	0	0	0	NaN
132	IMG00536.JPG	3.362	2.006	0	0	0	NaN
133	IMG00536.JPG	2.278	1.67	0	0	0	NaN
134	IMG00536.JPG	2.481	0.736	0	0	0	NaN
135	IMG00536.JPG	3.09	0.719	0	0	0	NaN
136	IMG00536.JPG	3.345	1.606	0	0	0	NaN
137	IMG00535.JPG	2.081	2.023	0	0	0	NaN
138	IMG00535.JPG	2.081	1.606	0	0	0	NaN
139	IMG00535.JPG	3.42	1.606	0	0	0	NaN
140	IMG00535.JPG	3.443	2.07	0	0	0	NaN
141	IMG00535.JPG	2.226	1.571	0	0	0	NaN
142	IMG00535.JPG	2.406	0.835	0	0	0	NaN
143	IMG00535.JPG	3.084	0.817	0	0	0	NaN
144	IMG00535.JPG	3.299	1.606	0	0	0	NaN
145	IMG00534.JPG	2.267	2.4	0	0	0	NaN
146	IMG00534.JPG	2.087	1.681	0	0	0	NaN
147	IMG00534.JPG	3.432	1.612	0	0	0	NaN
148	IMG00534.JPG	3.403	2.272	0	0	0	NaN
149	IMG00534.JPG	2.238	1.722	0	0	0	NaN
150	IMG00534.JPG	2.452	0.962	0	0	0	NaN
151	IMG00534.JPG	3.171	0.893	0	0	0	NaN
152	IMG00534.JPG	3.345	1.583	0	0	0	NaN
153	IMG00533.JPG	2.278	1.988	0	0	0	NaN
154	IMG00533.JPG	2.168	1.623	0	0	0	NaN
155	IMG00533.JPG	3.397	1.554	0	0	0	NaN
156	IMG00533.JPG	3.316	1.983	0	0	0	NaN
157	IMG00533.JPG	2.342	1.623	0	0	0	NaN
158	IMG00533.JPG	2.458	0.846	0	0	0	NaN
159	IMG00533.JPG	3.165	0.806	0	0	0	NaN
160	IMG00533.JPG	3.316	1.565	0	0	0	NaN
161	IMG00532.JPG	2.267	2.023	0	0	0	NaN
162	IMG00532.JPG	2.145	1.623	0	0	0	NaN
163	IMG00532.JPG	3.409	1.606	0	0	0	NaN
164	IMG00532.JPG	3.391	2.006	0	0	0	NaN
165	IMG00532.JPG	2.261	1.606	0	0	0	NaN
166	IMG00532.JPG	2.516	0.806	0	0	0	NaN
167	IMG00532.JPG	3.148	0.765	0	0	0	NaN
168	IMG00532.JPG	3.316	1.583	0	0	0	NaN
169	IMG00531.JPG	2.22	2.052	0	0	0	NaN
170	IMG00531.JPG	2.122	1.67	0	0	0	NaN
171	IMG00531.JPG	3.449	1.583	0	0	0	NaN
172	IMG00531.JPG	3.443	1.988	0	0	0	NaN
173	IMG00531.JPG	2.243	1.664	0	0	0	NaN
174	IMG00531.JPG	2.504	0.788	0	0	0	NaN
175	IMG00531.JPG	3.154	0.748	0	0	0	NaN
176	IMG00531.JPG	3.345	1.583	0	0	0	NaN
177	IMG00530.JPG	2.11	2.104	0	0	0	NaN
178	IMG00530.JPG	2.041	1.728	0	0	0	NaN
179	IMG00530.JPG	3.525	1.629	0	0	0	NaN
180	IMG00530.JPG	3.426	2.099	0	0	0	NaN
181	IMG00530.JPG	2.18	1.635	0	0	0	NaN
182	IMG00530.JPG	2.365	0.754	0	0	0	NaN
183	IMG00530.JPG	3.188	0.719	0	0	0	NaN
184	IMG00530.JPG	3.409	1.652	0	0	0	NaN
185	mIMG00529.tif	2.359	1.855	0	0	0	NaN
186	mIMG00529.tif	2.255	1.612	0	0	0	NaN
187	mIMG00529.tif	3.455	1.53	0	0	0	NaN
188	mIMG00529.tif	3.449	1.826	0	0	0	NaN
189	mIMG00529.tif	2.342	1.588	0	0	0	NaN
190	mIMG00529.tif	2.539	0.771	0	0	0	NaN
191	mIMG00529.tif	3.101	0.742	0	0	0	NaN
192	mIMG00529.tif	3.368	1.565	0	0	0	NaN
1	mIMG00440.tif	2.191	1.977	0	0	0	NaN
2	mIMG00440.tif	2.122	1.571	0	0	0	NaN
3	mIMG00440.tif	3.467	1.507	0	0	0	NaN
4	mIMG00440.tif	3.414	1.907	0	0	0	NaN
5	mIMG00440.tif	2.272	1.571	0	0	0	NaN
6	mIMG00440.tif	2.446	0.817	0	0	0	NaN
7	mIMG00440.tif	3.142	0.794	0	0	0	NaN
8	mIMG00440.tif	3.362	1.513	0	0	0	NaN
9	mIMG00449.tif	2.278	1.925	0	0	0	NaN
10	mIMG00449.tif	2.238	1.577	0	0	0	NaN
11	mIMG00449.tif	3.432	1.571	0	0	0	NaN
12	mIMG00449.tif	3.374	1.948	0	0	0	NaN
13	mIMG00449.tif	2.383	1.583	0	0	0	NaN
14	mIMG00449.tif	2.394	0.904	0	0	0	NaN
15	mIMG00449.tif	3.159	0.87	0	0	0	NaN
16	mIMG00449.tif	3.328	1.606	0	0	0	NaN
17	mIMG00528.tif	2.162	1.919	0	0	0	NaN
18	mIMG00528.tif	2.122	1.6	0	0	0	NaN
19	mIMG00528.tif	3.322	1.554	0	0	0	NaN
20	mIMG00528.tif	3.328	1.901	0	0	0	NaN
21	mIMG00528.tif	2.243	1.612	0	0	0	NaN
22	mIMG00528.tif	2.301	0.829	0	0	0	NaN
23	mIMG00528.tif	3.072	0.794	0	0	0	NaN
24	mIMG00528.tif	3.258	1.548	0	0	0	NaN
25	mIMG00527.tif	2.18	1.971	0	0	0	NaN
26	mIMG00527.tif	2.11	1.6	0	0	0	NaN
27	mIMG00527.tif	3.484	1.507	0	0	0	NaN
28	mIMG00527.tif	3.426	1.901	0	0	0	NaN
29	mIMG00527.tif	2.232	1.559	0	0	0	NaN
30	mIMG00527.tif	2.371	0.678	0	0	0	NaN
31	mIMG00527.tif	3.061	0.603	0	0	0	NaN
32	mIMG00527.tif	3.374	1.496	0	0	0	NaN
33	mIMG00526.tif	2.139	2.058	0	0	0	NaN
34	mIMG00526.tif	2.122	1.617	0	0	0	NaN
35	mIMG00526.tif	3.467	1.559	0	0	0	NaN
36	mIMG00526.tif	3.484	2.058	0	0	0	NaN
37	mIMG00526.tif	2.243	1.588	0	0	0	NaN
38	mIMG00526.tif	2.423	0.841	0	0	0	NaN
39	mIMG00526.tif	3.096	0.777	0	0	0	NaN
40	mIMG00526.tif	3.345	1.548	0	0	0	NaN
41	mIMG00525.tif	2.191	2	0	0	0	NaN
42	mIMG00525.tif	2.104	1.588	0	0	0	NaN
43	mIMG00525.tif	3.386	1.588	0	0	0	NaN
44	mIMG00525.tif	3.281	2.012	0	0	0	NaN
45	mIMG00525.tif	2.243	1.588	0	0	0	NaN
46	mIMG00525.tif	2.441	0.788	0	0	0	NaN
47	mIMG00525.tif	3.101	0.788	0	0	0	NaN
48	mIMG00525.tif	3.31	1.594	0	0	0	NaN
49	mIMG00524.tif	2.186	2.023	0	0	0	NaN
50	mIMG00524.tif	2.145	1.635	0	0	0	NaN
51	mIMG00524.tif	3.478	1.588	0	0	0	NaN
52	mIMG00524.tif	3.513	2.023	0	0	0	NaN
53	mIMG00524.tif	2.278	1.635	0	0	0	NaN
54	mIMG00524.tif	2.464	0.788	0	0	0	NaN
55	mIMG00524.tif	3.142	0.748	0	0	0	NaN
56	mIMG00524.tif	3.403	1.588	0	0	0	NaN
57	mIMG00523.tif	2.162	2.035	0	0	0	NaN
58	mIMG00523.tif	2.116	1.675	0	0	0	NaN
59	mIMG00523.tif	3.362	1.606	0	0	0	NaN
60	mIMG00523.tif	3.397	1.977	0	0	0	NaN
61	mIMG00523.tif	2.232	1.658	0	0	0	NaN
62	mIMG00523.tif	2.441	0.893	0	0	0	NaN
63	mIMG00523.tif	3.09	0.835	0	0	0	NaN
64	mIMG00523.tif	3.293	1.594	0	0	0	NaN
65	mIMG00522.tif	2.145	1.925	0	0	0	NaN
66	mIMG00522.tif	2.11	1.606	0	0	0	NaN
67	mIMG00522.tif	3.432	1.548	0	0	0	NaN
68	mIMG00522.tif	3.409	1.896	0	0	0	NaN
69	mIMG00522.tif	2.238	1.6	0	0	0	NaN
70	mIMG00522.tif	2.435	0.777	0	0	0	NaN
71	mIMG00522.tif	3.136	0.73	0	0	0	NaN
72	mIMG00522.tif	3.345	1.536	0	0	0	NaN
73	mIMG00521.tif	2.226	1.803	0	0	0	NaN
74	mIMG00521.tif	2.186	1.594	0	0	0	NaN
75	mIMG00521.tif	3.374	1.501	0	0	0	NaN
76	mIMG00521.tif	3.362	1.814	0	0	0	NaN
77	mIMG00521.tif	2.284	1.6	0	0	0	NaN
78	mIMG00521.tif	2.417	0.829	0	0	0	NaN
79	mIMG00521.tif	3.084	0.8	0	0	0	NaN
80	mIMG00521.tif	3.287	1.525	0	0	0	NaN
81	mIMG00520.tif	2.191	1.977	0	0	0	NaN
82	mIMG00520.tif	2.133	1.542	0	0	0	NaN
83	mIMG00520.tif	3.583	1.496	0	0	0	NaN
84	mIMG00520.tif	3.565	1.948	0	0	0	NaN
85	mIMG00520.tif	2.261	1.571	0	0	0	NaN
86	mIMG00520.tif	2.47	0.661	0	0	0	NaN
87	mIMG00520.tif	3.293	0.643	0	0	0	NaN
88	mIMG00520.tif	3.461	1.501	0	0	0	NaN
89	mIMG00519.tif	2.261	2.017	0	0	0	NaN
90	mIMG00519.tif	2.145	1.623	0	0	0	NaN
91	mIMG00519.tif	3.455	1.612	0	0	0	NaN
92	mIMG00519.tif	3.38	2.006	0	0	0	NaN
93	mIMG00519.tif	2.278	1.641	0	0	0	NaN
94	mIMG00519.tif	2.435	0.864	0	0	0	NaN
95	mIMG00519.tif	3.188	0.823	0	0	0	NaN
96	mIMG00519.tif	3.38	1.606	0	0	0	NaN
97	mIMG00518.tif	2.209	1.942	0	0	0	NaN
98	mIMG00518.tif	2.162	1.606	0	0	0	NaN
99	mIMG00518.tif	3.443	1.536	0	0	0	NaN
100	mIMG00518.tif	3.443	1.901	0	0	0	NaN
101	mIMG00518.tif	2.255	1.583	0	0	0	NaN
102	mIMG00518.tif	2.435	0.759	0	0	0	NaN
103	mIMG00518.tif	3.096	0.73	0	0	0	NaN
104	mIMG00518.tif	3.362	1.542	0	0	0	NaN
105	mIMG00516.tif	2.232	1.93	0	0	0	NaN
106	mIMG00516.tif	2.261	1.652	0	0	0	NaN
107	mIMG00516.tif	3.357	1.565	0	0	0	NaN
108	mIMG00516.tif	3.357	1.843	0	0	0	NaN
109	mIMG00516.tif	2.336	1.646	0	0	0	NaN
110	mIMG00516.tif	2.464	0.922	0	0	0	NaN
111	mIMG00516.tif	3.171	0.852	0	0	0	NaN
112	mIMG00516.tif	3.27	1.565	0	0	0	NaN
113	mIMG00515.tif	2.122	2.064	0	0	0	NaN
114	mIMG00515.tif	2.116	1.693	0	0	0	NaN
115	mIMG00515.tif	3.397	1.641	0	0	0	NaN
116	mIMG00515.tif	3.432	2.023	0	0	0	NaN
117	mIMG00515.tif	2.232	1.699	0	0	0	NaN
118	mIMG00515.tif	2.377	0.899	0	0	0	NaN
119	mIMG00515.tif	3.148	0.904	0	0	0	NaN
120	mIMG00515.tif	3.304	1.612	0	0	0	NaN
121	mIMG00514.tif	2.186	2.017	0	0	0	NaN
122	mIMG00514.tif	2.104	1.67	0	0	0	NaN
123	mIMG00514.tif	3.467	1.6	0	0	0	NaN
124	mIMG00514.tif	3.467	1.913	0	0	0	NaN
125	mIMG00514.tif	2.278	1.658	0	0	0	NaN
126	mIMG00514.tif	2.359	0.777	0	0	0	NaN
127	mIMG00514.tif	3.2	0.719	0	0	0	NaN
128	mIMG00514.tif	3.362	1.583	0	0	0	NaN
129	mIMG00513.tif	2.139	2.272	0	0	0	NaN
130	mIMG00513.tif	2.035	1.629	0	0	0	NaN
131	mIMG00513.tif	3.501	1.513	0	0	0	NaN
132	mIMG00513.tif	3.548	2.18	0	0	0	NaN
133	mIMG00513.tif	2.197	1.652	0	0	0	NaN
134	mIMG00513.tif	2.441	0.823	0	0	0	NaN
135	mIMG00513.tif	3.136	0.841	0	0	0	NaN
136	mIMG00513.tif	3.403	1.519	0	0	0	NaN
137	mIMG00512.tif	2.226	2.006	0	0	0	NaN
138	mIMG00512.tif	2.197	1.617	0	0	0	NaN
139	mIMG00512.tif	3.484	1.583	0	0	0	NaN
140	mIMG00512.tif	3.507	2.017	0	0	0	NaN
141	mIMG00512.tif	2.342	1.641	0	0	0	NaN
142	mIMG00512.tif	2.47	0.904	0	0	0	NaN
143	mIMG00512.tif	3.183	0.823	0	0	0	NaN
144	mIMG00512.tif	3.38	1.588	0	0	0	NaN
145	mIMG00511.tif	2.191	2.006	0	0	0	NaN
146	mIMG00511.tif	2.104	1.577	0	0	0	NaN
147	mIMG00511.tif	3.496	1.571	0	0	0	NaN
148	mIMG00511.tif	3.49	1.971	0	0	0	NaN
149	mIMG00511.tif	2.243	1.606	0	0	0	NaN
150	mIMG00511.tif	2.371	0.817	0	0	0	NaN
151	mIMG00511.tif	3.13	0.783	0	0	0	NaN
152	mIMG00511.tif	3.374	1.583	0	0	0	NaN
153	mIMG00510.tif	2.232	2.11	0	0	0	NaN
154	mIMG00510.tif	2.133	1.716	0	0	0	NaN
155	mIMG00510.tif	3.467	1.6	0	0	0	NaN
156	mIMG00510.tif	3.501	1.977	0	0	0	NaN
157	mIMG00510.tif	2.255	1.687	0	0	0	NaN
158	mIMG00510.tif	2.464	0.829	0	0	0	NaN
159	mIMG00510.tif	3.107	0.788	0	0	0	NaN
160	mIMG00510.tif	3.38	1.612	0	0	0	NaN
161	mIMG00509.tif	2.29	1.977	0	0	0	NaN
162	mIMG00509.tif	2.232	1.67	0	0	0	NaN
163	mIMG00509.tif	3.438	1.623	0	0	0	NaN
164	mIMG00509.tif	3.426	1.93	0	0	0	NaN
165	mIMG00509.tif	2.33	1.675	0	0	0	NaN
166	mIMG00509.tif	2.452	0.875	0	0	0	NaN
167	mIMG00509.tif	3.212	0.864	0	0	0	NaN
168	mIMG00509.tif	3.391	1.606	0	0	0	NaN
169	mIMG00508.tif	2.104	2.255	0	0	0	NaN
170	mIMG00508.tif	1.988	1.757	0	0	0	NaN
171	mIMG00508.tif	3.467	1.612	0	0	0	NaN
172	mIMG00508.tif	3.496	2.197	0	0	0	NaN
173	mIMG00508.tif	2.157	1.728	0	0	0	NaN
174	mIMG00508.tif	2.313	0.701	0	0	0	NaN
175	mIMG00508.tif	3.183	0.661	0	0	0	NaN
176	mIMG00508.tif	3.339	1.617	0	0	0	NaN
177	mIMG00507.tif	2.209	2	0	0	0	NaN
178	mIMG00507.tif	2.133	1.67	0	0	0	NaN
179	mIMG00507.tif	3.443	1.594	0	0	0	NaN
180	mIMG00507.tif	3.391	1.965	0	0	0	NaN
181	mIMG00507.tif	2.249	1.629	0	0	0	NaN
182	mIMG00507.tif	2.388	0.823	0	0	0	NaN
183	mIMG00507.tif	3.107	0.771	0	0	0	NaN
184	mIMG00507.tif	3.339	1.6	0	0	0	NaN
185	mIMG00506.tif	2.087	2.162	0	0	0	NaN
186	mIMG00506.tif	2.023	1.635	0	0	0	NaN
187	mIMG00506.tif	3.449	1.559	0	0	0	NaN
188	mIMG00506.tif	3.467	2.093	0	0	0	NaN
189	mIMG00506.tif	2.203	1.6	0	0	0	NaN
190	mIMG00506.tif	2.354	0.846	0	0	0	NaN
191	mIMG00506.tif	3.206	0.8	0	0	0	NaN
192	mIMG00506.tif	3.339	1.571	0	0	0	NaN
193	mIMG00505.tif	2.093	2.116	0	0	0	NaN
194	mIMG00505.tif	2.035	1.635	0	0	0	NaN
195	mIMG00505.tif	3.449	1.623	0	0	0	NaN
196	mIMG00505.tif	3.443	2.081	0	0	0	NaN
197	mIMG00505.tif	2.209	1.629	0	0	0	NaN
198	mIMG00505.tif	2.348	0.887	0	0	0	NaN
199	mIMG00505.tif	3.136	0.881	0	0	0	NaN
200	mIMG00505.tif	3.293	1.594	0	0	0	NaN
201	mIMG00504.tif	2.116	2.249	0	0	0	NaN
202	mIMG00504.tif	2.012	1.606	0	0	0	NaN
203	mIMG00504.tif	3.525	1.583	0	0	0	NaN
204	mIMG00504.tif	3.507	2.197	0	0	0	NaN
205	mIMG00504.tif	2.214	1.606	0	0	0	NaN
206	mIMG00504.tif	2.377	0.87	0	0	0	NaN
207	mIMG00504.tif	3.171	0.887	0	0	0	NaN
208	mIMG00504.tif	3.42	1.594	0	0	0	NaN
209	mIMG00503.tif	2.226	2.122	0	0	0	NaN
210	mIMG00503.tif	2.168	1.594	0	0	0	NaN
211	mIMG00503.tif	3.559	1.542	0	0	0	NaN
212	mIMG00503.tif	3.542	2.041	0	0	0	NaN
213	mIMG00503.tif	2.313	1.623	0	0	0	NaN
214	mIMG00503.tif	2.493	0.852	0	0	0	NaN
215	mIMG00503.tif	3.223	0.835	0	0	0	NaN
216	mIMG00503.tif	3.409	1.565	0	0	0	NaN
217	mIMG00502.tif	2.174	2.023	0	0	0	NaN
218	mIMG00502.tif	2.104	1.757	0	0	0	NaN
219	mIMG00502.tif	3.438	1.681	0	0	0	NaN
220	mIMG00502.tif	3.432	2.064	0	0	0	NaN
221	mIMG00502.tif	2.226	1.67	0	0	0	NaN
222	mIMG00502.tif	2.319	0.91	0	0	0	NaN
223	mIMG00502.tif	3.096	0.841	0	0	0	NaN
224	mIMG00502.tif	3.351	1.641	0	0	0	NaN
225	mIMG00501.tif	2.162	1.959	0	0	0	NaN
226	mIMG00501.tif	2.099	1.606	0	0	0	NaN
227	mIMG00501.tif	3.432	1.606	0	0	0	NaN
228	mIMG00501.tif	3.397	2	0	0	0	NaN
229	mIMG00501.tif	2.226	1.583	0	0	0	NaN
230	mIMG00501.tif	2.423	0.713	0	0	0	NaN
231	mIMG00501.tif	3.096	0.707	0	0	0	NaN
232	mIMG00501.tif	3.322	1.617	0	0	0	NaN
233	mIMG00500.tif	2.325	1.867	0	0	0	NaN
234	mIMG00500.tif	2.238	1.612	0	0	0	NaN
235	mIMG00500.tif	3.409	1.571	0	0	0	NaN
236	mIMG00500.tif	3.339	1.843	0	0	0	NaN
237	mIMG00500.tif	2.371	1.612	0	0	0	NaN
238	mIMG00500.tif	2.493	0.91	0	0	0	NaN
239	mIMG00500.tif	3.223	0.829	0	0	0	NaN
240	mIMG00500.tif	3.333	1.565	0	0	0	NaN
241	mIMG00498.tif	2.017	2.012	0	0	0	NaN
242	mIMG00498.tif	2.023	1.699	0	0	0	NaN
243	mIMG00498.tif	3.426	1.641	0	0	0	NaN
244	mIMG00498.tif	3.455	2.07	0	0	0	NaN
245	mIMG00498.tif	2.226	1.623	0	0	0	NaN
246	mIMG00498.tif	2.272	0.823	0	0	0	NaN
247	mIMG00498.tif	3.113	0.812	0	0	0	NaN
248	mIMG00498.tif	3.275	1.664	0	0	0	NaN
249	mIMG00497.tif	2.186	1.872	0	0	0	NaN
250	mIMG00497.tif	2.133	1.623	0	0	0	NaN
251	mIMG00497.tif	3.38	1.565	0	0	0	NaN
252	mIMG00497.tif	3.368	1.89	0	0	0	NaN
253	mIMG00497.tif	2.267	1.588	0	0	0	NaN
254	mIMG00497.tif	2.377	0.812	0	0	0	NaN
255	mIMG00497.tif	3.13	0.788	0	0	0	NaN
256	mIMG00497.tif	3.287	1.554	0	0	0	NaN
257	mIMG00496.tif	2.232	1.954	0	0	0	NaN
258	mIMG00496.tif	2.162	1.588	0	0	0	NaN
259	mIMG00496.tif	3.386	1.583	0	0	0	NaN
260	mIMG00496.tif	3.328	1.977	0	0	0	NaN
261	mIMG00496.tif	2.249	1.559	0	0	0	NaN
262	mIMG00496.tif	2.348	0.794	0	0	0	NaN
263	mIMG00496.tif	3.136	0.783	0	0	0	NaN
264	mIMG00496.tif	3.316	1.583	0	0	0	NaN
265	mIMG00495.tif	2.22	1.959	0	0	0	NaN
266	mIMG00495.tif	2.151	1.612	0	0	0	NaN
267	mIMG00495.tif	3.374	1.588	0	0	0	NaN
268	mIMG00495.tif	3.328	1.983	0	0	0	NaN
269	mIMG00495.tif	2.243	1.559	0	0	0	NaN
270	mIMG00495.tif	2.365	0.765	0	0	0	NaN
271	mIMG00495.tif	3.159	0.771	0	0	0	NaN
272	mIMG00495.tif	3.293	1.594	0	0	0	NaN
273	mIMG00494.tif	2.18	1.994	0	0	0	NaN
274	mIMG00494.tif	2.116	1.548	0	0	0	NaN
275	mIMG00494.tif	3.501	1.577	0	0	0	NaN
276	mIMG00494.tif	3.467	2.035	0	0	0	NaN
277	mIMG00494.tif	2.296	1.571	0	0	0	NaN
278	mIMG00494.tif	2.47	0.875	0	0	0	NaN
279	mIMG00494.tif	3.183	0.893	0	0	0	NaN
280	mIMG00494.tif	3.386	1.571	0	0	0	NaN
281	mIMG00493.tif	2.18	2.035	0	0	0	NaN
282	mIMG00493.tif	2.122	1.635	0	0	0	NaN
283	mIMG00493.tif	3.403	1.571	0	0	0	NaN
284	mIMG00493.tif	3.426	1.988	0	0	0	NaN
285	mIMG00493.tif	2.272	1.629	0	0	0	NaN
286	mIMG00493.tif	2.464	0.777	0	0	0	NaN
287	mIMG00493.tif	3.183	0.736	0	0	0	NaN
288	mIMG00493.tif	3.31	1.571	0	0	0	NaN
289	mIMG00492.tif	2.11	1.971	0	0	0	NaN
290	mIMG00492.tif	2.099	1.652	0	0	0	NaN
291	mIMG00492.tif	3.397	1.583	0	0	0	NaN
292	mIMG00492.tif	3.368	1.988	0	0	0	NaN
293	mIMG00492.tif	2.238	1.606	0	0	0	NaN
294	mIMG00492.tif	2.319	0.881	0	0	0	NaN
295	mIMG00492.tif	3.125	0.835	0	0	0	NaN
296	mIMG00492.tif	3.304	1.6	0	0	0	NaN
297	mIMG00491.tif	2.122	1.988	0	0	0	NaN
298	mIMG00491.tif	2.099	1.664	0	0	0	NaN
299	mIMG00491.tif	3.386	1.588	0	0	0	NaN
300	mIMG00491.tif	3.368	2.006	0	0	0	NaN
301	mIMG00491.tif	2.22	1.612	0	0	0	NaN
302	mIMG00491.tif	2.348	0.823	0	0	0	NaN
303	mIMG00491.tif	3.09	0.846	0	0	0	NaN
304	mIMG00491.tif	3.293	1.6	0	0	0	NaN
305	mIMG00490.tif	2.133	2.099	0	0	0	NaN
306	mIMG00490.tif	2.046	1.704	0	0	0	NaN
307	mIMG00490.tif	3.374	1.588	0	0	0	NaN
308	mIMG00490.tif	3.362	2.029	0	0	0	NaN
309	mIMG00490.tif	2.267	1.71	0	0	0	NaN
310	mIMG00490.tif	2.383	0.841	0	0	0	NaN
311	mIMG00490.tif	3.107	0.817	0	0	0	NaN
312	mIMG00490.tif	3.252	1.542	0	0	0	NaN
313	mIMG00489.tif	2.145	2.249	0	0	0	NaN
314	mIMG00489.tif	2.099	1.617	0	0	0	NaN
315	mIMG00489.tif	3.577	1.588	0	0	0	NaN
316	mIMG00489.tif	3.571	2.214	0	0	0	NaN
317	mIMG00489.tif	2.261	1.629	0	0	0	NaN
318	mIMG00489.tif	2.423	0.939	0	0	0	NaN
319	mIMG00489.tif	3.246	0.881	0	0	0	NaN
320	mIMG00489.tif	3.432	1.588	0	0	0	NaN
321	mIMG00488.tif	2.255	2.046	0	0	0	NaN
322	mIMG00488.tif	2.249	1.67	0	0	0	NaN
323	mIMG00488.tif	3.548	1.652	0	0	0	NaN
324	mIMG00488.tif	3.519	2.093	0	0	0	NaN
325	mIMG00488.tif	2.4	1.594	0	0	0	NaN
326	mIMG00488.tif	2.499	0.922	0	0	0	NaN
327	mIMG00488.tif	3.281	0.887	0	0	0	NaN
328	mIMG00488.tif	3.403	1.687	0	0	0	NaN
329	mIMG00487.tif	2.255	2.081	0	0	0	NaN
330	mIMG00487.tif	2.18	1.641	0	0	0	NaN
331	mIMG00487.tif	3.472	1.565	0	0	0	NaN
332	mIMG00487.tif	3.49	2.023	0	0	0	NaN
333	mIMG00487.tif	2.33	1.635	0	0	0	NaN
334	mIMG00487.tif	2.475	0.91	0	0	0	NaN
335	mIMG00487.tif	3.177	0.864	0	0	0	NaN
336	mIMG00487.tif	3.386	1.571	0	0	0	NaN
337	mIMG00486.tif	2.162	1.971	0	0	0	NaN
338	mIMG00486.tif	2.075	1.67	0	0	0	NaN
339	mIMG00486.tif	3.368	1.612	0	0	0	NaN
340	mIMG00486.tif	3.345	1.919	0	0	0	NaN
341	mIMG00486.tif	2.18	1.641	0	0	0	NaN
342	mIMG00486.tif	2.4	0.759	0	0	0	NaN
343	mIMG00486.tif	3.009	0.754	0	0	0	NaN
344	mIMG00486.tif	3.293	1.612	0	0	0	NaN
345	mIMG00485.tif	2.157	2.191	0	0	0	NaN
346	mIMG00485.tif	2.035	1.693	0	0	0	NaN
347	mIMG00485.tif	3.414	1.6	0	0	0	NaN
348	mIMG00485.tif	3.478	2.104	0	0	0	NaN
349	mIMG00485.tif	2.232	1.635	0	0	0	NaN
350	mIMG00485.tif	2.383	0.87	0	0	0	NaN
351	mIMG00485.tif	3.154	0.841	0	0	0	NaN
352	mIMG00485.tif	3.31	1.6	0	0	0	NaN
353	mIMG00484.tif	2.209	2.064	0	0	0	NaN
354	mIMG00484.tif	2.203	1.681	0	0	0	NaN
355	mIMG00484.tif	3.443	1.588	0	0	0	NaN
356	mIMG00484.tif	3.42	2.035	0	0	0	NaN
357	mIMG00484.tif	2.33	1.652	0	0	0	NaN
358	mIMG00484.tif	2.481	0.916	0	0	0	NaN
359	mIMG00484.tif	3.113	0.899	0	0	0	NaN
360	mIMG00484.tif	3.304	1.646	0	0	0	NaN
361	mIMG00483.tif	2.284	1.93	0	0	0	NaN
362	mIMG00483.tif	2.22	1.606	0	0	0	NaN
363	mIMG00483.tif	3.49	1.6	0	0	0	NaN
364	mIMG00483.tif	3.426	1.942	0	0	0	NaN
365	mIMG00483.tif	2.342	1.612	0	0	0	NaN
366	mIMG00483.tif	2.406	0.783	0	0	0	NaN
367	mIMG00483.tif	3.229	0.736	0	0	0	NaN
368	mIMG00483.tif	3.368	1.6	0	0	0	NaN
369	mIMG00482.tif	2.197	2.035	0	0	0	NaN
370	mIMG00482.tif	2.151	1.612	0	0	0	NaN
371	mIMG00482.tif	3.426	1.623	0	0	0	NaN
372	mIMG00482.tif	3.472	2.041	0	0	0	NaN
373	mIMG00482.tif	2.296	1.577	0	0	0	NaN
374	mIMG00482.tif	2.4	0.852	0	0	0	NaN
375	mIMG00482.tif	3.217	0.812	0	0	0	NaN
376	mIMG00482.tif	3.362	1.594	0	0	0	NaN
377	mIMG00481.tif	2.18	2.035	0	0	0	NaN
378	mIMG00481.tif	2.157	1.606	0	0	0	NaN
379	mIMG00481.tif	3.461	1.617	0	0	0	NaN
380	mIMG00481.tif	3.467	2.035	0	0	0	NaN
381	mIMG00481.tif	2.301	1.554	0	0	0	NaN
382	mIMG00481.tif	2.423	0.812	0	0	0	NaN
383	mIMG00481.tif	3.165	0.788	0	0	0	NaN
384	mIMG00481.tif	3.345	1.583	0	0	0	NaN
385	mIMG00480.tif	2.203	2.029	0	0	0	NaN
386	mIMG00480.tif	2.116	1.635	0	0	0	NaN
387	mIMG00480.tif	3.455	1.588	0	0	0	NaN
388	mIMG00480.tif	3.426	2.012	0	0	0	NaN
389	mIMG00480.tif	2.301	1.588	0	0	0	NaN
390	mIMG00480.tif	2.383	0.742	0	0	0	NaN
391	mIMG00480.tif	3.2	0.707	0	0	0	NaN
392	mIMG00480.tif	3.374	1.594	0	0	0	NaN
393	mIMG00479.tif	2.186	2.168	0	0	0	NaN
394	mIMG00479.tif	2.064	1.704	0	0	0	NaN
395	mIMG00479.tif	3.351	1.594	0	0	0	NaN
396	mIMG00479.tif	3.386	2.122	0	0	0	NaN
397	mIMG00479.tif	2.209	1.704	0	0	0	NaN
398	mIMG00479.tif	2.394	0.829	0	0	0	NaN
399	mIMG00479.tif	3.13	0.823	0	0	0	NaN
400	mIMG00479.tif	3.258	1.583	0	0	0	NaN
401	mIMG00478.tif	2.232	2.075	0	0	0	NaN
402	mIMG00478.tif	2.191	1.745	0	0	0	NaN
403	mIMG00478.tif	3.53	1.6	0	0	0	NaN
404	mIMG00478.tif	3.513	2.075	0	0	0	NaN
405	mIMG00478.tif	2.301	1.635	0	0	0	NaN
406	mIMG00478.tif	2.423	0.933	0	0	0	NaN
407	mIMG00478.tif	3.171	0.881	0	0	0	NaN
408	mIMG00478.tif	3.443	1.629	0	0	0	NaN
409	mIMG00477.tif	2.116	2.052	0	0	0	NaN
410	mIMG00477.tif	2.058	1.612	0	0	0	NaN
411	mIMG00477.tif	3.449	1.571	0	0	0	NaN
412	mIMG00477.tif	3.426	2.052	0	0	0	NaN
413	mIMG00477.tif	2.243	1.641	0	0	0	NaN
414	mIMG00477.tif	2.365	0.846	0	0	0	NaN
415	mIMG00477.tif	3.136	0.829	0	0	0	NaN
416	mIMG00477.tif	3.345	1.577	0	0	0	NaN
417	mIMG00476.tif	2.162	2.075	0	0	0	NaN
418	mIMG00476.tif	2.11	1.67	0	0	0	NaN
419	mIMG00476.tif	3.426	1.554	0	0	0	NaN
420	mIMG00476.tif	3.478	1.965	0	0	0	NaN
421	mIMG00476.tif	2.232	1.641	0	0	0	NaN
422	mIMG00476.tif	2.4	0.817	0	0	0	NaN
423	mIMG00476.tif	3.067	0.8	0	0	0	NaN
424	mIMG00476.tif	3.322	1.571	0	0	0	NaN
425	mIMG00475.tif	2.139	1.977	0	0	0	NaN
426	mIMG00475.tif	2.087	1.6	0	0	0	NaN
427	mIMG00475.tif	3.449	1.583	0	0	0	NaN
428	mIMG00475.tif	3.397	1.988	0	0	0	NaN
429	mIMG00475.tif	2.214	1.6	0	0	0	NaN
430	mIMG00475.tif	2.406	0.777	0	0	0	NaN
431	mIMG00475.tif	3.107	0.771	0	0	0	NaN
432	mIMG00475.tif	3.345	1.617	0	0	0	NaN
433	mIMG00474.tif	2.157	2.017	0	0	0	NaN
434	mIMG00474.tif	2.133	1.664	0	0	0	NaN
435	mIMG00474.tif	3.438	1.571	0	0	0	NaN
436	mIMG00474.tif	3.38	2	0	0	0	NaN
437	mIMG00474.tif	2.278	1.577	0	0	0	NaN
438	mIMG00474.tif	2.388	0.875	0	0	0	NaN
439	mIMG00474.tif	3.101	0.817	0	0	0	NaN
440	mIMG00474.tif	3.299	1.606	0	0	0	NaN
441	mIMG00473.tif	2.162	2.203	0	0	0	NaN
442	mIMG00473.tif	2.035	1.693	0	0	0	NaN
443	mIMG00473.tif	3.513	1.6	0	0	0	NaN
444	mIMG00473.tif	3.513	2.093	0	0	0	NaN
445	mIMG00473.tif	2.226	1.681	0	0	0	NaN
446	mIMG00473.tif	2.446	0.771	0	0	0	NaN
447	mIMG00473.tif	3.09	0.73	0	0	0	NaN
448	mIMG00473.tif	3.403	1.559	0	0	0	NaN
449	mIMG00472.tif	2.261	1.983	0	0	0	NaN
450	mIMG00472.tif	2.18	1.617	0	0	0	NaN
451	mIMG00472.tif	3.391	1.571	0	0	0	NaN
452	mIMG00472.tif	3.443	1.89	0	0	0	NaN
453	mIMG00472.tif	2.296	1.652	0	0	0	NaN
454	mIMG00472.tif	2.429	0.829	0	0	0	NaN
455	mIMG00472.tif	3.072	0.765	0	0	0	NaN
456	mIMG00472.tif	3.299	1.577	0	0	0	NaN
457	mIMG00471.tif	2.157	2.116	0	0	0	NaN
458	mIMG00471.tif	2.099	1.67	0	0	0	NaN
459	mIMG00471.tif	3.455	1.635	0	0	0	NaN
460	mIMG00471.tif	3.496	2.07	0	0	0	NaN
461	mIMG00471.tif	2.232	1.635	0	0	0	NaN
462	mIMG00471.tif	2.377	0.893	0	0	0	NaN
463	mIMG00471.tif	3.061	0.841	0	0	0	NaN
464	mIMG00471.tif	3.368	1.641	0	0	0	NaN
465	mIMG00470.tif	2.203	1.925	0	0	0	NaN
466	mIMG00470.tif	2.168	1.594	0	0	0	NaN
467	mIMG00470.tif	3.351	1.6	0	0	0	NaN
468	mIMG00470.tif	3.357	1.942	0	0	0	NaN
469	mIMG00470.tif	2.29	1.617	0	0	0	NaN
470	mIMG00470.tif	2.446	0.87	0	0	0	NaN
471	mIMG00470.tif	3.096	0.846	0	0	0	NaN
472	mIMG00470.tif	3.281	1.612	0	0	0	NaN
473	mIMG00469.tif	2.139	2.023	0	0	0	NaN
474	mIMG00469.tif	2.087	1.635	0	0	0	NaN
475	mIMG00469.tif	3.496	1.513	0	0	0	NaN
476	mIMG00469.tif	3.414	1.988	0	0	0	NaN
477	mIMG00469.tif	2.209	1.571	0	0	0	NaN
478	mIMG00469.tif	2.307	0.829	0	0	0	NaN
479	mIMG00469.tif	3.136	0.794	0	0	0	NaN
480	mIMG00469.tif	3.409	1.548	0	0	0	NaN
481	mIMG00468.tif	2.214	2.087	0	0	0	NaN
482	mIMG00468.tif	2.104	1.606	0	0	0	NaN
483	mIMG00468.tif	3.478	1.513	0	0	0	NaN
484	mIMG00468.tif	3.403	2.023	0	0	0	NaN
485	mIMG00468.tif	2.255	1.594	0	0	0	NaN
486	mIMG00468.tif	2.441	0.719	0	0	0	NaN
487	mIMG00468.tif	3.2	0.684	0	0	0	NaN
488	mIMG00468.tif	3.362	1.496	0	0	0	NaN
489	mIMG00467.tif	2.226	2.081	0	0	0	NaN
490	mIMG00467.tif	2.081	1.699	0	0	0	NaN
491	mIMG00467.tif	3.42	1.588	0	0	0	NaN
492	mIMG00467.tif	3.374	2.017	0	0	0	NaN
493	mIMG00467.tif	2.22	1.704	0	0	0	NaN
494	mIMG00467.tif	2.336	0.835	0	0	0	NaN
495	mIMG00467.tif	3.148	0.817	0	0	0	NaN
496	mIMG00467.tif	3.345	1.571	0	0	0	NaN
497	mIMG00466.tif	2.087	1.89	0	0	0	NaN
498	mIMG00466.tif	2.041	1.594	0	0	0	NaN
499	mIMG00466.tif	3.223	1.594	0	0	0	NaN
500	mIMG00466.tif	3.188	1.872	0	0	0	NaN
501	mIMG00466.tif	2.139	1.588	0	0	0	NaN
502	mIMG00466.tif	2.301	0.951	0	0	0	NaN
503	mIMG00466.tif	2.957	0.899	0	0	0	NaN
504	mIMG00466.tif	3.142	1.583	0	0	0	NaN
505	mIMG00465.tif	2.18	1.971	0	0	0	NaN
506	mIMG00465.tif	2.11	1.675	0	0	0	NaN
507	mIMG00465.tif	3.403	1.617	0	0	0	NaN
508	mIMG00465.tif	3.414	1.93	0	0	0	NaN
509	mIMG00465.tif	2.226	1.681	0	0	0	NaN
510	mIMG00465.tif	2.383	0.846	0	0	0	NaN
511	mIMG00465.tif	3.171	0.829	0	0	0	NaN
512	mIMG00465.tif	3.328	1.635	0	0	0	NaN
513	mIMG00464.tif	2.22	2.046	0	0	0	NaN
514	mIMG00464.tif	2.093	1.629	0	0	0	NaN
515	mIMG00464.tif	3.38	1.594	0	0	0	NaN
516	mIMG00464.tif	3.397	2.07	0	0	0	NaN
517	mIMG00464.tif	2.249	1.577	0	0	0	NaN
518	mIMG00464.tif	2.423	0.806	0	0	0	NaN
519	mIMG00464.tif	3.136	0.8	0	0	0	NaN
520	mIMG00464.tif	3.328	1.594	0	0	0	NaN
521	mIMG00463.tif	2.238	2.145	0	0	0	NaN
522	mIMG00463.tif	2.093	1.728	0	0	0	NaN
523	mIMG00463.tif	3.443	1.594	0	0	0	NaN
524	mIMG00463.tif	3.403	2.058	0	0	0	NaN
525	mIMG00463.tif	2.243	1.67	0	0	0	NaN
526	mIMG00463.tif	2.441	0.846	0	0	0	NaN
527	mIMG00463.tif	3.188	0.794	0	0	0	NaN
528	mIMG00463.tif	3.357	1.594	0	0	0	NaN
529	mIMG00462.tif	2.162	2.052	0	0	0	NaN
530	mIMG00462.tif	2.099	1.623	0	0	0	NaN
531	mIMG00462.tif	3.513	1.577	0	0	0	NaN
532	mIMG00462.tif	3.513	2.012	0	0	0	NaN
533	mIMG00462.tif	2.203	1.6	0	0	0	NaN
534	mIMG00462.tif	2.394	0.742	0	0	0	NaN
535	mIMG00462.tif	3.171	0.707	0	0	0	NaN
536	mIMG00462.tif	3.368	1.594	0	0	0	NaN
537	mIMG00461.tif	2.197	2.093	0	0	0	NaN
538	mIMG00461.tif	2.099	1.583	0	0	0	NaN
539	mIMG00461.tif	3.478	1.617	0	0	0	NaN
540	mIMG00461.tif	3.449	2.11	0	0	0	NaN
541	mIMG00461.tif	2.29	1.6	0	0	0	NaN
542	mIMG00461.tif	2.458	0.794	0	0	0	NaN
543	mIMG00461.tif	3.101	0.806	0	0	0	NaN
544	mIMG00461.tif	3.374	1.693	0	0	0	NaN
545	mIMG00460.tif	2.11	2	0	0	0	NaN
546	mIMG00460.tif	2.041	1.67	0	0	0	NaN
547	mIMG00460.tif	3.368	1.6	0	0	0	NaN
548	mIMG00460.tif	3.333	2.035	0	0	0	NaN
549	mIMG00460.tif	2.209	1.629	0	0	0	NaN
550	mIMG00460.tif	2.383	0.881	0	0	0	NaN
551	mIMG00460.tif	3.107	0.87	0	0	0	NaN
552	mIMG00460.tif	3.246	1.606	0	0	0	NaN
553	mIMG00459.tif	2.139	1.948	0	0	0	NaN
554	mIMG00459.tif	2.099	1.658	0	0	0	NaN
555	mIMG00459.tif	3.345	1.588	0	0	0	NaN
556	mIMG00459.tif	3.328	1.907	0	0	0	NaN
557	mIMG00459.tif	2.226	1.658	0	0	0	NaN
558	mIMG00459.tif	2.377	0.823	0	0	0	NaN
559	mIMG00459.tif	3.055	0.788	0	0	0	NaN
560	mIMG00459.tif	3.252	1.606	0	0	0	NaN
561	mIMG00458.tif	2.197	2.046	0	0	0	NaN
562	mIMG00458.tif	2.093	1.594	0	0	0	NaN
563	mIMG00458.tif	3.484	1.49	0	0	0	NaN
564	mIMG00458.tif	3.484	1.942	0	0	0	NaN
565	mIMG00458.tif	2.255	1.623	0	0	0	NaN
566	mIMG00458.tif	2.406	0.957	0	0	0	NaN
567	mIMG00458.tif	3.142	0.916	0	0	0	NaN
568	mIMG00458.tif	3.362	1.49	0	0	0	NaN
569	mIMG00457.tif	2.162	2.041	0	0	0	NaN
570	mIMG00457.tif	2.07	1.577	0	0	0	NaN
571	mIMG00457.tif	3.42	1.455	0	0	0	NaN
572	mIMG00457.tif	3.438	1.959	0	0	0	NaN
573	mIMG00457.tif	2.272	1.559	0	0	0	NaN
574	mIMG00457.tif	2.435	0.846	0	0	0	NaN
575	mIMG00457.tif	3.101	0.829	0	0	0	NaN
576	mIMG00457.tif	3.316	1.478	0	0	0	NaN
577	mIMG00456.tif	2.238	1.971	0	0	0	NaN
578	mIMG00456.tif	2.197	1.664	0	0	0	NaN
579	mIMG00456.tif	3.397	1.588	0	0	0	NaN
580	mIMG00456.tif	3.391	1.936	0	0	0	NaN
581	mIMG00456.tif	2.325	1.641	0	0	0	NaN
582	mIMG00456.tif	2.423	0.922	0	0	0	NaN
583	mIMG00456.tif	3.165	0.91	0	0	0	NaN
584	mIMG00456.tif	3.316	1.606	0	0	0	NaN
585	mIMG00455.tif	2.226	2.133	0	0	0	NaN
586	mIMG00455.tif	2.133	1.67	0	0	0	NaN
587	mIMG00455.tif	3.455	1.577	0	0	0	NaN
588	mIMG00455.tif	3.443	2.081	0	0	0	NaN
589	mIMG00455.tif	2.255	1.681	0	0	0	NaN
590	mIMG00455.tif	2.394	0.788	0	0	0	NaN
591	mIMG00455.tif	3.113	0.725	0	0	0	NaN
592	mIMG00455.tif	3.351	1.571	0	0	0	NaN
593	mIMG00454.tif	2.145	1.919	0	0	0	NaN
594	mIMG00454.tif	2.087	1.623	0	0	0	NaN
595	mIMG00454.tif	3.374	1.542	0	0	0	NaN
596	mIMG00454.tif	3.391	1.867	0	0	0	NaN
597	mIMG00454.tif	2.226	1.629	0	0	0	NaN
598	mIMG00454.tif	2.412	0.864	0	0	0	NaN
599	mIMG00454.tif	3.072	0.841	0	0	0	NaN
600	mIMG00454.tif	3.299	1.559	0	0	0	NaN
601	mIMG00453.tif	2.017	2.139	0	0	0	NaN
602	mIMG00453.tif	2.052	1.6	0	0	0	NaN
603	mIMG00453.tif	3.351	1.571	0	0	0	NaN
604	mIMG00453.tif	3.409	2.116	0	0	0	NaN
605	mIMG00453.tif	2.186	1.652	0	0	0	NaN
606	mIMG00453.tif	2.296	0.823	0	0	0	NaN
607	mIMG00453.tif	3.061	0.736	0	0	0	NaN
608	mIMG00453.tif	3.264	1.606	0	0	0	NaN
609	mIMG00452.tif	2.203	2.029	0	0	0	NaN
610	mIMG00452.tif	2.122	1.629	0	0	0	NaN
611	mIMG00452.tif	3.467	1.49	0	0	0	NaN
612	mIMG00452.tif	3.496	1.925	0	0	0	NaN
613	mIMG00452.tif	2.278	1.583	0	0	0	NaN
614	mIMG00452.tif	2.412	0.643	0	0	0	NaN
615	mIMG00452.tif	3.246	0.597	0	0	0	NaN
616	mIMG00452.tif	3.38	1.501	0	0	0	NaN
617	mIMG00451.tif	2.162	2.099	0	0	0	NaN
618	mIMG00451.tif	2.064	1.571	0	0	0	NaN
619	mIMG00451.tif	3.542	1.484	0	0	0	NaN
620	mIMG00451.tif	3.542	2.145	0	0	0	NaN
621	mIMG00451.tif	2.22	1.565	0	0	0	NaN
622	mIMG00451.tif	2.452	0.829	0	0	0	NaN
623	mIMG00451.tif	3.084	0.777	0	0	0	NaN
624	mIMG00451.tif	3.409	1.559	0	0	0	NaN
625	mIMG00450.tif	2.226	2.157	0	0	0	NaN
626	mIMG00450.tif	2.151	1.588	0	0	0	NaN
627	mIMG00450.tif	3.646	1.438	0	0	0	NaN
628	mIMG00450.tif	3.606	2.122	0	0	0	NaN
629	mIMG00450.tif	2.301	1.6	0	0	0	NaN
630	mIMG00450.tif	2.406	0.806	0	0	0	NaN
631	mIMG00450.tif	3.2	0.73	0	0	0	NaN
632	mIMG00450.tif	3.432	1.548	0	0	0	NaN
633	mIMG00448.tif	2.104	1.971	0	0	0	NaN
634	mIMG00448.tif	2.052	1.588	0	0	0	NaN
635	mIMG00448.tif	3.391	1.548	0	0	0	NaN
636	mIMG00448.tif	3.386	1.901	0	0	0	NaN
637	mIMG00448.tif	2.226	1.583	0	0	0	NaN
638	mIMG00448.tif	2.423	0.98	0	0	0	NaN
639	mIMG00448.tif	3.09	0.887	0	0	0	NaN
640	mIMG00448.tif	3.252	1.559	0	0	0	NaN
641	mIMG00447.tif	2.22	2.029	0	0	0	NaN
642	mIMG00447.tif	2.139	1.716	0	0	0	NaN
643	mIMG00447.tif	3.357	1.612	0	0	0	NaN
644	mIMG00447.tif	3.38	1.971	0	0	0	NaN
645	mIMG00447.tif	2.29	1.681	0	0	0	NaN
646	mIMG00447.tif	2.441	0.881	0	0	0	NaN
647	mIMG00447.tif	3.049	0.846	0	0	0	NaN
648	mIMG00447.tif	3.275	1.606	0	0	0	NaN
649	mIMG00446.tif	2.238	2.012	0	0	0	NaN
650	mIMG00446.tif	2.168	1.594	0	0	0	NaN
651	mIMG00446.tif	3.414	1.548	0	0	0	NaN
652	mIMG00446.tif	3.362	2.012	0	0	0	NaN
653	mIMG00446.tif	2.296	1.594	0	0	0	NaN
654	mIMG00446.tif	2.441	0.742	0	0	0	NaN
655	mIMG00446.tif	3.136	0.725	0	0	0	NaN
656	mIMG00446.tif	3.333	1.542	0	0	0	NaN
657	mIMG00445.tif	2.203	1.93	0	0	0	NaN
658	mIMG00445.tif	2.139	1.577	0	0	0	NaN
659	mIMG00445.tif	3.391	1.501	0	0	0	NaN
660	mIMG00445.tif	3.386	1.925	0	0	0	NaN
661	mIMG00445.tif	2.284	1.559	0	0	0	NaN
662	mIMG00445.tif	2.423	0.922	0	0	0	NaN
663	mIMG00445.tif	3.107	0.881	0	0	0	NaN
664	mIMG00445.tif	3.281	1.519	0	0	0	NaN
665	mIMG00444.tif	2.214	2.133	0	0	0	NaN
666	mIMG00444.tif	2.104	1.594	0	0	0	NaN
667	mIMG00444.tif	3.455	1.525	0	0	0	NaN
668	mIMG00444.tif	3.414	2.081	0	0	0	NaN
669	mIMG00444.tif	2.272	1.623	0	0	0	NaN
670	mIMG00444.tif	2.51	0.771	0	0	0	NaN
671	mIMG00444.tif	3.078	0.748	0	0	0	NaN
672	mIMG00444.tif	3.357	1.542	0	0	0	NaN
673	mIMG00443.tif	2.22	2.023	0	0	0	NaN
674	mIMG00443.tif	2.214	1.571	0	0	0	NaN
675	mIMG00443.tif	3.507	1.507	0	0	0	NaN
676	mIMG00443.tif	3.507	1.919	0	0	0	NaN
677	mIMG00443.tif	2.342	1.612	0	0	0	NaN
678	mIMG00443.tif	2.441	0.748	0	0	0	NaN
679	mIMG00443.tif	3.165	0.701	0	0	0	NaN
680	mIMG00443.tif	3.391	1.554	0	0	0	NaN
681	mIMG00442.tif	2.238	1.913	0	0	0	NaN
682	mIMG00442.tif	2.168	1.53	0	0	0	NaN
683	mIMG00442.tif	3.397	1.513	0	0	0	NaN
684	mIMG00442.tif	3.339	1.925	0	0	0	NaN
685	mIMG00442.tif	2.284	1.536	0	0	0	NaN
686	mIMG00442.tif	2.394	0.777	0	0	0	NaN
687	mIMG00442.tif	3.084	0.719	0	0	0	NaN
688	mIMG00442.tif	3.322	1.525	0	0	0	NaN
689	mIMG00441.tif	2.139	1.983	0	0	0	NaN
690	mIMG00441.tif	2.081	1.594	0	0	0	NaN
691	mIMG00441.tif	3.374	1.548	0	0	0	NaN
692	mIMG00441.tif	3.345	1.959	0	0	0	NaN
693	mIMG00441.tif	2.203	1.594	0	0	0	NaN
694	mIMG00441.tif	2.354	0.812	0	0	0	NaN
695	mIMG00441.tif	3.038	0.771	0	0	0	NaN
696	mIMG00441.tif	3.258	1.577	0	0	0	NaN
697	mIMG00517.tif	2.249	2.157	0	0	0	NaN
698	mIMG00517.tif	2.174	1.704	0	0	0	NaN
699	mIMG00517.tif	3.53	1.646	0	0	0	NaN
700	mIMG00517.tif	3.472	2.145	0	0	0	NaN
701	mIMG00517.tif	2.284	1.681	0	0	0	NaN
702	mIMG00517.tif	2.435	0.817	0	0	0	NaN
703	mIMG00517.tif	3.183	0.8	0	0	0	NaN
704	mIMG00517.tif	3.443	1.635	0	0	0	NaN
705	mIMG00499.tif	2.099	2.261	0	0	0	NaN
706	mIMG00499.tif	2.012	1.652	0	0	0	NaN
707	mIMG00499.tif	3.565	1.577	0	0	0	NaN
708	mIMG00499.tif	3.6	2.22	0	0	0	NaN
709	mIMG00499.tif	2.197	1.641	0	0	0	NaN
710	mIMG00499.tif	2.458	0.899	0	0	0	NaN
711	mIMG00499.tif	3.2	0.881	0	0	0	NaN
712	mIMG00499.tif	3.391	1.571	0	0	0	NaN