 	Label	X	Y	Circ.	AR	Round	Solidity
1	IMG01650.JPG	2.029	1.948	0	0	0	NaN
2	IMG01650.JPG	1.936	1.565	0	0	0	NaN
3	IMG01650.JPG	3.42	1.507	0	0	0	NaN
4	IMG01650.JPG	3.316	1.983	0	0	0	NaN
5	IMG01650.JPG	2.197	1.606	0	0	0	NaN
6	IMG01650.JPG	2.499	0.69	0	0	0	NaN
7	IMG01650.JPG	3.119	0.696	0	0	0	NaN
8	IMG01650.JPG	3.328	1.461	0	0	0	NaN
9	IMG01649.JPG	1.983	2.064	0	0	0	NaN
10	IMG01649.JPG	1.936	1.583	0	0	0	NaN
11	IMG01649.JPG	3.414	1.67	0	0	0	NaN
12	IMG01649.JPG	3.345	2.145	0	0	0	NaN
13	IMG01649.JPG	2.075	1.565	0	0	0	NaN
14	IMG01649.JPG	2.272	0.8	0	0	0	NaN
15	IMG01649.JPG	2.997	0.8	0	0	0	NaN
16	IMG01649.JPG	3.252	1.623	0	0	0	NaN
17	IMG01648.JPG	2.052	2.07	0	0	0	NaN
18	IMG01648.JPG	2.012	1.583	0	0	0	NaN
19	IMG01648.JPG	3.501	1.612	0	0	0	NaN
20	IMG01648.JPG	3.42	2.104	0	0	0	NaN
21	IMG01648.JPG	2.191	1.554	0	0	0	NaN
22	IMG01648.JPG	2.441	0.841	0	0	0	NaN
23	IMG01648.JPG	3.125	0.829	0	0	0	NaN
24	IMG01648.JPG	3.374	1.571	0	0	0	NaN
25	IMG01647.JPG	1.994	2.145	0	0	0	NaN
26	IMG01647.JPG	1.988	1.664	0	0	0	NaN
27	IMG01647.JPG	3.472	1.588	0	0	0	NaN
28	IMG01647.JPG	3.461	2.081	0	0	0	NaN
29	IMG01647.JPG	2.087	1.641	0	0	0	NaN
30	IMG01647.JPG	2.423	0.858	0	0	0	NaN
31	IMG01647.JPG	3.101	0.841	0	0	0	NaN
32	IMG01647.JPG	3.38	1.571	0	0	0	NaN
33	IMG01646.JPG	2.064	2.041	0	0	0	NaN
34	IMG01646.JPG	1.983	1.606	0	0	0	NaN
35	IMG01646.JPG	3.403	1.6	0	0	0	NaN
36	IMG01646.JPG	3.391	2.104	0	0	0	NaN
37	IMG01646.JPG	2.209	1.658	0	0	0	NaN
38	IMG01646.JPG	2.516	0.922	0	0	0	NaN
39	IMG01646.JPG	3.2	0.904	0	0	0	NaN
40	IMG01646.JPG	3.339	1.612	0	0	0	NaN
41	IMG01645.JPG	2.081	2.162	0	0	0	NaN
42	IMG01645.JPG	2.041	1.675	0	0	0	NaN
43	IMG01645.JPG	3.513	1.652	0	0	0	NaN
44	IMG01645.JPG	3.409	2.151	0	0	0	NaN
45	IMG01645.JPG	2.162	1.617	0	0	0	NaN
46	IMG01645.JPG	2.4	0.91	0	0	0	NaN
47	IMG01645.JPG	3.061	0.899	0	0	0	NaN
48	IMG01645.JPG	3.351	1.623	0	0	0	NaN
49	IMG01644.JPG	2	2.122	0	0	0	NaN
50	IMG01644.JPG	1.977	1.623	0	0	0	NaN
51	IMG01644.JPG	3.449	1.588	0	0	0	NaN
52	IMG01644.JPG	3.455	2.07	0	0	0	NaN
53	IMG01644.JPG	2.07	1.6	0	0	0	NaN
54	IMG01644.JPG	2.441	0.881	0	0	0	NaN
55	IMG01644.JPG	3.136	0.858	0	0	0	NaN
56	IMG01644.JPG	3.322	1.588	0	0	0	NaN
57	IMG01643.JPG	2.093	2.116	0	0	0	NaN
58	IMG01643.JPG	1.994	1.612	0	0	0	NaN
59	IMG01643.JPG	3.49	1.606	0	0	0	NaN
60	IMG01643.JPG	3.472	2.157	0	0	0	NaN
61	IMG01643.JPG	2.11	1.588	0	0	0	NaN
62	IMG01643.JPG	2.33	0.922	0	0	0	NaN
63	IMG01643.JPG	3.055	0.858	0	0	0	NaN
64	IMG01643.JPG	3.351	1.571	0	0	0	NaN
65	IMG01642.JPG	2.11	2.099	0	0	0	NaN
66	IMG01642.JPG	2.104	1.617	0	0	0	NaN
67	IMG01642.JPG	3.519	1.629	0	0	0	NaN
68	IMG01642.JPG	3.455	2.162	0	0	0	NaN
69	IMG01642.JPG	2.22	1.577	0	0	0	NaN
70	IMG01642.JPG	2.481	0.875	0	0	0	NaN
71	IMG01642.JPG	3.107	0.864	0	0	0	NaN
72	IMG01642.JPG	3.397	1.641	0	0	0	NaN
73	IMG01641.JPG	2.035	2.168	0	0	0	NaN
74	IMG01641.JPG	2.006	1.646	0	0	0	NaN
75	IMG01641.JPG	3.449	1.565	0	0	0	NaN
76	IMG01641.JPG	3.443	2.087	0	0	0	NaN
77	IMG01641.JPG	2.104	1.646	0	0	0	NaN
78	IMG01641.JPG	2.435	0.899	0	0	0	NaN
79	IMG01641.JPG	3.125	0.904	0	0	0	NaN
80	IMG01641.JPG	3.357	1.559	0	0	0	NaN
81	IMG01640.JPG	2.22	2.058	0	0	0	NaN
82	IMG01640.JPG	2.151	1.675	0	0	0	NaN
83	IMG01640.JPG	3.328	1.646	0	0	0	NaN
84	IMG01640.JPG	3.333	2.035	0	0	0	NaN
85	IMG01640.JPG	2.255	1.664	0	0	0	NaN
86	IMG01640.JPG	2.51	0.835	0	0	0	NaN
87	IMG01640.JPG	3.049	0.835	0	0	0	NaN
88	IMG01640.JPG	3.235	1.6	0	0	0	NaN
89	IMG01639.JPG	2.157	2.104	0	0	0	NaN
90	IMG01639.JPG	2.11	1.623	0	0	0	NaN
91	IMG01639.JPG	3.501	1.606	0	0	0	NaN
92	IMG01639.JPG	3.438	2.087	0	0	0	NaN
93	IMG01639.JPG	2.203	1.6	0	0	0	NaN
94	IMG01639.JPG	2.348	0.829	0	0	0	NaN
95	IMG01639.JPG	3.165	0.817	0	0	0	NaN
96	IMG01639.JPG	3.391	1.612	0	0	0	NaN
97	IMG01638.JPG	2.18	2.18	0	0	0	NaN
98	IMG01638.JPG	2.046	1.675	0	0	0	NaN
99	IMG01638.JPG	3.536	1.612	0	0	0	NaN
100	IMG01638.JPG	3.513	2.081	0	0	0	NaN
101	IMG01638.JPG	2.186	1.612	0	0	0	NaN
102	IMG01638.JPG	2.388	0.794	0	0	0	NaN
103	IMG01638.JPG	3.159	0.736	0	0	0	NaN
104	IMG01638.JPG	3.426	1.577	0	0	0	NaN
105	IMG01637.JPG	2.122	2.11	0	0	0	NaN
106	IMG01637.JPG	2.052	1.675	0	0	0	NaN
107	IMG01637.JPG	3.432	1.588	0	0	0	NaN
108	IMG01637.JPG	3.443	2.012	0	0	0	NaN
109	IMG01637.JPG	2.214	1.652	0	0	0	NaN
110	IMG01637.JPG	2.429	0.916	0	0	0	NaN
111	IMG01637.JPG	3.107	0.893	0	0	0	NaN
112	IMG01637.JPG	3.339	1.583	0	0	0	NaN
113	IMG01636.JPG	2.168	2.064	0	0	0	NaN
114	IMG01636.JPG	2.075	1.635	0	0	0	NaN
115	IMG01636.JPG	3.449	1.687	0	0	0	NaN
116	IMG01636.JPG	3.345	2.099	0	0	0	NaN
117	IMG01636.JPG	2.168	1.617	0	0	0	NaN
118	IMG01636.JPG	2.435	0.852	0	0	0	NaN
119	IMG01636.JPG	3.136	0.829	0	0	0	NaN
120	IMG01636.JPG	3.345	1.635	0	0	0	NaN
121	IMG01635.JPG	2.081	2.046	0	0	0	NaN
122	IMG01635.JPG	2.052	1.571	0	0	0	NaN
123	IMG01635.JPG	3.49	1.588	0	0	0	NaN
124	IMG01635.JPG	3.443	2.064	0	0	0	NaN
125	IMG01635.JPG	2.191	1.536	0	0	0	NaN
126	IMG01635.JPG	2.406	0.817	0	0	0	NaN
127	IMG01635.JPG	3.055	0.841	0	0	0	NaN
128	IMG01635.JPG	3.362	1.559	0	0	0	NaN
129	IMG01634.JPG	2.226	2.075	0	0	0	NaN
130	IMG01634.JPG	2.186	1.646	0	0	0	NaN
131	IMG01634.JPG	3.403	1.664	0	0	0	NaN
132	IMG01634.JPG	3.357	2.07	0	0	0	NaN
133	IMG01634.JPG	2.307	1.652	0	0	0	NaN
134	IMG01634.JPG	2.522	0.887	0	0	0	NaN
135	IMG01634.JPG	3.125	0.87	0	0	0	NaN
136	IMG01634.JPG	3.275	1.623	0	0	0	NaN
137	IMG01483.JPG	2.191	1.965	0	0	0	NaN
138	IMG01483.JPG	2.11	1.583	0	0	0	NaN
139	IMG01483.JPG	3.391	1.594	0	0	0	NaN
140	IMG01483.JPG	3.397	1.942	0	0	0	NaN
141	IMG01483.JPG	2.243	1.583	0	0	0	NaN
142	IMG01483.JPG	2.417	0.777	0	0	0	NaN
143	IMG01483.JPG	3.13	0.771	0	0	0	NaN
144	IMG01483.JPG	3.293	1.571	0	0	0	NaN
145	IMG01633.JPG	2.064	2.18	0	0	0	NaN
146	IMG01633.JPG	1.988	1.641	0	0	0	NaN
147	IMG01633.JPG	3.501	1.577	0	0	0	NaN
148	IMG01633.JPG	3.49	2.122	0	0	0	NaN
149	IMG01633.JPG	2.151	1.641	0	0	0	NaN
150	IMG01633.JPG	2.336	0.939	0	0	0	NaN
151	IMG01633.JPG	3.096	0.91	0	0	0	NaN
152	IMG01633.JPG	3.345	1.606	0	0	0	NaN
153	IMG01632.JPG	2.168	2	0	0	0	NaN
154	IMG01632.JPG	2.151	1.577	0	0	0	NaN
155	IMG01632.JPG	3.513	1.519	0	0	0	NaN
156	IMG01632.JPG	3.554	1.925	0	0	0	NaN
157	IMG01632.JPG	2.284	1.565	0	0	0	NaN
158	IMG01632.JPG	2.412	0.829	0	0	0	NaN
159	IMG01632.JPG	3.217	0.806	0	0	0	NaN
160	IMG01632.JPG	3.409	1.478	0	0	0	NaN
161	IMG01631.JPG	2.168	2.064	0	0	0	NaN
162	IMG01631.JPG	2.122	1.704	0	0	0	NaN
163	IMG01631.JPG	3.507	1.629	0	0	0	NaN
164	IMG01631.JPG	3.409	2	0	0	0	NaN
165	IMG01631.JPG	2.232	1.67	0	0	0	NaN
166	IMG01631.JPG	2.394	0.823	0	0	0	NaN
167	IMG01631.JPG	3.148	0.806	0	0	0	NaN
168	IMG01631.JPG	3.391	1.606	0	0	0	NaN
169	IMG01630.JPG	2.041	2.058	0	0	0	NaN
170	IMG01630.JPG	2.075	1.617	0	0	0	NaN
171	IMG01630.JPG	3.588	1.554	0	0	0	NaN
172	IMG01630.JPG	3.617	1.959	0	0	0	NaN
173	IMG01630.JPG	2.209	1.606	0	0	0	NaN
174	IMG01630.JPG	2.365	0.864	0	0	0	NaN
175	IMG01630.JPG	3.229	0.817	0	0	0	NaN
176	IMG01630.JPG	3.443	1.588	0	0	0	NaN
177	IMG01629.JPG	2.029	2.33	0	0	0	NaN
178	IMG01629.JPG	2.029	1.675	0	0	0	NaN
179	IMG01629.JPG	3.617	1.641	0	0	0	NaN
180	IMG01629.JPG	3.606	2.278	0	0	0	NaN
181	IMG01629.JPG	2.209	1.687	0	0	0	NaN
182	IMG01629.JPG	2.47	0.887	0	0	0	NaN
183	IMG01629.JPG	3.171	0.87	0	0	0	NaN
184	IMG01629.JPG	3.507	1.612	0	0	0	NaN
185	IMG01628.JPG	2.157	2.087	0	0	0	NaN
186	IMG01628.JPG	2.099	1.704	0	0	0	NaN
187	IMG01628.JPG	3.484	1.617	0	0	0	NaN
188	IMG01628.JPG	3.519	2.023	0	0	0	NaN
189	IMG01628.JPG	2.22	1.681	0	0	0	NaN
190	IMG01628.JPG	2.475	0.771	0	0	0	NaN
191	IMG01628.JPG	3.159	0.777	0	0	0	NaN
192	IMG01628.JPG	3.386	1.583	0	0	0	NaN
193	IMG01627.JPG	2.116	2.07	0	0	0	NaN
194	IMG01627.JPG	2.099	1.664	0	0	0	NaN
195	IMG01627.JPG	3.6	1.571	0	0	0	NaN
196	IMG01627.JPG	3.496	2.081	0	0	0	NaN
197	IMG01627.JPG	2.168	1.623	0	0	0	NaN
198	IMG01627.JPG	2.388	0.788	0	0	0	NaN
199	IMG01627.JPG	3.171	0.812	0	0	0	NaN
200	IMG01627.JPG	3.49	1.6	0	0	0	NaN
201	IMG01626.JPG	2.157	2.012	0	0	0	NaN
202	IMG01626.JPG	2.11	1.606	0	0	0	NaN
203	IMG01626.JPG	3.507	1.606	0	0	0	NaN
204	IMG01626.JPG	3.496	1.959	0	0	0	NaN
205	IMG01626.JPG	2.238	1.629	0	0	0	NaN
206	IMG01626.JPG	2.4	0.73	0	0	0	NaN
207	IMG01626.JPG	3.217	0.696	0	0	0	NaN
208	IMG01626.JPG	3.397	1.594	0	0	0	NaN
209	IMG01625.JPG	2.174	2	0	0	0	NaN
210	IMG01625.JPG	2.168	1.577	0	0	0	NaN
211	IMG01625.JPG	3.455	1.565	0	0	0	NaN
212	IMG01625.JPG	3.403	2.029	0	0	0	NaN
213	IMG01625.JPG	2.278	1.559	0	0	0	NaN
214	IMG01625.JPG	2.516	0.771	0	0	0	NaN
215	IMG01625.JPG	3.171	0.8	0	0	0	NaN
216	IMG01625.JPG	3.357	1.565	0	0	0	NaN
217	IMG01624.JPG	1.977	2.157	0	0	0	NaN
218	IMG01624.JPG	1.994	1.577	0	0	0	NaN
219	IMG01624.JPG	3.617	1.571	0	0	0	NaN
220	IMG01624.JPG	3.641	2.18	0	0	0	NaN
221	IMG01624.JPG	2.168	1.577	0	0	0	NaN
222	IMG01624.JPG	2.458	0.875	0	0	0	NaN
223	IMG01624.JPG	3.217	0.893	0	0	0	NaN
224	IMG01624.JPG	3.507	1.548	0	0	0	NaN
225	IMG01623.JPG	2.226	2.058	0	0	0	NaN
226	IMG01623.JPG	2.145	1.675	0	0	0	NaN
227	IMG01623.JPG	3.536	1.623	0	0	0	NaN
228	IMG01623.JPG	3.443	1.988	0	0	0	NaN
229	IMG01623.JPG	2.249	1.606	0	0	0	NaN
230	IMG01623.JPG	2.441	0.8	0	0	0	NaN
231	IMG01623.JPG	3.258	0.8	0	0	0	NaN
232	IMG01623.JPG	3.432	1.606	0	0	0	NaN
233	IMG01622.JPG	2.099	1.913	0	0	0	NaN
234	IMG01622.JPG	2.023	1.617	0	0	0	NaN
235	IMG01622.JPG	3.386	1.571	0	0	0	NaN
236	IMG01622.JPG	3.409	1.878	0	0	0	NaN
237	IMG01622.JPG	2.168	1.594	0	0	0	NaN
238	IMG01622.JPG	2.388	0.841	0	0	0	NaN
239	IMG01622.JPG	3.13	0.823	0	0	0	NaN
240	IMG01622.JPG	3.31	1.588	0	0	0	NaN
241	IMG01621.JPG	2.093	1.954	0	0	0	NaN
242	IMG01621.JPG	2.064	1.594	0	0	0	NaN
243	IMG01621.JPG	3.42	1.617	0	0	0	NaN
244	IMG01621.JPG	3.42	1.954	0	0	0	NaN
245	IMG01621.JPG	2.174	1.594	0	0	0	NaN
246	IMG01621.JPG	2.342	0.812	0	0	0	NaN
247	IMG01621.JPG	3.101	0.794	0	0	0	NaN
248	IMG01621.JPG	3.322	1.588	0	0	0	NaN
249	IMG01620.JPG	2.214	1.948	0	0	0	NaN
250	IMG01620.JPG	2.145	1.548	0	0	0	NaN
251	IMG01620.JPG	3.478	1.583	0	0	0	NaN
252	IMG01620.JPG	3.42	1.994	0	0	0	NaN
253	IMG01620.JPG	2.232	1.525	0	0	0	NaN
254	IMG01620.JPG	2.441	0.777	0	0	0	NaN
255	IMG01620.JPG	3.159	0.736	0	0	0	NaN
256	IMG01620.JPG	3.403	1.554	0	0	0	NaN
257	IMG01619.JPG	2.081	2.081	0	0	0	NaN
258	IMG01619.JPG	2.064	1.652	0	0	0	NaN
259	IMG01619.JPG	3.513	1.635	0	0	0	NaN
260	IMG01619.JPG	3.507	2.058	0	0	0	NaN
261	IMG01619.JPG	2.197	1.635	0	0	0	NaN
262	IMG01619.JPG	2.493	0.87	0	0	0	NaN
263	IMG01619.JPG	3.154	0.875	0	0	0	NaN
264	IMG01619.JPG	3.414	1.635	0	0	0	NaN
265	IMG01618.JPG	2.093	2.139	0	0	0	NaN
266	IMG01618.JPG	2.029	1.629	0	0	0	NaN
267	IMG01618.JPG	3.496	1.565	0	0	0	NaN
268	IMG01618.JPG	3.478	2.052	0	0	0	NaN
269	IMG01618.JPG	2.122	1.612	0	0	0	NaN
270	IMG01618.JPG	2.388	0.823	0	0	0	NaN
271	IMG01618.JPG	3.142	0.841	0	0	0	NaN
272	IMG01618.JPG	3.414	1.542	0	0	0	NaN
273	IMG01617.JPG	2.116	2.116	0	0	0	NaN
274	IMG01617.JPG	2.093	1.641	0	0	0	NaN
275	IMG01617.JPG	3.49	1.675	0	0	0	NaN
276	IMG01617.JPG	3.49	2.075	0	0	0	NaN
277	IMG01617.JPG	2.209	1.658	0	0	0	NaN
278	IMG01617.JPG	2.446	0.846	0	0	0	NaN
279	IMG01617.JPG	3.188	0.846	0	0	0	NaN
280	IMG01617.JPG	3.345	1.623	0	0	0	NaN
281	IMG01616.JPG	2.139	2	0	0	0	NaN
282	IMG01616.JPG	2.104	1.612	0	0	0	NaN
283	IMG01616.JPG	3.484	1.606	0	0	0	NaN
284	IMG01616.JPG	3.455	1.965	0	0	0	NaN
285	IMG01616.JPG	2.209	1.559	0	0	0	NaN
286	IMG01616.JPG	2.371	0.852	0	0	0	NaN
287	IMG01616.JPG	3.188	0.846	0	0	0	NaN
288	IMG01616.JPG	3.397	1.588	0	0	0	NaN
289	IMG01615.JPG	2.064	2.238	0	0	0	NaN
290	IMG01615.JPG	2	1.664	0	0	0	NaN
291	IMG01615.JPG	3.583	1.675	0	0	0	NaN
292	IMG01615.JPG	3.536	2.168	0	0	0	NaN
293	IMG01615.JPG	2.139	1.612	0	0	0	NaN
294	IMG01615.JPG	2.435	0.841	0	0	0	NaN
295	IMG01615.JPG	3.148	0.829	0	0	0	NaN
296	IMG01615.JPG	3.409	1.635	0	0	0	NaN
297	IMG01614.JPG	2.22	2.11	0	0	0	NaN
298	IMG01614.JPG	2.162	1.664	0	0	0	NaN
299	IMG01614.JPG	3.565	1.646	0	0	0	NaN
300	IMG01614.JPG	3.472	2.087	0	0	0	NaN
301	IMG01614.JPG	2.267	1.606	0	0	0	NaN
302	IMG01614.JPG	2.417	0.817	0	0	0	NaN
303	IMG01614.JPG	3.217	0.759	0	0	0	NaN
304	IMG01614.JPG	3.438	1.588	0	0	0	NaN
305	IMG01613.JPG	2.197	2.197	0	0	0	NaN
306	IMG01613.JPG	2.087	1.716	0	0	0	NaN
307	IMG01613.JPG	3.484	1.635	0	0	0	NaN
308	IMG01613.JPG	3.49	2.075	0	0	0	NaN
309	IMG01613.JPG	2.214	1.704	0	0	0	NaN
310	IMG01613.JPG	2.423	0.945	0	0	0	NaN
311	IMG01613.JPG	3.13	0.91	0	0	0	NaN
312	IMG01613.JPG	3.362	1.617	0	0	0	NaN
313	IMG01612.JPG	2.104	2.191	0	0	0	NaN
314	IMG01612.JPG	2.006	1.658	0	0	0	NaN
315	IMG01612.JPG	3.501	1.623	0	0	0	NaN
316	IMG01612.JPG	3.496	2.157	0	0	0	NaN
317	IMG01612.JPG	2.139	1.635	0	0	0	NaN
318	IMG01612.JPG	2.51	0.904	0	0	0	NaN
319	IMG01612.JPG	3.159	0.881	0	0	0	NaN
320	IMG01612.JPG	3.368	1.594	0	0	0	NaN
321	IMG01611.JPG	2.261	2.029	0	0	0	NaN
322	IMG01611.JPG	2.243	1.652	0	0	0	NaN
323	IMG01611.JPG	3.548	1.606	0	0	0	NaN
324	IMG01611.JPG	3.53	2.012	0	0	0	NaN
325	IMG01611.JPG	2.348	1.641	0	0	0	NaN
326	IMG01611.JPG	2.574	0.98	0	0	0	NaN
327	IMG01611.JPG	3.229	0.91	0	0	0	NaN
328	IMG01611.JPG	3.455	1.606	0	0	0	NaN
329	IMG01610.JPG	2.104	2.081	0	0	0	NaN
330	IMG01610.JPG	2.081	1.641	0	0	0	NaN
331	IMG01610.JPG	3.449	1.617	0	0	0	NaN
332	IMG01610.JPG	3.472	2.029	0	0	0	NaN
333	IMG01610.JPG	2.203	1.635	0	0	0	NaN
334	IMG01610.JPG	2.435	0.899	0	0	0	NaN
335	IMG01610.JPG	3.101	0.91	0	0	0	NaN
336	IMG01610.JPG	3.357	1.617	0	0	0	NaN
337	IMG01609.JPG	2.157	2.046	0	0	0	NaN
338	IMG01609.JPG	2.122	1.641	0	0	0	NaN
339	IMG01609.JPG	3.496	1.594	0	0	0	NaN
340	IMG01609.JPG	3.414	2.017	0	0	0	NaN
341	IMG01609.JPG	2.267	1.617	0	0	0	NaN
342	IMG01609.JPG	2.516	0.887	0	0	0	NaN
343	IMG01609.JPG	3.136	0.887	0	0	0	NaN
344	IMG01609.JPG	3.386	1.583	0	0	0	NaN
345	IMG01608.JPG	2.081	2.191	0	0	0	NaN
346	IMG01608.JPG	2.093	1.623	0	0	0	NaN
347	IMG01608.JPG	3.484	1.617	0	0	0	NaN
348	IMG01608.JPG	3.519	2.145	0	0	0	NaN
349	IMG01608.JPG	2.203	1.606	0	0	0	NaN
350	IMG01608.JPG	2.464	0.922	0	0	0	NaN
351	IMG01608.JPG	3.136	0.904	0	0	0	NaN
352	IMG01608.JPG	3.368	1.571	0	0	0	NaN
353	IMG01607.JPG	2.058	2.07	0	0	0	NaN
354	IMG01607.JPG	2.023	1.594	0	0	0	NaN
355	IMG01607.JPG	3.426	1.577	0	0	0	NaN
356	IMG01607.JPG	3.374	2.064	0	0	0	NaN
357	IMG01607.JPG	2.128	1.559	0	0	0	NaN
358	IMG01607.JPG	2.365	0.788	0	0	0	NaN
359	IMG01607.JPG	3.055	0.759	0	0	0	NaN
360	IMG01607.JPG	3.304	1.559	0	0	0	NaN
361	IMG01606.JPG	2.22	2.099	0	0	0	NaN
362	IMG01606.JPG	2.214	1.606	0	0	0	NaN
363	IMG01606.JPG	3.449	1.594	0	0	0	NaN
364	IMG01606.JPG	3.432	2.104	0	0	0	NaN
365	IMG01606.JPG	2.325	1.6	0	0	0	NaN
366	IMG01606.JPG	2.499	0.881	0	0	0	NaN
367	IMG01606.JPG	3.113	0.852	0	0	0	NaN
368	IMG01606.JPG	3.299	1.594	0	0	0	NaN
369	IMG01605.JPG	2.052	2.087	0	0	0	NaN
370	IMG01605.JPG	2.012	1.588	0	0	0	NaN
371	IMG01605.JPG	3.461	1.6	0	0	0	NaN
372	IMG01605.JPG	3.397	2.11	0	0	0	NaN
373	IMG01605.JPG	2.151	1.554	0	0	0	NaN
374	IMG01605.JPG	2.394	0.783	0	0	0	NaN
375	IMG01605.JPG	3.026	0.742	0	0	0	NaN
376	IMG01605.JPG	3.345	1.606	0	0	0	NaN
377	IMG01604.JPG	2.052	2.046	0	0	0	NaN
378	IMG01604.JPG	2.052	1.681	0	0	0	NaN
379	IMG01604.JPG	3.519	1.623	0	0	0	NaN
380	IMG01604.JPG	3.559	2.006	0	0	0	NaN
381	IMG01604.JPG	2.214	1.641	0	0	0	NaN
382	IMG01604.JPG	2.441	0.8	0	0	0	NaN
383	IMG01604.JPG	3.165	0.777	0	0	0	NaN
384	IMG01604.JPG	3.409	1.6	0	0	0	NaN
385	IMG01603.JPG	2.29	1.907	0	0	0	NaN
386	IMG01603.JPG	2.197	1.588	0	0	0	NaN
387	IMG01603.JPG	3.386	1.571	0	0	0	NaN
388	IMG01603.JPG	3.345	1.884	0	0	0	NaN
389	IMG01603.JPG	2.284	1.565	0	0	0	NaN
390	IMG01603.JPG	2.487	0.904	0	0	0	NaN
391	IMG01603.JPG	3.125	0.881	0	0	0	NaN
392	IMG01603.JPG	3.281	1.571	0	0	0	NaN
393	IMG01602.JPG	2.133	2.099	0	0	0	NaN
394	IMG01602.JPG	2.104	1.6	0	0	0	NaN
395	IMG01602.JPG	3.472	1.594	0	0	0	NaN
396	IMG01602.JPG	3.496	1.965	0	0	0	NaN
397	IMG01602.JPG	2.238	1.6	0	0	0	NaN
398	IMG01602.JPG	2.441	0.933	0	0	0	NaN
399	IMG01602.JPG	3.113	0.916	0	0	0	NaN
400	IMG01602.JPG	3.339	1.629	0	0	0	NaN
401	IMG01601.JPG	2.139	2.075	0	0	0	NaN
402	IMG01601.JPG	2.11	1.606	0	0	0	NaN
403	IMG01601.JPG	3.438	1.594	0	0	0	NaN
404	IMG01601.JPG	3.432	2.041	0	0	0	NaN
405	IMG01601.JPG	2.226	1.583	0	0	0	NaN
406	IMG01601.JPG	2.429	0.846	0	0	0	NaN
407	IMG01601.JPG	3.159	0.806	0	0	0	NaN
408	IMG01601.JPG	3.333	1.606	0	0	0	NaN
409	IMG01600.JPG	2.064	2.145	0	0	0	NaN
410	IMG01600.JPG	2.012	1.733	0	0	0	NaN
411	IMG01600.JPG	3.571	1.664	0	0	0	NaN
412	IMG01600.JPG	3.606	2.087	0	0	0	NaN
413	IMG01600.JPG	2.186	1.687	0	0	0	NaN
414	IMG01600.JPG	2.504	0.829	0	0	0	NaN
415	IMG01600.JPG	3.264	0.794	0	0	0	NaN
416	IMG01600.JPG	3.472	1.612	0	0	0	NaN
417	IMG01599.JPG	2.157	1.971	0	0	0	NaN
418	IMG01599.JPG	2.168	1.629	0	0	0	NaN
419	IMG01599.JPG	3.507	1.652	0	0	0	NaN
420	IMG01599.JPG	3.455	1.93	0	0	0	NaN
421	IMG01599.JPG	2.278	1.629	0	0	0	NaN
422	IMG01599.JPG	2.417	0.783	0	0	0	NaN
423	IMG01599.JPG	3.084	0.759	0	0	0	NaN
424	IMG01599.JPG	3.339	1.641	0	0	0	NaN
425	IMG01598.JPG	2.157	2.064	0	0	0	NaN
426	IMG01598.JPG	2.128	1.623	0	0	0	NaN
427	IMG01598.JPG	3.554	1.606	0	0	0	NaN
428	IMG01598.JPG	3.49	2.064	0	0	0	NaN
429	IMG01598.JPG	2.226	1.583	0	0	0	NaN
430	IMG01598.JPG	2.452	0.765	0	0	0	NaN
431	IMG01598.JPG	3.154	0.725	0	0	0	NaN
432	IMG01598.JPG	3.449	1.606	0	0	0	NaN
433	IMG01597.JPG	2.017	2.209	0	0	0	NaN
434	IMG01597.JPG	1.965	1.704	0	0	0	NaN
435	IMG01597.JPG	3.49	1.664	0	0	0	NaN
436	IMG01597.JPG	3.472	2.162	0	0	0	NaN
437	IMG01597.JPG	2.11	1.658	0	0	0	NaN
438	IMG01597.JPG	2.4	0.991	0	0	0	NaN
439	IMG01597.JPG	3.148	0.997	0	0	0	NaN
440	IMG01597.JPG	3.345	1.635	0	0	0	NaN
441	IMG01596.JPG	2.064	2.064	0	0	0	NaN
442	IMG01596.JPG	2.006	1.6	0	0	0	NaN
443	IMG01596.JPG	3.507	1.565	0	0	0	NaN
444	IMG01596.JPG	3.472	2.087	0	0	0	NaN
445	IMG01596.JPG	2.238	1.606	0	0	0	NaN
446	IMG01596.JPG	2.47	0.812	0	0	0	NaN
447	IMG01596.JPG	3.142	0.794	0	0	0	NaN
448	IMG01596.JPG	3.386	1.513	0	0	0	NaN
449	IMG01595.JPG	2.116	1.994	0	0	0	NaN
450	IMG01595.JPG	2.11	1.617	0	0	0	NaN
451	IMG01595.JPG	3.496	1.559	0	0	0	NaN
452	IMG01595.JPG	3.438	1.983	0	0	0	NaN
453	IMG01595.JPG	2.203	1.588	0	0	0	NaN
454	IMG01595.JPG	2.4	0.812	0	0	0	NaN
455	IMG01595.JPG	3.142	0.754	0	0	0	NaN
456	IMG01595.JPG	3.368	1.559	0	0	0	NaN
457	IMG01594.JPG	2.064	2.041	0	0	0	NaN
458	IMG01594.JPG	2.006	1.629	0	0	0	NaN
459	IMG01594.JPG	3.478	1.617	0	0	0	NaN
460	IMG01594.JPG	3.472	2.006	0	0	0	NaN
461	IMG01594.JPG	2.157	1.594	0	0	0	NaN
462	IMG01594.JPG	2.441	0.8	0	0	0	NaN
463	IMG01594.JPG	3.154	0.812	0	0	0	NaN
464	IMG01594.JPG	3.386	1.594	0	0	0	NaN
465	IMG01593.JPG	2.087	2.104	0	0	0	NaN
466	IMG01593.JPG	2.023	1.652	0	0	0	NaN
467	IMG01593.JPG	3.513	1.646	0	0	0	NaN
468	IMG01593.JPG	3.414	2.104	0	0	0	NaN
469	IMG01593.JPG	2.197	1.617	0	0	0	NaN
470	IMG01593.JPG	2.417	0.835	0	0	0	NaN
471	IMG01593.JPG	3.09	0.806	0	0	0	NaN
472	IMG01593.JPG	3.351	1.664	0	0	0	NaN
473	IMG01592.JPG	2.186	1.971	0	0	0	NaN
474	IMG01592.JPG	2.145	1.658	0	0	0	NaN
475	IMG01592.JPG	3.501	1.646	0	0	0	NaN
476	IMG01592.JPG	3.414	2.012	0	0	0	NaN
477	IMG01592.JPG	2.261	1.635	0	0	0	NaN
478	IMG01592.JPG	2.51	0.899	0	0	0	NaN
479	IMG01592.JPG	3.206	0.91	0	0	0	NaN
480	IMG01592.JPG	3.374	1.617	0	0	0	NaN
481	IMG01591.JPG	2.104	2.035	0	0	0	NaN
482	IMG01591.JPG	2.035	1.629	0	0	0	NaN
483	IMG01591.JPG	3.484	1.6	0	0	0	NaN
484	IMG01591.JPG	3.455	2.023	0	0	0	NaN
485	IMG01591.JPG	2.162	1.594	0	0	0	NaN
486	IMG01591.JPG	2.4	0.817	0	0	0	NaN
487	IMG01591.JPG	3.159	0.817	0	0	0	NaN
488	IMG01591.JPG	3.362	1.612	0	0	0	NaN
489	IMG01590.JPG	2.133	1.913	0	0	0	NaN
490	IMG01590.JPG	2.075	1.629	0	0	0	NaN
491	IMG01590.JPG	3.386	1.675	0	0	0	NaN
492	IMG01590.JPG	3.368	1.959	0	0	0	NaN
493	IMG01590.JPG	2.209	1.606	0	0	0	NaN
494	IMG01590.JPG	2.388	0.794	0	0	0	NaN
495	IMG01590.JPG	3.096	0.783	0	0	0	NaN
496	IMG01590.JPG	3.275	1.641	0	0	0	NaN
497	IMG01589.JPG	2.157	2.023	0	0	0	NaN
498	IMG01589.JPG	2.099	1.606	0	0	0	NaN
499	IMG01589.JPG	3.432	1.571	0	0	0	NaN
500	IMG01589.JPG	3.403	2.023	0	0	0	NaN
501	IMG01589.JPG	2.214	1.571	0	0	0	NaN
502	IMG01589.JPG	2.435	0.794	0	0	0	NaN
503	IMG01589.JPG	3.148	0.748	0	0	0	NaN
504	IMG01589.JPG	3.328	1.559	0	0	0	NaN
505	IMG01588.JPG	2.017	2.099	0	0	0	NaN
506	IMG01588.JPG	1.977	1.635	0	0	0	NaN
507	IMG01588.JPG	3.53	1.629	0	0	0	NaN
508	IMG01588.JPG	3.53	2.093	0	0	0	NaN
509	IMG01588.JPG	2.07	1.641	0	0	0	NaN
510	IMG01588.JPG	2.33	0.73	0	0	0	NaN
511	IMG01588.JPG	3.084	0.696	0	0	0	NaN
512	IMG01588.JPG	3.409	1.612	0	0	0	NaN
513	IMG01587.JPG	2.186	2.064	0	0	0	NaN
514	IMG01587.JPG	2.128	1.623	0	0	0	NaN
515	IMG01587.JPG	3.496	1.548	0	0	0	NaN
516	IMG01587.JPG	3.49	2.07	0	0	0	NaN
517	IMG01587.JPG	2.232	1.606	0	0	0	NaN
518	IMG01587.JPG	2.499	0.835	0	0	0	NaN
519	IMG01587.JPG	3.177	0.817	0	0	0	NaN
520	IMG01587.JPG	3.397	1.559	0	0	0	NaN
521	IMG01586.JPG	2.087	2.017	0	0	0	NaN
522	IMG01586.JPG	2.023	1.652	0	0	0	NaN
523	IMG01586.JPG	3.449	1.612	0	0	0	NaN
524	IMG01586.JPG	3.438	1.965	0	0	0	NaN
525	IMG01586.JPG	2.133	1.641	0	0	0	NaN
526	IMG01586.JPG	2.412	0.8	0	0	0	NaN
527	IMG01586.JPG	3.067	0.8	0	0	0	NaN
528	IMG01586.JPG	3.351	1.571	0	0	0	NaN
529	IMG01585.JPG	2.11	2.006	0	0	0	NaN
530	IMG01585.JPG	2.075	1.577	0	0	0	NaN
531	IMG01585.JPG	3.496	1.577	0	0	0	NaN
532	IMG01585.JPG	3.443	2.006	0	0	0	NaN
533	IMG01585.JPG	2.22	1.577	0	0	0	NaN
534	IMG01585.JPG	2.394	0.823	0	0	0	NaN
535	IMG01585.JPG	3.049	0.777	0	0	0	NaN
536	IMG01585.JPG	3.333	1.554	0	0	0	NaN
537	IMG01584.JPG	2.087	2.174	0	0	0	NaN
538	IMG01584.JPG	2.041	1.623	0	0	0	NaN
539	IMG01584.JPG	3.6	1.588	0	0	0	NaN
540	IMG01584.JPG	3.571	2.151	0	0	0	NaN
541	IMG01584.JPG	2.214	1.6	0	0	0	NaN
542	IMG01584.JPG	2.47	0.893	0	0	0	NaN
543	IMG01584.JPG	3.113	0.875	0	0	0	NaN
544	IMG01584.JPG	3.443	1.606	0	0	0	NaN
545	IMG01583.JPG	2.128	2.064	0	0	0	NaN
546	IMG01583.JPG	2.128	1.617	0	0	0	NaN
547	IMG01583.JPG	3.467	1.606	0	0	0	NaN
548	IMG01583.JPG	3.536	2.07	0	0	0	NaN
549	IMG01583.JPG	2.243	1.6	0	0	0	NaN
550	IMG01583.JPG	2.499	0.928	0	0	0	NaN
551	IMG01583.JPG	3.113	0.91	0	0	0	NaN
552	IMG01583.JPG	3.351	1.588	0	0	0	NaN
553	IMG01582.JPG	2.023	2.058	0	0	0	NaN
554	IMG01582.JPG	2.017	1.606	0	0	0	NaN
555	IMG01582.JPG	3.496	1.641	0	0	0	NaN
556	IMG01582.JPG	3.501	2.11	0	0	0	NaN
557	IMG01582.JPG	2.186	1.571	0	0	0	NaN
558	IMG01582.JPG	2.499	0.8	0	0	0	NaN
559	IMG01582.JPG	3.206	0.8	0	0	0	NaN
560	IMG01582.JPG	3.386	1.664	0	0	0	NaN
561	IMG01581.JPG	2.232	2.087	0	0	0	NaN
562	IMG01581.JPG	2.128	1.577	0	0	0	NaN
563	IMG01581.JPG	3.49	1.583	0	0	0	NaN
564	IMG01581.JPG	3.391	2.122	0	0	0	NaN
565	IMG01581.JPG	2.272	1.577	0	0	0	NaN
566	IMG01581.JPG	2.481	0.829	0	0	0	NaN
567	IMG01581.JPG	3.072	0.783	0	0	0	NaN
568	IMG01581.JPG	3.333	1.606	0	0	0	NaN
569	IMG01580.JPG	2.272	1.936	0	0	0	NaN
570	IMG01580.JPG	2.197	1.583	0	0	0	NaN
571	IMG01580.JPG	3.438	1.53	0	0	0	NaN
572	IMG01580.JPG	3.426	1.925	0	0	0	NaN
573	IMG01580.JPG	2.313	1.571	0	0	0	NaN
574	IMG01580.JPG	2.557	0.893	0	0	0	NaN
575	IMG01580.JPG	3.159	0.91	0	0	0	NaN
576	IMG01580.JPG	3.362	1.559	0	0	0	NaN
577	IMG01579.JPG	2.122	1.971	0	0	0	NaN
578	IMG01579.JPG	2.081	1.49	0	0	0	NaN
579	IMG01579.JPG	3.484	1.554	0	0	0	NaN
580	IMG01579.JPG	3.449	2.017	0	0	0	NaN
581	IMG01579.JPG	2.243	1.519	0	0	0	NaN
582	IMG01579.JPG	2.499	0.678	0	0	0	NaN
583	IMG01579.JPG	3.148	0.649	0	0	0	NaN
584	IMG01579.JPG	3.333	1.536	0	0	0	NaN
585	IMG01578.JPG	2.214	1.948	0	0	0	NaN
586	IMG01578.JPG	2.18	1.623	0	0	0	NaN
587	IMG01578.JPG	3.42	1.536	0	0	0	NaN
588	IMG01578.JPG	3.42	1.867	0	0	0	NaN
589	IMG01578.JPG	2.267	1.583	0	0	0	NaN
590	IMG01578.JPG	2.423	0.928	0	0	0	NaN
591	IMG01578.JPG	3.113	0.887	0	0	0	NaN
592	IMG01578.JPG	3.339	1.554	0	0	0	NaN
593	IMG01577.JPG	2.186	2.006	0	0	0	NaN
594	IMG01577.JPG	2.145	1.617	0	0	0	NaN
595	IMG01577.JPG	3.472	1.623	0	0	0	NaN
596	IMG01577.JPG	3.414	2.029	0	0	0	NaN
597	IMG01577.JPG	2.284	1.606	0	0	0	NaN
598	IMG01577.JPG	2.406	0.783	0	0	0	NaN
599	IMG01577.JPG	3.113	0.759	0	0	0	NaN
600	IMG01577.JPG	3.357	1.629	0	0	0	NaN
601	IMG01576.JPG	2.278	2.012	0	0	0	NaN
602	IMG01576.JPG	2.186	1.6	0	0	0	NaN
603	IMG01576.JPG	3.391	1.606	0	0	0	NaN
604	IMG01576.JPG	3.357	2.035	0	0	0	NaN
605	IMG01576.JPG	2.284	1.6	0	0	0	NaN
606	IMG01576.JPG	2.446	0.8	0	0	0	NaN
607	IMG01576.JPG	3.148	0.8	0	0	0	NaN
608	IMG01576.JPG	3.27	1.6	0	0	0	NaN
609	IMG01575.JPG	2.145	2.099	0	0	0	NaN
610	IMG01575.JPG	2.075	1.652	0	0	0	NaN
611	IMG01575.JPG	3.67	1.612	0	0	0	NaN
612	IMG01575.JPG	3.629	2.081	0	0	0	NaN
613	IMG01575.JPG	2.151	1.629	0	0	0	NaN
614	IMG01575.JPG	2.365	0.73	0	0	0	NaN
615	IMG01575.JPG	3.339	0.736	0	0	0	NaN
616	IMG01575.JPG	3.588	1.612	0	0	0	NaN
617	IMG01574.JPG	2.232	2.104	0	0	0	NaN
618	IMG01574.JPG	2.174	1.675	0	0	0	NaN
619	IMG01574.JPG	3.414	1.67	0	0	0	NaN
620	IMG01574.JPG	3.391	2.052	0	0	0	NaN
621	IMG01574.JPG	2.267	1.652	0	0	0	NaN
622	IMG01574.JPG	2.475	0.899	0	0	0	NaN
623	IMG01574.JPG	3.177	0.893	0	0	0	NaN
624	IMG01574.JPG	3.316	1.664	0	0	0	NaN
625	IMG01573.JPG	2.226	2.081	0	0	0	NaN
626	IMG01573.JPG	2.191	1.652	0	0	0	NaN
627	IMG01573.JPG	3.525	1.617	0	0	0	NaN
628	IMG01573.JPG	3.397	2.035	0	0	0	NaN
629	IMG01573.JPG	2.267	1.629	0	0	0	NaN
630	IMG01573.JPG	2.493	0.933	0	0	0	NaN
631	IMG01573.JPG	3.142	0.899	0	0	0	NaN
632	IMG01573.JPG	3.403	1.594	0	0	0	NaN
633	IMG01572.JPG	2.133	2.18	0	0	0	NaN
634	IMG01572.JPG	2.07	1.71	0	0	0	NaN
635	IMG01572.JPG	3.467	1.6	0	0	0	NaN
636	IMG01572.JPG	3.484	2.064	0	0	0	NaN
637	IMG01572.JPG	2.203	1.658	0	0	0	NaN
638	IMG01572.JPG	2.377	0.817	0	0	0	NaN
639	IMG01572.JPG	3.119	0.8	0	0	0	NaN
640	IMG01572.JPG	3.345	1.554	0	0	0	NaN
641	IMG01571.JPG	2.191	1.809	0	0	0	NaN
642	IMG01571.JPG	2.151	1.525	0	0	0	NaN
643	IMG01571.JPG	3.438	1.542	0	0	0	NaN
644	IMG01571.JPG	3.403	1.826	0	0	0	NaN
645	IMG01571.JPG	2.255	1.525	0	0	0	NaN
646	IMG01571.JPG	2.435	0.841	0	0	0	NaN
647	IMG01571.JPG	3.113	0.794	0	0	0	NaN
648	IMG01571.JPG	3.293	1.513	0	0	0	NaN
649	IMG01570.JPG	2.191	1.959	0	0	0	NaN
650	IMG01570.JPG	2.174	1.629	0	0	0	NaN
651	IMG01570.JPG	3.513	1.53	0	0	0	NaN
652	IMG01570.JPG	3.507	1.954	0	0	0	NaN
653	IMG01570.JPG	2.313	1.606	0	0	0	NaN
654	IMG01570.JPG	2.487	0.893	0	0	0	NaN
655	IMG01570.JPG	3.171	0.864	0	0	0	NaN
656	IMG01570.JPG	3.397	1.542	0	0	0	NaN
657	IMG01569.JPG	2.029	2.07	0	0	0	NaN
658	IMG01569.JPG	2.041	1.617	0	0	0	NaN
659	IMG01569.JPG	3.548	1.6	0	0	0	NaN
660	IMG01569.JPG	3.6	2	0	0	0	NaN
661	IMG01569.JPG	2.18	1.635	0	0	0	NaN
662	IMG01569.JPG	2.359	0.87	0	0	0	NaN
663	IMG01569.JPG	3.148	0.852	0	0	0	NaN
664	IMG01569.JPG	3.432	1.583	0	0	0	NaN
665	IMG01568.JPG	2.261	2.023	0	0	0	NaN
666	IMG01568.JPG	2.128	1.629	0	0	0	NaN
667	IMG01568.JPG	3.577	1.594	0	0	0	NaN
668	IMG01568.JPG	3.559	1.983	0	0	0	NaN
669	IMG01568.JPG	2.272	1.612	0	0	0	NaN
670	IMG01568.JPG	2.406	0.794	0	0	0	NaN
671	IMG01568.JPG	3.241	0.754	0	0	0	NaN
672	IMG01568.JPG	3.472	1.577	0	0	0	NaN
673	IMG01567.JPG	2.116	1.936	0	0	0	NaN
674	IMG01567.JPG	2.128	1.559	0	0	0	NaN
675	IMG01567.JPG	3.536	1.536	0	0	0	NaN
676	IMG01567.JPG	3.542	1.994	0	0	0	NaN
677	IMG01567.JPG	2.278	1.519	0	0	0	NaN
678	IMG01567.JPG	2.481	0.783	0	0	0	NaN
679	IMG01567.JPG	3.188	0.765	0	0	0	NaN
680	IMG01567.JPG	3.414	1.53	0	0	0	NaN
681	IMG01566.JPG	2.151	2.081	0	0	0	NaN
682	IMG01566.JPG	2.104	1.687	0	0	0	NaN
683	IMG01566.JPG	3.484	1.641	0	0	0	NaN
684	IMG01566.JPG	3.432	1.93	0	0	0	NaN
685	IMG01566.JPG	2.214	1.658	0	0	0	NaN
686	IMG01566.JPG	2.394	0.881	0	0	0	NaN
687	IMG01566.JPG	3.084	0.841	0	0	0	NaN
688	IMG01566.JPG	3.351	1.629	0	0	0	NaN
689	IMG01565.JPG	2.261	2.116	0	0	0	NaN
690	IMG01565.JPG	2.075	1.664	0	0	0	NaN
691	IMG01565.JPG	3.565	1.6	0	0	0	NaN
692	IMG01565.JPG	3.507	2.104	0	0	0	NaN
693	IMG01565.JPG	2.278	1.646	0	0	0	NaN
694	IMG01565.JPG	2.499	0.893	0	0	0	NaN
695	IMG01565.JPG	3.246	0.899	0	0	0	NaN
696	IMG01565.JPG	3.438	1.6	0	0	0	NaN
697	IMG01564.JPG	2.168	2.046	0	0	0	NaN
698	IMG01564.JPG	2.11	1.641	0	0	0	NaN
699	IMG01564.JPG	3.542	1.606	0	0	0	NaN
700	IMG01564.JPG	3.548	2.058	0	0	0	NaN
701	IMG01564.JPG	2.255	1.612	0	0	0	NaN
702	IMG01564.JPG	2.464	0.841	0	0	0	NaN
703	IMG01564.JPG	3.177	0.794	0	0	0	NaN
704	IMG01564.JPG	3.403	1.594	0	0	0	NaN
705	IMG01563.JPG	2.261	1.977	0	0	0	NaN
706	IMG01563.JPG	2.168	1.565	0	0	0	NaN
707	IMG01563.JPG	3.617	1.513	0	0	0	NaN
708	IMG01563.JPG	3.432	1.977	0	0	0	NaN
709	IMG01563.JPG	2.307	1.554	0	0	0	NaN
710	IMG01563.JPG	2.481	0.713	0	0	0	NaN
711	IMG01563.JPG	3.183	0.696	0	0	0	NaN
712	IMG01563.JPG	3.472	1.542	0	0	0	NaN
713	IMG01562.JPG	2.168	1.977	0	0	0	NaN
714	IMG01562.JPG	2.122	1.612	0	0	0	NaN
715	IMG01562.JPG	3.374	1.6	0	0	0	NaN
716	IMG01562.JPG	3.299	1.988	0	0	0	NaN
717	IMG01562.JPG	2.238	1.594	0	0	0	NaN
718	IMG01562.JPG	2.383	0.812	0	0	0	NaN
719	IMG01562.JPG	3.113	0.771	0	0	0	NaN
720	IMG01562.JPG	3.241	1.588	0	0	0	NaN
721	IMG01561.JPG	2.11	2.064	0	0	0	NaN
722	IMG01561.JPG	2.075	1.67	0	0	0	NaN
723	IMG01561.JPG	3.542	1.646	0	0	0	NaN
724	IMG01561.JPG	3.519	2.093	0	0	0	NaN
725	IMG01561.JPG	2.255	1.681	0	0	0	NaN
726	IMG01561.JPG	2.493	0.783	0	0	0	NaN
727	IMG01561.JPG	3.119	0.759	0	0	0	NaN
728	IMG01561.JPG	3.391	1.617	0	0	0	NaN
729	IMG01560.JPG	2.104	2.122	0	0	0	NaN
730	IMG01560.JPG	2.099	1.652	0	0	0	NaN
731	IMG01560.JPG	3.443	1.617	0	0	0	NaN
732	IMG01560.JPG	3.472	2.093	0	0	0	NaN
733	IMG01560.JPG	2.255	1.67	0	0	0	NaN
734	IMG01560.JPG	2.394	0.928	0	0	0	NaN
735	IMG01560.JPG	3.107	0.881	0	0	0	NaN
736	IMG01560.JPG	3.328	1.6	0	0	0	NaN
737	IMG01559.JPG	2.18	1.907	0	0	0	NaN
738	IMG01559.JPG	2.116	1.623	0	0	0	NaN
739	IMG01559.JPG	3.472	1.623	0	0	0	NaN
740	IMG01559.JPG	3.409	1.971	0	0	0	NaN
741	IMG01559.JPG	2.22	1.594	0	0	0	NaN
742	IMG01559.JPG	2.441	0.823	0	0	0	NaN
743	IMG01559.JPG	3.119	0.794	0	0	0	NaN
744	IMG01559.JPG	3.351	1.588	0	0	0	NaN
745	IMG01558.JPG	2.093	2	0	0	0	NaN
746	IMG01558.JPG	2.11	1.542	0	0	0	NaN
747	IMG01558.JPG	3.49	1.606	0	0	0	NaN
748	IMG01558.JPG	3.461	2.058	0	0	0	NaN
749	IMG01558.JPG	2.22	1.548	0	0	0	NaN
750	IMG01558.JPG	2.446	0.823	0	0	0	NaN
751	IMG01558.JPG	3.142	0.759	0	0	0	NaN
752	IMG01558.JPG	3.328	1.6	0	0	0	NaN
753	IMG01557.JPG	2.301	2.012	0	0	0	NaN
754	IMG01557.JPG	2.203	1.67	0	0	0	NaN
755	IMG01557.JPG	3.443	1.594	0	0	0	NaN
756	IMG01557.JPG	3.403	1.965	0	0	0	NaN
757	IMG01557.JPG	2.33	1.629	0	0	0	NaN
758	IMG01557.JPG	2.435	0.893	0	0	0	NaN
759	IMG01557.JPG	3.136	0.841	0	0	0	NaN
760	IMG01557.JPG	3.362	1.583	0	0	0	NaN
761	IMG01556.JPG	2.354	2.058	0	0	0	NaN
762	IMG01556.JPG	2.272	1.699	0	0	0	NaN
763	IMG01556.JPG	3.577	1.623	0	0	0	NaN
764	IMG01556.JPG	3.577	2.006	0	0	0	NaN
765	IMG01556.JPG	2.423	1.652	0	0	0	NaN
766	IMG01556.JPG	2.609	0.823	0	0	0	NaN
767	IMG01556.JPG	3.275	0.812	0	0	0	NaN
768	IMG01556.JPG	3.449	1.588	0	0	0	NaN
769	IMG01555.JPG	2.255	2.046	0	0	0	NaN
770	IMG01555.JPG	2.104	1.635	0	0	0	NaN
771	IMG01555.JPG	3.507	1.583	0	0	0	NaN
772	IMG01555.JPG	3.455	2.035	0	0	0	NaN
773	IMG01555.JPG	2.296	1.588	0	0	0	NaN
774	IMG01555.JPG	2.539	0.777	0	0	0	NaN
775	IMG01555.JPG	3.171	0.765	0	0	0	NaN
776	IMG01555.JPG	3.391	1.548	0	0	0	NaN
777	IMG01554.JPG	2.267	2.07	0	0	0	NaN
778	IMG01554.JPG	2.162	1.658	0	0	0	NaN
779	IMG01554.JPG	3.472	1.641	0	0	0	NaN
780	IMG01554.JPG	3.357	2.087	0	0	0	NaN
781	IMG01554.JPG	2.307	1.617	0	0	0	NaN
782	IMG01554.JPG	2.504	0.788	0	0	0	NaN
783	IMG01554.JPG	3.183	0.748	0	0	0	NaN
784	IMG01554.JPG	3.316	1.617	0	0	0	NaN
785	IMG01553.JPG	2.116	2.064	0	0	0	NaN
786	IMG01553.JPG	2.035	1.664	0	0	0	NaN
787	IMG01553.JPG	3.478	1.612	0	0	0	NaN
788	IMG01553.JPG	3.467	2.058	0	0	0	NaN
789	IMG01553.JPG	2.186	1.646	0	0	0	NaN
790	IMG01553.JPG	2.441	0.841	0	0	0	NaN
791	IMG01553.JPG	3.136	0.835	0	0	0	NaN
792	IMG01553.JPG	3.368	1.635	0	0	0	NaN
793	IMG01552.JPG	2.226	2.012	0	0	0	NaN
794	IMG01552.JPG	2.174	1.588	0	0	0	NaN
795	IMG01552.JPG	3.525	1.577	0	0	0	NaN
796	IMG01552.JPG	3.571	2.029	0	0	0	NaN
797	IMG01552.JPG	2.307	1.583	0	0	0	NaN
798	IMG01552.JPG	2.528	0.817	0	0	0	NaN
799	IMG01552.JPG	3.148	0.806	0	0	0	NaN
800	IMG01552.JPG	3.397	1.588	0	0	0	NaN
801	IMG01551.JPG	2.133	2.023	0	0	0	NaN
802	IMG01551.JPG	2.07	1.699	0	0	0	NaN
803	IMG01551.JPG	3.455	1.664	0	0	0	NaN
804	IMG01551.JPG	3.386	2.012	0	0	0	NaN
805	IMG01551.JPG	2.22	1.652	0	0	0	NaN
806	IMG01551.JPG	2.464	0.817	0	0	0	NaN
807	IMG01551.JPG	3.084	0.846	0	0	0	NaN
808	IMG01551.JPG	3.328	1.583	0	0	0	NaN
809	IMG01550.JPG	2.064	2.197	0	0	0	NaN
810	IMG01550.JPG	1.954	1.646	0	0	0	NaN
811	IMG01550.JPG	3.554	1.612	0	0	0	NaN
812	IMG01550.JPG	3.507	2.203	0	0	0	NaN
813	IMG01550.JPG	2.145	1.658	0	0	0	NaN
814	IMG01550.JPG	2.487	0.928	0	0	0	NaN
815	IMG01550.JPG	3.125	0.893	0	0	0	NaN
816	IMG01550.JPG	3.38	1.594	0	0	0	NaN
817	IMG01549.JPG	2.145	1.936	0	0	0	NaN
818	IMG01549.JPG	2.058	1.612	0	0	0	NaN
819	IMG01549.JPG	3.333	1.623	0	0	0	NaN
820	IMG01549.JPG	3.293	1.93	0	0	0	NaN
821	IMG01549.JPG	2.18	1.565	0	0	0	NaN
822	IMG01549.JPG	2.359	0.899	0	0	0	NaN
823	IMG01549.JPG	3.043	0.904	0	0	0	NaN
824	IMG01549.JPG	3.229	1.588	0	0	0	NaN
825	IMG01548.JPG	2.307	2.052	0	0	0	NaN
826	IMG01548.JPG	2.209	1.716	0	0	0	NaN
827	IMG01548.JPG	3.472	1.664	0	0	0	NaN
828	IMG01548.JPG	3.409	2.023	0	0	0	NaN
829	IMG01548.JPG	2.296	1.687	0	0	0	NaN
830	IMG01548.JPG	2.446	0.91	0	0	0	NaN
831	IMG01548.JPG	3.125	0.87	0	0	0	NaN
832	IMG01548.JPG	3.397	1.635	0	0	0	NaN
833	IMG01547.JPG	2.151	2.116	0	0	0	NaN
834	IMG01547.JPG	2.122	1.751	0	0	0	NaN
835	IMG01547.JPG	3.53	1.652	0	0	0	NaN
836	IMG01547.JPG	3.542	2.058	0	0	0	NaN
837	IMG01547.JPG	2.232	1.681	0	0	0	NaN
838	IMG01547.JPG	2.504	0.846	0	0	0	NaN
839	IMG01547.JPG	3.096	0.835	0	0	0	NaN
840	IMG01547.JPG	3.38	1.687	0	0	0	NaN
841	IMG01546.JPG	2.423	1.948	0	0	0	NaN
842	IMG01546.JPG	2.261	1.629	0	0	0	NaN
843	IMG01546.JPG	3.391	1.583	0	0	0	NaN
844	IMG01546.JPG	3.333	1.954	0	0	0	NaN
845	IMG01546.JPG	2.371	1.554	0	0	0	NaN
846	IMG01546.JPG	2.522	0.794	0	0	0	NaN
847	IMG01546.JPG	3.148	0.765	0	0	0	NaN
848	IMG01546.JPG	3.299	1.577	0	0	0	NaN
849	IMG01545.JPG	2.186	2.116	0	0	0	NaN
850	IMG01545.JPG	2.116	1.687	0	0	0	NaN
851	IMG01545.JPG	3.472	1.594	0	0	0	NaN
852	IMG01545.JPG	3.449	2.116	0	0	0	NaN
853	IMG01545.JPG	2.197	1.67	0	0	0	NaN
854	IMG01545.JPG	2.464	0.696	0	0	0	NaN
855	IMG01545.JPG	3.13	0.701	0	0	0	NaN
856	IMG01545.JPG	3.391	1.571	0	0	0	NaN
857	IMG01544.JPG	2.238	2.11	0	0	0	NaN
858	IMG01544.JPG	2.151	1.629	0	0	0	NaN
859	IMG01544.JPG	3.525	1.594	0	0	0	NaN
860	IMG01544.JPG	3.525	2.046	0	0	0	NaN
861	IMG01544.JPG	2.243	1.617	0	0	0	NaN
862	IMG01544.JPG	2.47	0.777	0	0	0	NaN
863	IMG01544.JPG	3.159	0.759	0	0	0	NaN
864	IMG01544.JPG	3.42	1.583	0	0	0	NaN
865	IMG01543.JPG	2.255	2.087	0	0	0	NaN
866	IMG01543.JPG	2.133	1.699	0	0	0	NaN
867	IMG01543.JPG	3.53	1.588	0	0	0	NaN
868	IMG01543.JPG	3.501	2.046	0	0	0	NaN
869	IMG01543.JPG	2.272	1.641	0	0	0	NaN
870	IMG01543.JPG	2.533	0.835	0	0	0	NaN
871	IMG01543.JPG	3.217	0.823	0	0	0	NaN
872	IMG01543.JPG	3.414	1.623	0	0	0	NaN
873	IMG01542.JPG	2.22	2.006	0	0	0	NaN
874	IMG01542.JPG	2.157	1.629	0	0	0	NaN
875	IMG01542.JPG	3.38	1.577	0	0	0	NaN
876	IMG01542.JPG	3.27	2	0	0	0	NaN
877	IMG01542.JPG	2.249	1.559	0	0	0	NaN
878	IMG01542.JPG	2.487	0.783	0	0	0	NaN
879	IMG01542.JPG	3.038	0.794	0	0	0	NaN
880	IMG01542.JPG	3.287	1.594	0	0	0	NaN
881	IMG01541.JPG	2.238	2.081	0	0	0	NaN
882	IMG01541.JPG	2.186	1.606	0	0	0	NaN
883	IMG01541.JPG	3.478	1.577	0	0	0	NaN
884	IMG01541.JPG	3.449	2.035	0	0	0	NaN
885	IMG01541.JPG	2.336	1.623	0	0	0	NaN
886	IMG01541.JPG	2.539	0.864	0	0	0	NaN
887	IMG01541.JPG	3.084	0.846	0	0	0	NaN
888	IMG01541.JPG	3.345	1.559	0	0	0	NaN
889	IMG01540.JPG	2.139	2.075	0	0	0	NaN
890	IMG01540.JPG	2.087	1.623	0	0	0	NaN
891	IMG01540.JPG	3.536	1.617	0	0	0	NaN
892	IMG01540.JPG	3.507	2.064	0	0	0	NaN
893	IMG01540.JPG	2.249	1.6	0	0	0	NaN
894	IMG01540.JPG	2.452	0.794	0	0	0	NaN
895	IMG01540.JPG	3.159	0.87	0	0	0	NaN
896	IMG01540.JPG	3.414	1.641	0	0	0	NaN
897	IMG01539.JPG	2.191	2.046	0	0	0	NaN
898	IMG01539.JPG	2.099	1.641	0	0	0	NaN
899	IMG01539.JPG	3.467	1.623	0	0	0	NaN
900	IMG01539.JPG	3.461	2.099	0	0	0	NaN
901	IMG01539.JPG	2.255	1.617	0	0	0	NaN
902	IMG01539.JPG	2.522	0.904	0	0	0	NaN
903	IMG01539.JPG	3.188	0.887	0	0	0	NaN
904	IMG01539.JPG	3.38	1.617	0	0	0	NaN
905	IMG01538.JPG	2.214	2.133	0	0	0	NaN
906	IMG01538.JPG	2.128	1.722	0	0	0	NaN
907	IMG01538.JPG	3.554	1.594	0	0	0	NaN
908	IMG01538.JPG	3.542	2.07	0	0	0	NaN
909	IMG01538.JPG	2.267	1.681	0	0	0	NaN
910	IMG01538.JPG	2.464	0.916	0	0	0	NaN
911	IMG01538.JPG	3.125	0.858	0	0	0	NaN
912	IMG01538.JPG	3.455	1.588	0	0	0	NaN
913	IMG01537.JPG	2.191	2.174	0	0	0	NaN
914	IMG01537.JPG	2.18	1.745	0	0	0	NaN
915	IMG01537.JPG	3.559	1.675	0	0	0	NaN
916	IMG01537.JPG	3.525	2.116	0	0	0	NaN
917	IMG01537.JPG	2.284	1.699	0	0	0	NaN
918	IMG01537.JPG	2.493	0.933	0	0	0	NaN
919	IMG01537.JPG	3.136	0.91	0	0	0	NaN
920	IMG01537.JPG	3.403	1.687	0	0	0	NaN
921	IMG01536.JPG	2.151	2.162	0	0	0	NaN
922	IMG01536.JPG	2.116	1.699	0	0	0	NaN
923	IMG01536.JPG	3.478	1.623	0	0	0	NaN
924	IMG01536.JPG	3.53	2.099	0	0	0	NaN
925	IMG01536.JPG	2.261	1.681	0	0	0	NaN
926	IMG01536.JPG	2.504	0.899	0	0	0	NaN
927	IMG01536.JPG	3.194	0.893	0	0	0	NaN
928	IMG01536.JPG	3.391	1.641	0	0	0	NaN
929	IMG01535.JPG	2.041	2.157	0	0	0	NaN
930	IMG01535.JPG	2.006	1.687	0	0	0	NaN
931	IMG01535.JPG	3.403	1.681	0	0	0	NaN
932	IMG01535.JPG	3.333	2.174	0	0	0	NaN
933	IMG01535.JPG	2.145	1.675	0	0	0	NaN
934	IMG01535.JPG	2.377	0.962	0	0	0	NaN
935	IMG01535.JPG	3.02	0.904	0	0	0	NaN
936	IMG01535.JPG	3.287	1.675	0	0	0	NaN
937	IMG01534.JPG	2.087	2.058	0	0	0	NaN
938	IMG01534.JPG	2.052	1.577	0	0	0	NaN
939	IMG01534.JPG	3.484	1.641	0	0	0	NaN
940	IMG01534.JPG	3.438	2.046	0	0	0	NaN
941	IMG01534.JPG	2.186	1.588	0	0	0	NaN
942	IMG01534.JPG	2.406	0.887	0	0	0	NaN
943	IMG01534.JPG	3.119	0.875	0	0	0	NaN
944	IMG01534.JPG	3.328	1.623	0	0	0	NaN
945	IMG01533.JPG	2.122	2.012	0	0	0	NaN
946	IMG01533.JPG	2.087	1.536	0	0	0	NaN
947	IMG01533.JPG	3.484	1.548	0	0	0	NaN
948	IMG01533.JPG	3.438	2.023	0	0	0	NaN
949	IMG01533.JPG	2.238	1.548	0	0	0	NaN
950	IMG01533.JPG	2.441	0.87	0	0	0	NaN
951	IMG01533.JPG	3.136	0.841	0	0	0	NaN
952	IMG01533.JPG	3.38	1.577	0	0	0	NaN
953	IMG01532.JPG	2.261	2.035	0	0	0	NaN
954	IMG01532.JPG	2.214	1.571	0	0	0	NaN
955	IMG01532.JPG	3.542	1.617	0	0	0	NaN
956	IMG01532.JPG	3.542	2.029	0	0	0	NaN
957	IMG01532.JPG	2.354	1.565	0	0	0	NaN
958	IMG01532.JPG	2.568	0.87	0	0	0	NaN
959	IMG01532.JPG	3.217	0.812	0	0	0	NaN
960	IMG01532.JPG	3.461	1.577	0	0	0	NaN
961	IMG01531.JPG	2.267	1.942	0	0	0	NaN
962	IMG01531.JPG	2.174	1.617	0	0	0	NaN
963	IMG01531.JPG	3.368	1.6	0	0	0	NaN
964	IMG01531.JPG	3.368	1.907	0	0	0	NaN
965	IMG01531.JPG	2.272	1.6	0	0	0	NaN
966	IMG01531.JPG	2.47	0.835	0	0	0	NaN
967	IMG01531.JPG	3.101	0.835	0	0	0	NaN
968	IMG01531.JPG	3.287	1.606	0	0	0	NaN
969	IMG01530.JPG	2.133	2.012	0	0	0	NaN
970	IMG01530.JPG	2.099	1.612	0	0	0	NaN
971	IMG01530.JPG	3.345	1.577	0	0	0	NaN
972	IMG01530.JPG	3.275	2.046	0	0	0	NaN
973	IMG01530.JPG	2.22	1.565	0	0	0	NaN
974	IMG01530.JPG	2.475	0.69	0	0	0	NaN
975	IMG01530.JPG	3.055	0.69	0	0	0	NaN
976	IMG01530.JPG	3.2	1.565	0	0	0	NaN
977	IMG01529.JPG	2.168	2.035	0	0	0	NaN
978	IMG01529.JPG	2.099	1.675	0	0	0	NaN
979	IMG01529.JPG	3.49	1.67	0	0	0	NaN
980	IMG01529.JPG	3.443	1.971	0	0	0	NaN
981	IMG01529.JPG	2.278	1.641	0	0	0	NaN
982	IMG01529.JPG	2.429	0.939	0	0	0	NaN
983	IMG01529.JPG	3.101	0.933	0	0	0	NaN
984	IMG01529.JPG	3.328	1.617	0	0	0	NaN
985	IMG01528.JPG	2.174	2.128	0	0	0	NaN
986	IMG01528.JPG	2.07	1.675	0	0	0	NaN
987	IMG01528.JPG	3.571	1.583	0	0	0	NaN
988	IMG01528.JPG	3.496	2.023	0	0	0	NaN
989	IMG01528.JPG	2.232	1.617	0	0	0	NaN
990	IMG01528.JPG	2.441	0.759	0	0	0	NaN
991	IMG01528.JPG	3.188	0.742	0	0	0	NaN
992	IMG01528.JPG	3.443	1.6	0	0	0	NaN
993	IMG01527.JPG	2.249	2.075	0	0	0	NaN
994	IMG01527.JPG	2.162	1.704	0	0	0	NaN
995	IMG01527.JPG	3.345	1.745	0	0	0	NaN
996	IMG01527.JPG	3.27	2.099	0	0	0	NaN
997	IMG01527.JPG	2.255	1.675	0	0	0	NaN
998	IMG01527.JPG	2.458	0.858	0	0	0	NaN
999	IMG01527.JPG	3.055	0.846	0	0	0	NaN
1000	IMG01527.JPG	3.223	1.681	0	0	0	NaN
1001	IMG01526.JPG	2.33	2.064	0	0	0	NaN
1002	IMG01526.JPG	2.22	1.745	0	0	0	NaN
1003	IMG01526.JPG	3.438	1.658	0	0	0	NaN
1004	IMG01526.JPG	3.351	2.023	0	0	0	NaN
1005	IMG01526.JPG	2.359	1.658	0	0	0	NaN
1006	IMG01526.JPG	2.516	0.904	0	0	0	NaN
1007	IMG01526.JPG	3.165	0.893	0	0	0	NaN
1008	IMG01526.JPG	3.351	1.594	0	0	0	NaN
1009	IMG01525.JPG	2.157	2.099	0	0	0	NaN
1010	IMG01525.JPG	2.087	1.733	0	0	0	NaN
1011	IMG01525.JPG	3.478	1.641	0	0	0	NaN
1012	IMG01525.JPG	3.386	2	0	0	0	NaN
1013	IMG01525.JPG	2.214	1.71	0	0	0	NaN
1014	IMG01525.JPG	2.388	0.817	0	0	0	NaN
1015	IMG01525.JPG	3.125	0.829	0	0	0	NaN
1016	IMG01525.JPG	3.362	1.588	0	0	0	NaN
1017	IMG01524.JPG	2.162	1.977	0	0	0	NaN
1018	IMG01524.JPG	2.116	1.571	0	0	0	NaN
1019	IMG01524.JPG	3.53	1.554	0	0	0	NaN
1020	IMG01524.JPG	3.507	2	0	0	0	NaN
1021	IMG01524.JPG	2.243	1.559	0	0	0	NaN
1022	IMG01524.JPG	2.487	0.881	0	0	0	NaN
1023	IMG01524.JPG	3.2	0.887	0	0	0	NaN
1024	IMG01524.JPG	3.414	1.571	0	0	0	NaN
1025	IMG01523.JPG	2.157	2.128	0	0	0	NaN
1026	IMG01523.JPG	2.075	1.722	0	0	0	NaN
1027	IMG01523.JPG	3.397	1.704	0	0	0	NaN
1028	IMG01523.JPG	3.281	2.145	0	0	0	NaN
1029	IMG01523.JPG	2.191	1.681	0	0	0	NaN
1030	IMG01523.JPG	2.365	0.852	0	0	0	NaN
1031	IMG01523.JPG	3.014	0.87	0	0	0	NaN
1032	IMG01523.JPG	3.258	1.699	0	0	0	NaN
1033	IMG01522.JPG	2.238	2.046	0	0	0	NaN
1034	IMG01522.JPG	2.093	1.646	0	0	0	NaN
1035	IMG01522.JPG	3.49	1.496	0	0	0	NaN
1036	IMG01522.JPG	3.414	1.988	0	0	0	NaN
1037	IMG01522.JPG	2.226	1.629	0	0	0	NaN
1038	IMG01522.JPG	2.4	0.794	0	0	0	NaN
1039	IMG01522.JPG	3.101	0.783	0	0	0	NaN
1040	IMG01522.JPG	3.339	1.49	0	0	0	NaN
1041	IMG01521.JPG	2.197	2.006	0	0	0	NaN
1042	IMG01521.JPG	2.128	1.652	0	0	0	NaN
1043	IMG01521.JPG	3.391	1.577	0	0	0	NaN
1044	IMG01521.JPG	3.293	2.012	0	0	0	NaN
1045	IMG01521.JPG	2.238	1.623	0	0	0	NaN
1046	IMG01521.JPG	2.417	0.864	0	0	0	NaN
1047	IMG01521.JPG	3.148	0.858	0	0	0	NaN
1048	IMG01521.JPG	3.304	1.588	0	0	0	NaN
1049	IMG01520.JPG	2.22	1.948	0	0	0	NaN
1050	IMG01520.JPG	2.128	1.623	0	0	0	NaN
1051	IMG01520.JPG	3.38	1.658	0	0	0	NaN
1052	IMG01520.JPG	3.322	2.023	0	0	0	NaN
1053	IMG01520.JPG	2.22	1.588	0	0	0	NaN
1054	IMG01520.JPG	2.464	0.783	0	0	0	NaN
1055	IMG01520.JPG	3.113	0.754	0	0	0	NaN
1056	IMG01520.JPG	3.31	1.641	0	0	0	NaN
1057	IMG01519.JPG	2.052	2.133	0	0	0	NaN
1058	IMG01519.JPG	2.017	1.641	0	0	0	NaN
1059	IMG01519.JPG	3.449	1.594	0	0	0	NaN
1060	IMG01519.JPG	3.414	2.151	0	0	0	NaN
1061	IMG01519.JPG	2.145	1.606	0	0	0	NaN
1062	IMG01519.JPG	2.4	0.765	0	0	0	NaN
1063	IMG01519.JPG	3.084	0.754	0	0	0	NaN
1064	IMG01519.JPG	3.345	1.641	0	0	0	NaN
1065	IMG01518.JPG	2.249	2.07	0	0	0	NaN
1066	IMG01518.JPG	2.128	1.612	0	0	0	NaN
1067	IMG01518.JPG	3.496	1.583	0	0	0	NaN
1068	IMG01518.JPG	3.449	2.052	0	0	0	NaN
1069	IMG01518.JPG	2.272	1.623	0	0	0	NaN
1070	IMG01518.JPG	2.51	0.771	0	0	0	NaN
1071	IMG01518.JPG	3.194	0.748	0	0	0	NaN
1072	IMG01518.JPG	3.403	1.606	0	0	0	NaN
1073	IMG01517.JPG	2.214	1.861	0	0	0	NaN
1074	IMG01517.JPG	2.157	1.525	0	0	0	NaN
1075	IMG01517.JPG	3.38	1.554	0	0	0	NaN
1076	IMG01517.JPG	3.357	1.872	0	0	0	NaN
1077	IMG01517.JPG	2.267	1.519	0	0	0	NaN
1078	IMG01517.JPG	2.475	0.742	0	0	0	NaN
1079	IMG01517.JPG	3.09	0.73	0	0	0	NaN
1080	IMG01517.JPG	3.281	1.565	0	0	0	NaN
1081	IMG01516.JPG	2.168	1.994	0	0	0	NaN
1082	IMG01516.JPG	2.099	1.658	0	0	0	NaN
1083	IMG01516.JPG	3.449	1.588	0	0	0	NaN
1084	IMG01516.JPG	3.461	2	0	0	0	NaN
1085	IMG01516.JPG	2.243	1.606	0	0	0	NaN
1086	IMG01516.JPG	2.423	0.713	0	0	0	NaN
1087	IMG01516.JPG	3.13	0.701	0	0	0	NaN
1088	IMG01516.JPG	3.339	1.583	0	0	0	NaN
1089	IMG01515.JPG	2.272	2.139	0	0	0	NaN
1090	IMG01515.JPG	2.07	1.658	0	0	0	NaN
1091	IMG01515.JPG	3.461	1.617	0	0	0	NaN
1092	IMG01515.JPG	3.281	2.162	0	0	0	NaN
1093	IMG01515.JPG	2.18	1.641	0	0	0	NaN
1094	IMG01515.JPG	2.383	0.858	0	0	0	NaN
1095	IMG01515.JPG	3.096	0.783	0	0	0	NaN
1096	IMG01515.JPG	3.333	1.6	0	0	0	NaN
1097	IMG01514.JPG	2.296	2.157	0	0	0	NaN
1098	IMG01514.JPG	2.151	1.687	0	0	0	NaN
1099	IMG01514.JPG	3.455	1.629	0	0	0	NaN
1100	IMG01514.JPG	3.438	2.122	0	0	0	NaN
1101	IMG01514.JPG	2.284	1.652	0	0	0	NaN
1102	IMG01514.JPG	2.452	0.864	0	0	0	NaN
1103	IMG01514.JPG	3.096	0.864	0	0	0	NaN
1104	IMG01514.JPG	3.357	1.577	0	0	0	NaN
1105	IMG01513.JPG	2.151	2.116	0	0	0	NaN
1106	IMG01513.JPG	2.093	1.687	0	0	0	NaN
1107	IMG01513.JPG	3.559	1.6	0	0	0	NaN
1108	IMG01513.JPG	3.438	2.174	0	0	0	NaN
1109	IMG01513.JPG	2.22	1.6	0	0	0	NaN
1110	IMG01513.JPG	2.423	0.928	0	0	0	NaN
1111	IMG01513.JPG	3.188	0.916	0	0	0	NaN
1112	IMG01513.JPG	3.38	1.629	0	0	0	NaN
1113	IMG01512.JPG	2.272	1.896	0	0	0	NaN
1114	IMG01512.JPG	2.203	1.577	0	0	0	NaN
1115	IMG01512.JPG	3.397	1.606	0	0	0	NaN
1116	IMG01512.JPG	3.351	1.954	0	0	0	NaN
1117	IMG01512.JPG	2.296	1.565	0	0	0	NaN
1118	IMG01512.JPG	2.609	0.748	0	0	0	NaN
1119	IMG01512.JPG	3.177	0.765	0	0	0	NaN
1120	IMG01512.JPG	3.287	1.571	0	0	0	NaN
1121	IMG01511.JPG	2.267	1.826	0	0	0	NaN
1122	IMG01511.JPG	2.243	1.617	0	0	0	NaN
1123	IMG01511.JPG	3.322	1.612	0	0	0	NaN
1124	IMG01511.JPG	3.217	1.901	0	0	0	NaN
1125	IMG01511.JPG	2.348	1.583	0	0	0	NaN
1126	IMG01511.JPG	2.487	0.846	0	0	0	NaN
1127	IMG01511.JPG	2.991	0.806	0	0	0	NaN
1128	IMG01511.JPG	3.212	1.588	0	0	0	NaN
1129	IMG01510.JPG	2.342	2.035	0	0	0	NaN
1130	IMG01510.JPG	2.278	1.646	0	0	0	NaN
1131	IMG01510.JPG	3.351	1.646	0	0	0	NaN
1132	IMG01510.JPG	3.275	2.006	0	0	0	NaN
1133	IMG01510.JPG	2.417	1.617	0	0	0	NaN
1134	IMG01510.JPG	2.574	0.852	0	0	0	NaN
1135	IMG01510.JPG	3.09	0.829	0	0	0	NaN
1136	IMG01510.JPG	3.241	1.641	0	0	0	NaN
1137	IMG01509.JPG	2.319	2.006	0	0	0	NaN
1138	IMG01509.JPG	2.168	1.617	0	0	0	NaN
1139	IMG01509.JPG	3.414	1.606	0	0	0	NaN
1140	IMG01509.JPG	3.316	2.035	0	0	0	NaN
1141	IMG01509.JPG	2.348	1.559	0	0	0	NaN
1142	IMG01509.JPG	2.481	0.858	0	0	0	NaN
1143	IMG01509.JPG	3.148	0.858	0	0	0	NaN
1144	IMG01509.JPG	3.287	1.594	0	0	0	NaN
1145	IMG01508.JPG	2.145	2.012	0	0	0	NaN
1146	IMG01508.JPG	2.139	1.606	0	0	0	NaN
1147	IMG01508.JPG	3.461	1.583	0	0	0	NaN
1148	IMG01508.JPG	3.438	2.058	0	0	0	NaN
1149	IMG01508.JPG	2.255	1.6	0	0	0	NaN
1150	IMG01508.JPG	2.47	0.922	0	0	0	NaN
1151	IMG01508.JPG	3.206	0.933	0	0	0	NaN
1152	IMG01508.JPG	3.368	1.612	0	0	0	NaN
1153	IMG01507.JPG	2.243	1.896	0	0	0	NaN
1154	IMG01507.JPG	2.249	1.554	0	0	0	NaN
1155	IMG01507.JPG	3.49	1.542	0	0	0	NaN
1156	IMG01507.JPG	3.467	1.925	0	0	0	NaN
1157	IMG01507.JPG	2.307	1.548	0	0	0	NaN
1158	IMG01507.JPG	2.522	0.928	0	0	0	NaN
1159	IMG01507.JPG	3.159	0.829	0	0	0	NaN
1160	IMG01507.JPG	3.368	1.548	0	0	0	NaN
1161	IMG01506.JPG	2.122	1.965	0	0	0	NaN
1162	IMG01506.JPG	2.093	1.6	0	0	0	NaN
1163	IMG01506.JPG	3.536	1.588	0	0	0	NaN
1164	IMG01506.JPG	3.484	2.052	0	0	0	NaN
1165	IMG01506.JPG	2.238	1.559	0	0	0	NaN
1166	IMG01506.JPG	2.528	0.812	0	0	0	NaN
1167	IMG01506.JPG	3.183	0.788	0	0	0	NaN
1168	IMG01506.JPG	3.409	1.612	0	0	0	NaN
1169	IMG01505.JPG	2.197	2.093	0	0	0	NaN
1170	IMG01505.JPG	2.116	1.704	0	0	0	NaN
1171	IMG01505.JPG	3.467	1.612	0	0	0	NaN
1172	IMG01505.JPG	3.414	2.046	0	0	0	NaN
1173	IMG01505.JPG	2.272	1.693	0	0	0	NaN
1174	IMG01505.JPG	2.504	0.899	0	0	0	NaN
1175	IMG01505.JPG	3.159	0.87	0	0	0	NaN
1176	IMG01505.JPG	3.368	1.6	0	0	0	NaN
1177	IMG01504.JPG	2.249	2.017	0	0	0	NaN
1178	IMG01504.JPG	2.157	1.646	0	0	0	NaN
1179	IMG01504.JPG	3.374	1.67	0	0	0	NaN
1180	IMG01504.JPG	3.368	2.023	0	0	0	NaN
1181	IMG01504.JPG	2.278	1.623	0	0	0	NaN
1182	IMG01504.JPG	2.435	0.817	0	0	0	NaN
1183	IMG01504.JPG	3.154	0.771	0	0	0	NaN
1184	IMG01504.JPG	3.299	1.6	0	0	0	NaN
1185	IMG01503.JPG	2.191	1.994	0	0	0	NaN
1186	IMG01503.JPG	2.151	1.6	0	0	0	NaN
1187	IMG01503.JPG	3.443	1.612	0	0	0	NaN
1188	IMG01503.JPG	3.397	2.029	0	0	0	NaN
1189	IMG01503.JPG	2.267	1.588	0	0	0	NaN
1190	IMG01503.JPG	2.464	0.8	0	0	0	NaN
1191	IMG01503.JPG	3.177	0.759	0	0	0	NaN
1192	IMG01503.JPG	3.333	1.594	0	0	0	NaN
1193	IMG01502.JPG	2.186	1.959	0	0	0	NaN
1194	IMG01502.JPG	2.116	1.519	0	0	0	NaN
1195	IMG01502.JPG	3.397	1.559	0	0	0	NaN
1196	IMG01502.JPG	3.351	1.948	0	0	0	NaN
1197	IMG01502.JPG	2.267	1.53	0	0	0	NaN
1198	IMG01502.JPG	2.516	0.846	0	0	0	NaN
1199	IMG01502.JPG	3.165	0.817	0	0	0	NaN
1200	IMG01502.JPG	3.275	1.571	0	0	0	NaN
1201	IMG01501.JPG	2.174	2.075	0	0	0	NaN
1202	IMG01501.JPG	2.07	1.722	0	0	0	NaN
1203	IMG01501.JPG	3.472	1.652	0	0	0	NaN
1204	IMG01501.JPG	3.472	2.099	0	0	0	NaN
1205	IMG01501.JPG	2.214	1.693	0	0	0	NaN
1206	IMG01501.JPG	2.475	0.829	0	0	0	NaN
1207	IMG01501.JPG	3.119	0.812	0	0	0	NaN
1208	IMG01501.JPG	3.386	1.641	0	0	0	NaN
1209	IMG01500.JPG	2.261	1.89	0	0	0	NaN
1210	IMG01500.JPG	2.157	1.577	0	0	0	NaN
1211	IMG01500.JPG	3.351	1.583	0	0	0	NaN
1212	IMG01500.JPG	3.2	1.942	0	0	0	NaN
1213	IMG01500.JPG	2.284	1.571	0	0	0	NaN
1214	IMG01500.JPG	2.464	0.864	0	0	0	NaN
1215	IMG01500.JPG	3.084	0.835	0	0	0	NaN
1216	IMG01500.JPG	3.241	1.606	0	0	0	NaN
1217	IMG01499.JPG	2.151	2.151	0	0	0	NaN
1218	IMG01499.JPG	2.099	1.617	0	0	0	NaN
1219	IMG01499.JPG	3.519	1.571	0	0	0	NaN
1220	IMG01499.JPG	3.525	2.162	0	0	0	NaN
1221	IMG01499.JPG	2.226	1.588	0	0	0	NaN
1222	IMG01499.JPG	2.47	0.823	0	0	0	NaN
1223	IMG01499.JPG	3.223	0.783	0	0	0	NaN
1224	IMG01499.JPG	3.38	1.606	0	0	0	NaN
1225	IMG01498.JPG	2.035	2.012	0	0	0	NaN
1226	IMG01498.JPG	2.058	1.577	0	0	0	NaN
1227	IMG01498.JPG	3.455	1.565	0	0	0	NaN
1228	IMG01498.JPG	3.368	2	0	0	0	NaN
1229	IMG01498.JPG	2.238	1.554	0	0	0	NaN
1230	IMG01498.JPG	2.435	0.783	0	0	0	NaN
1231	IMG01498.JPG	3.078	0.754	0	0	0	NaN
1232	IMG01498.JPG	3.322	1.588	0	0	0	NaN
1233	IMG01497.JPG	2.093	1.959	0	0	0	NaN
1234	IMG01497.JPG	2.052	1.629	0	0	0	NaN
1235	IMG01497.JPG	3.548	1.606	0	0	0	NaN
1236	IMG01497.JPG	3.496	1.994	0	0	0	NaN
1237	IMG01497.JPG	2.209	1.6	0	0	0	NaN
1238	IMG01497.JPG	2.371	0.788	0	0	0	NaN
1239	IMG01497.JPG	3.096	0.788	0	0	0	NaN
1240	IMG01497.JPG	3.414	1.612	0	0	0	NaN
1241	IMG01496.JPG	2.128	2.139	0	0	0	NaN
1242	IMG01496.JPG	2.087	1.704	0	0	0	NaN
1243	IMG01496.JPG	3.386	1.629	0	0	0	NaN
1244	IMG01496.JPG	3.386	2.093	0	0	0	NaN
1245	IMG01496.JPG	2.214	1.716	0	0	0	NaN
1246	IMG01496.JPG	2.383	0.87	0	0	0	NaN
1247	IMG01496.JPG	3.101	0.852	0	0	0	NaN
1248	IMG01496.JPG	3.252	1.594	0	0	0	NaN
1249	IMG01495.JPG	2.307	2.075	0	0	0	NaN
1250	IMG01495.JPG	2.22	1.704	0	0	0	NaN
1251	IMG01495.JPG	3.49	1.641	0	0	0	NaN
1252	IMG01495.JPG	3.397	2.064	0	0	0	NaN
1253	IMG01495.JPG	2.33	1.623	0	0	0	NaN
1254	IMG01495.JPG	2.516	0.841	0	0	0	NaN
1255	IMG01495.JPG	3.119	0.817	0	0	0	NaN
1256	IMG01495.JPG	3.351	1.629	0	0	0	NaN
1257	IMG01494.JPG	2.278	2.046	0	0	0	NaN
1258	IMG01494.JPG	2.209	1.681	0	0	0	NaN
1259	IMG01494.JPG	3.507	1.583	0	0	0	NaN
1260	IMG01494.JPG	3.455	2	0	0	0	NaN
1261	IMG01494.JPG	2.313	1.664	0	0	0	NaN
1262	IMG01494.JPG	2.481	0.893	0	0	0	NaN
1263	IMG01494.JPG	3.183	0.835	0	0	0	NaN
1264	IMG01494.JPG	3.38	1.583	0	0	0	NaN
1265	IMG01493.JPG	2.139	2.046	0	0	0	NaN
1266	IMG01493.JPG	2.052	1.722	0	0	0	NaN
1267	IMG01493.JPG	3.397	1.646	0	0	0	NaN
1268	IMG01493.JPG	3.299	2.029	0	0	0	NaN
1269	IMG01493.JPG	2.18	1.681	0	0	0	NaN
1270	IMG01493.JPG	2.423	0.986	0	0	0	NaN
1271	IMG01493.JPG	3.026	0.951	0	0	0	NaN
1272	IMG01493.JPG	3.246	1.646	0	0	0	NaN
1273	IMG01492.JPG	2.226	1.971	0	0	0	NaN
1274	IMG01492.JPG	2.162	1.612	0	0	0	NaN
1275	IMG01492.JPG	3.426	1.583	0	0	0	NaN
1276	IMG01492.JPG	3.287	2	0	0	0	NaN
1277	IMG01492.JPG	2.255	1.565	0	0	0	NaN
1278	IMG01492.JPG	2.551	0.852	0	0	0	NaN
1279	IMG01492.JPG	3.171	0.829	0	0	0	NaN
1280	IMG01492.JPG	3.281	1.612	0	0	0	NaN
1281	IMG01491.JPG	2.186	2.099	0	0	0	NaN
1282	IMG01491.JPG	2.133	1.612	0	0	0	NaN
1283	IMG01491.JPG	3.432	1.606	0	0	0	NaN
1284	IMG01491.JPG	3.345	2.075	0	0	0	NaN
1285	IMG01491.JPG	2.226	1.594	0	0	0	NaN
1286	IMG01491.JPG	2.475	0.945	0	0	0	NaN
1287	IMG01491.JPG	3.101	0.87	0	0	0	NaN
1288	IMG01491.JPG	3.345	1.6	0	0	0	NaN
1289	IMG01490.JPG	2.238	2.035	0	0	0	NaN
1290	IMG01490.JPG	2.128	1.635	0	0	0	NaN
1291	IMG01490.JPG	3.443	1.594	0	0	0	NaN
1292	IMG01490.JPG	3.362	2.006	0	0	0	NaN
1293	IMG01490.JPG	2.249	1.629	0	0	0	NaN
1294	IMG01490.JPG	2.464	0.771	0	0	0	NaN
1295	IMG01490.JPG	3.154	0.742	0	0	0	NaN
1296	IMG01490.JPG	3.351	1.583	0	0	0	NaN
1297	IMG01489.JPG	2.226	1.919	0	0	0	NaN
1298	IMG01489.JPG	2.122	1.588	0	0	0	NaN
1299	IMG01489.JPG	3.42	1.525	0	0	0	NaN
1300	IMG01489.JPG	3.38	1.896	0	0	0	NaN
1301	IMG01489.JPG	2.267	1.554	0	0	0	NaN
1302	IMG01489.JPG	2.493	0.916	0	0	0	NaN
1303	IMG01489.JPG	3.107	0.922	0	0	0	NaN
1304	IMG01489.JPG	3.293	1.548	0	0	0	NaN
1305	IMG01488.JPG	2.162	1.919	0	0	0	NaN
1306	IMG01488.JPG	2.099	1.617	0	0	0	NaN
1307	IMG01488.JPG	3.484	1.635	0	0	0	NaN
1308	IMG01488.JPG	3.426	1.954	0	0	0	NaN
1309	IMG01488.JPG	2.249	1.623	0	0	0	NaN
1310	IMG01488.JPG	2.429	0.771	0	0	0	NaN
1311	IMG01488.JPG	3.113	0.765	0	0	0	NaN
1312	IMG01488.JPG	3.374	1.6	0	0	0	NaN
1313	IMG01487.JPG	2.145	2.139	0	0	0	NaN
1314	IMG01487.JPG	2.151	1.658	0	0	0	NaN
1315	IMG01487.JPG	3.583	1.6	0	0	0	NaN
1316	IMG01487.JPG	3.449	2.174	0	0	0	NaN
1317	IMG01487.JPG	2.261	1.623	0	0	0	NaN
1318	IMG01487.JPG	2.528	0.933	0	0	0	NaN
1319	IMG01487.JPG	3.13	0.893	0	0	0	NaN
1320	IMG01487.JPG	3.397	1.641	0	0	0	NaN
1321	IMG01486.JPG	2.359	1.936	0	0	0	NaN
1322	IMG01486.JPG	2.243	1.6	0	0	0	NaN
1323	IMG01486.JPG	3.432	1.606	0	0	0	NaN
1324	IMG01486.JPG	3.322	1.965	0	0	0	NaN
1325	IMG01486.JPG	2.348	1.583	0	0	0	NaN
1326	IMG01486.JPG	2.591	0.951	0	0	0	NaN
1327	IMG01486.JPG	3.142	0.916	0	0	0	NaN
1328	IMG01486.JPG	3.316	1.588	0	0	0	NaN
1329	IMG01485.JPG	2.209	1.971	0	0	0	NaN
1330	IMG01485.JPG	2.116	1.687	0	0	0	NaN
1331	IMG01485.JPG	3.351	1.623	0	0	0	NaN
1332	IMG01485.JPG	3.258	1.983	0	0	0	NaN
1333	IMG01485.JPG	2.186	1.664	0	0	0	NaN
1334	IMG01485.JPG	2.371	0.829	0	0	0	NaN
1335	IMG01485.JPG	3.078	0.817	0	0	0	NaN
1336	IMG01485.JPG	3.206	1.623	0	0	0	NaN
1337	IMG01484.JPG	2.249	1.896	0	0	0	NaN
1338	IMG01484.JPG	2.168	1.606	0	0	0	NaN
1339	IMG01484.JPG	3.449	1.525	0	0	0	NaN
1340	IMG01484.JPG	3.397	1.884	0	0	0	NaN
1341	IMG01484.JPG	2.319	1.588	0	0	0	NaN
1342	IMG01484.JPG	2.499	0.904	0	0	0	NaN
1343	IMG01484.JPG	3.148	0.887	0	0	0	NaN
1344	IMG01484.JPG	3.293	1.496	0	0	0	NaN