 	Label	X	Y	Circ.	AR	Round	Solidity
1	IMG00219.JPG	2.133	2.023	0	0	0	NaN
2	IMG00219.JPG	2.023	1.49	0	0	0	NaN
3	IMG00219.JPG	3.397	1.449	0	0	0	NaN
4	IMG00219.JPG	3.374	2.093	0	0	0	NaN
5	IMG00219.JPG	2.191	1.49	0	0	0	NaN
6	IMG00219.JPG	2.336	0.899	0	0	0	NaN
7	IMG00219.JPG	3.072	0.812	0	0	0	NaN
8	IMG00219.JPG	3.246	1.496	0	0	0	NaN
9	IMG00328.JPG	2.278	2.052	0	0	0	NaN
10	IMG00328.JPG	2.162	1.652	0	0	0	NaN
11	IMG00328.JPG	3.467	1.681	0	0	0	NaN
12	IMG00328.JPG	3.478	2.133	0	0	0	NaN
13	IMG00328.JPG	2.296	1.641	0	0	0	NaN
14	IMG00328.JPG	2.522	0.736	0	0	0	NaN
15	IMG00328.JPG	3.229	0.742	0	0	0	NaN
16	IMG00328.JPG	3.432	1.652	0	0	0	NaN
17	IMG00327.JPG	2.278	1.959	0	0	0	NaN
18	IMG00327.JPG	2.255	1.554	0	0	0	NaN
19	IMG00327.JPG	3.42	1.583	0	0	0	NaN
20	IMG00327.JPG	3.438	1.971	0	0	0	NaN
21	IMG00327.JPG	2.406	1.53	0	0	0	NaN
22	IMG00327.JPG	2.504	0.777	0	0	0	NaN
23	IMG00327.JPG	3.188	0.788	0	0	0	NaN
24	IMG00327.JPG	3.328	1.548	0	0	0	NaN
25	IMG00326.JPG	2.191	2.058	0	0	0	NaN
26	IMG00326.JPG	2.11	1.664	0	0	0	NaN
27	IMG00326.JPG	3.438	1.617	0	0	0	NaN
28	IMG00326.JPG	3.414	2.017	0	0	0	NaN
29	IMG00326.JPG	2.238	1.646	0	0	0	NaN
30	IMG00326.JPG	2.458	0.725	0	0	0	NaN
31	IMG00326.JPG	3.148	0.725	0	0	0	NaN
32	IMG00326.JPG	3.351	1.594	0	0	0	NaN
33	IMG00325.JPG	2.238	2.058	0	0	0	NaN
34	IMG00325.JPG	2.093	1.612	0	0	0	NaN
35	IMG00325.JPG	3.345	1.577	0	0	0	NaN
36	IMG00325.JPG	3.281	1.977	0	0	0	NaN
37	IMG00325.JPG	2.29	1.612	0	0	0	NaN
38	IMG00325.JPG	2.365	0.852	0	0	0	NaN
39	IMG00325.JPG	3.055	0.8	0	0	0	NaN
40	IMG00325.JPG	3.2	1.6	0	0	0	NaN
41	IMG00324.JPG	2.238	2.041	0	0	0	NaN
42	IMG00324.JPG	2.18	1.635	0	0	0	NaN
43	IMG00324.JPG	3.461	1.675	0	0	0	NaN
44	IMG00324.JPG	3.461	2.081	0	0	0	NaN
45	IMG00324.JPG	2.278	1.623	0	0	0	NaN
46	IMG00324.JPG	2.446	0.806	0	0	0	NaN
47	IMG00324.JPG	3.217	0.788	0	0	0	NaN
48	IMG00324.JPG	3.397	1.646	0	0	0	NaN
49	IMG00323.JPG	2.18	2.017	0	0	0	NaN
50	IMG00323.JPG	2.093	1.681	0	0	0	NaN
51	IMG00323.JPG	3.426	1.554	0	0	0	NaN
52	IMG00323.JPG	3.362	1.971	0	0	0	NaN
53	IMG00323.JPG	2.238	1.606	0	0	0	NaN
54	IMG00323.JPG	2.307	0.765	0	0	0	NaN
55	IMG00323.JPG	3.154	0.725	0	0	0	NaN
56	IMG00323.JPG	3.316	1.542	0	0	0	NaN
57	IMG00322.JPG	2.191	2.023	0	0	0	NaN
58	IMG00322.JPG	2.139	1.617	0	0	0	NaN
59	IMG00322.JPG	3.478	1.583	0	0	0	NaN
60	IMG00322.JPG	3.426	2.012	0	0	0	NaN
61	IMG00322.JPG	2.261	1.594	0	0	0	NaN
62	IMG00322.JPG	2.481	0.759	0	0	0	NaN
63	IMG00322.JPG	3.165	0.719	0	0	0	NaN
64	IMG00322.JPG	3.38	1.588	0	0	0	NaN
65	IMG00321.JPG	2.203	2.075	0	0	0	NaN
66	IMG00321.JPG	2.099	1.693	0	0	0	NaN
67	IMG00321.JPG	3.432	1.565	0	0	0	NaN
68	IMG00321.JPG	3.414	1.988	0	0	0	NaN
69	IMG00321.JPG	2.243	1.658	0	0	0	NaN
70	IMG00321.JPG	2.406	0.8	0	0	0	NaN
71	IMG00321.JPG	3.136	0.707	0	0	0	NaN
72	IMG00321.JPG	3.31	1.565	0	0	0	NaN
73	IMG00320.JPG	2.157	2.052	0	0	0	NaN
74	IMG00320.JPG	2.029	1.681	0	0	0	NaN
75	IMG00320.JPG	3.345	1.652	0	0	0	NaN
76	IMG00320.JPG	3.357	2.162	0	0	0	NaN
77	IMG00320.JPG	2.18	1.652	0	0	0	NaN
78	IMG00320.JPG	2.417	0.783	0	0	0	NaN
79	IMG00320.JPG	3.061	0.765	0	0	0	NaN
80	IMG00320.JPG	3.275	1.635	0	0	0	NaN
81	IMG00319.JPG	2.226	2.099	0	0	0	NaN
82	IMG00319.JPG	2.11	1.716	0	0	0	NaN
83	IMG00319.JPG	3.391	1.623	0	0	0	NaN
84	IMG00319.JPG	3.414	2.075	0	0	0	NaN
85	IMG00319.JPG	2.249	1.716	0	0	0	NaN
86	IMG00319.JPG	2.4	0.788	0	0	0	NaN
87	IMG00319.JPG	3.067	0.754	0	0	0	NaN
88	IMG00319.JPG	3.304	1.6	0	0	0	NaN
89	IMG00318.JPG	2.255	2.052	0	0	0	NaN
90	IMG00318.JPG	2.203	1.722	0	0	0	NaN
91	IMG00318.JPG	3.42	1.646	0	0	0	NaN
92	IMG00318.JPG	3.391	2.058	0	0	0	NaN
93	IMG00318.JPG	2.313	1.664	0	0	0	NaN
94	IMG00318.JPG	2.412	0.806	0	0	0	NaN
95	IMG00318.JPG	3.067	0.771	0	0	0	NaN
96	IMG00318.JPG	3.299	1.693	0	0	0	NaN
97	IMG00317.JPG	2.261	2.07	0	0	0	NaN
98	IMG00317.JPG	2.174	1.768	0	0	0	NaN
99	IMG00317.JPG	3.368	1.652	0	0	0	NaN
100	IMG00317.JPG	3.403	2.006	0	0	0	NaN
101	IMG00317.JPG	2.296	1.733	0	0	0	NaN
102	IMG00317.JPG	2.354	0.974	0	0	0	NaN
103	IMG00317.JPG	3.072	0.928	0	0	0	NaN
104	IMG00317.JPG	3.281	1.623	0	0	0	NaN
105	IMG00316.JPG	2.29	1.965	0	0	0	NaN
106	IMG00316.JPG	2.255	1.571	0	0	0	NaN
107	IMG00316.JPG	3.548	1.484	0	0	0	NaN
108	IMG00316.JPG	3.577	1.907	0	0	0	NaN
109	IMG00316.JPG	2.394	1.554	0	0	0	NaN
110	IMG00316.JPG	2.568	0.748	0	0	0	NaN
111	IMG00316.JPG	3.212	0.719	0	0	0	NaN
112	IMG00316.JPG	3.467	1.507	0	0	0	NaN
113	IMG00315.JPG	2.133	2.139	0	0	0	NaN
114	IMG00315.JPG	2.07	1.693	0	0	0	NaN
115	IMG00315.JPG	3.478	1.606	0	0	0	NaN
116	IMG00315.JPG	3.484	2.081	0	0	0	NaN
117	IMG00315.JPG	2.203	1.681	0	0	0	NaN
118	IMG00315.JPG	2.325	0.841	0	0	0	NaN
119	IMG00315.JPG	3.107	0.771	0	0	0	NaN
120	IMG00315.JPG	3.368	1.617	0	0	0	NaN
121	IMG00314.JPG	2.151	2.07	0	0	0	NaN
122	IMG00314.JPG	2.081	1.629	0	0	0	NaN
123	IMG00314.JPG	3.397	1.53	0	0	0	NaN
124	IMG00314.JPG	3.438	1.988	0	0	0	NaN
125	IMG00314.JPG	2.232	1.635	0	0	0	NaN
126	IMG00314.JPG	2.4	0.875	0	0	0	NaN
127	IMG00314.JPG	3.055	0.852	0	0	0	NaN
128	IMG00314.JPG	3.27	1.565	0	0	0	NaN
129	IMG00313.JPG	2.232	2.133	0	0	0	NaN
130	IMG00313.JPG	2.18	1.722	0	0	0	NaN
131	IMG00313.JPG	3.478	1.571	0	0	0	NaN
132	IMG00313.JPG	3.455	2.023	0	0	0	NaN
133	IMG00313.JPG	2.29	1.704	0	0	0	NaN
134	IMG00313.JPG	2.313	0.713	0	0	0	NaN
135	IMG00313.JPG	3.154	0.649	0	0	0	NaN
136	IMG00313.JPG	3.333	1.594	0	0	0	NaN
137	IMG00312.JPG	2.006	2.052	0	0	0	NaN
138	IMG00312.JPG	1.954	1.658	0	0	0	NaN
139	IMG00312.JPG	3.304	1.536	0	0	0	NaN
140	IMG00312.JPG	3.293	2.012	0	0	0	NaN
141	IMG00312.JPG	2.087	1.646	0	0	0	NaN
142	IMG00312.JPG	2.191	0.823	0	0	0	NaN
143	IMG00312.JPG	2.974	0.794	0	0	0	NaN
144	IMG00312.JPG	3.206	1.542	0	0	0	NaN
145	IMG00311.JPG	2.203	2.087	0	0	0	NaN
146	IMG00311.JPG	2.139	1.687	0	0	0	NaN
147	IMG00311.JPG	3.455	1.565	0	0	0	NaN
148	IMG00311.JPG	3.467	2.012	0	0	0	NaN
149	IMG00311.JPG	2.243	1.641	0	0	0	NaN
150	IMG00311.JPG	2.377	0.835	0	0	0	NaN
151	IMG00311.JPG	3.107	0.788	0	0	0	NaN
152	IMG00311.JPG	3.293	1.583	0	0	0	NaN
153	IMG00310.JPG	2.122	2.006	0	0	0	NaN
154	IMG00310.JPG	2.041	1.588	0	0	0	NaN
155	IMG00310.JPG	3.316	1.577	0	0	0	NaN
156	IMG00310.JPG	3.299	2	0	0	0	NaN
157	IMG00310.JPG	2.186	1.588	0	0	0	NaN
158	IMG00310.JPG	2.296	0.812	0	0	0	NaN
159	IMG00310.JPG	3.125	0.748	0	0	0	NaN
160	IMG00310.JPG	3.217	1.571	0	0	0	NaN
161	IMG00309.JPG	2.012	1.977	0	0	0	NaN
162	IMG00309.JPG	1.942	1.565	0	0	0	NaN
163	IMG00309.JPG	3.264	1.519	0	0	0	NaN
164	IMG00309.JPG	3.339	1.971	0	0	0	NaN
165	IMG00309.JPG	2.133	1.565	0	0	0	NaN
166	IMG00309.JPG	2.197	0.87	0	0	0	NaN
167	IMG00309.JPG	3.026	0.841	0	0	0	NaN
168	IMG00309.JPG	3.159	1.525	0	0	0	NaN
169	IMG00308.JPG	2.313	1.994	0	0	0	NaN
170	IMG00308.JPG	2.226	1.6	0	0	0	NaN
171	IMG00308.JPG	3.351	1.536	0	0	0	NaN
172	IMG00308.JPG	3.299	1.942	0	0	0	NaN
173	IMG00308.JPG	2.354	1.606	0	0	0	NaN
174	IMG00308.JPG	2.504	0.73	0	0	0	NaN
175	IMG00308.JPG	3.067	0.701	0	0	0	NaN
176	IMG00308.JPG	3.252	1.542	0	0	0	NaN
177	IMG00307.JPG	2.151	2.087	0	0	0	NaN
178	IMG00307.JPG	2.075	1.675	0	0	0	NaN
179	IMG00307.JPG	3.345	1.617	0	0	0	NaN
180	IMG00307.JPG	3.328	2.035	0	0	0	NaN
181	IMG00307.JPG	2.209	1.617	0	0	0	NaN
182	IMG00307.JPG	2.406	0.962	0	0	0	NaN
183	IMG00307.JPG	3.067	0.928	0	0	0	NaN
184	IMG00307.JPG	3.229	1.629	0	0	0	NaN
185	IMG00306.JPG	2.226	2.249	0	0	0	NaN
186	IMG00306.JPG	2.087	1.722	0	0	0	NaN
187	IMG00306.JPG	3.519	1.594	0	0	0	NaN
188	IMG00306.JPG	3.426	2.162	0	0	0	NaN
189	IMG00306.JPG	2.22	1.641	0	0	0	NaN
190	IMG00306.JPG	2.377	0.823	0	0	0	NaN
191	IMG00306.JPG	3.09	0.794	0	0	0	NaN
192	IMG00306.JPG	3.414	1.606	0	0	0	NaN
193	IMG00305.JPG	2.116	2.058	0	0	0	NaN
194	IMG00305.JPG	2.064	1.646	0	0	0	NaN
195	IMG00305.JPG	3.397	1.536	0	0	0	NaN
196	IMG00305.JPG	3.304	1.994	0	0	0	NaN
197	IMG00305.JPG	2.174	1.641	0	0	0	NaN
198	IMG00305.JPG	2.359	0.933	0	0	0	NaN
199	IMG00305.JPG	3.072	0.928	0	0	0	NaN
200	IMG00305.JPG	3.299	1.565	0	0	0	NaN
201	IMG00304.JPG	2.128	2.203	0	0	0	NaN
202	IMG00304.JPG	2.104	1.652	0	0	0	NaN
203	IMG00304.JPG	3.496	1.536	0	0	0	NaN
204	IMG00304.JPG	3.472	2.133	0	0	0	NaN
205	IMG00304.JPG	2.203	1.617	0	0	0	NaN
206	IMG00304.JPG	2.406	0.858	0	0	0	NaN
207	IMG00304.JPG	3.107	0.829	0	0	0	NaN
208	IMG00304.JPG	3.351	1.554	0	0	0	NaN
209	IMG00303.JPG	2.191	2.255	0	0	0	NaN
210	IMG00303.JPG	2.18	1.716	0	0	0	NaN
211	IMG00303.JPG	3.432	1.699	0	0	0	NaN
212	IMG00303.JPG	3.426	2.22	0	0	0	NaN
213	IMG00303.JPG	2.272	1.693	0	0	0	NaN
214	IMG00303.JPG	2.388	0.997	0	0	0	NaN
215	IMG00303.JPG	3.119	0.945	0	0	0	NaN
216	IMG00303.JPG	3.322	1.687	0	0	0	NaN
217	IMG00302.JPG	2.075	1.977	0	0	0	NaN
218	IMG00302.JPG	2.07	1.49	0	0	0	NaN
219	IMG00302.JPG	3.513	1.409	0	0	0	NaN
220	IMG00302.JPG	3.409	2.058	0	0	0	NaN
221	IMG00302.JPG	2.255	1.496	0	0	0	NaN
222	IMG00302.JPG	2.365	0.829	0	0	0	NaN
223	IMG00302.JPG	3.101	0.771	0	0	0	NaN
224	IMG00302.JPG	3.374	1.472	0	0	0	NaN
225	IMG00301.JPG	2.122	2.133	0	0	0	NaN
226	IMG00301.JPG	2.035	1.617	0	0	0	NaN
227	IMG00301.JPG	3.455	1.606	0	0	0	NaN
228	IMG00301.JPG	3.414	2.122	0	0	0	NaN
229	IMG00301.JPG	2.249	1.612	0	0	0	NaN
230	IMG00301.JPG	2.336	0.788	0	0	0	NaN
231	IMG00301.JPG	3.101	0.777	0	0	0	NaN
232	IMG00301.JPG	3.275	1.652	0	0	0	NaN
233	IMG00300.JPG	2.07	2.18	0	0	0	NaN
234	IMG00300.JPG	1.983	1.623	0	0	0	NaN
235	IMG00300.JPG	3.449	1.588	0	0	0	NaN
236	IMG00300.JPG	3.38	2.203	0	0	0	NaN
237	IMG00300.JPG	2.162	1.606	0	0	0	NaN
238	IMG00300.JPG	2.394	0.899	0	0	0	NaN
239	IMG00300.JPG	3.061	0.858	0	0	0	NaN
240	IMG00300.JPG	3.246	1.629	0	0	0	NaN
241	IMG00299.JPG	2.296	1.988	0	0	0	NaN
242	IMG00299.JPG	2.214	1.623	0	0	0	NaN
243	IMG00299.JPG	3.351	1.6	0	0	0	NaN
244	IMG00299.JPG	3.299	1.954	0	0	0	NaN
245	IMG00299.JPG	2.307	1.623	0	0	0	NaN
246	IMG00299.JPG	2.47	0.759	0	0	0	NaN
247	IMG00299.JPG	2.986	0.748	0	0	0	NaN
248	IMG00299.JPG	3.281	1.617	0	0	0	NaN
249	IMG00298.JPG	2.046	2.064	0	0	0	NaN
250	IMG00298.JPG	2.046	1.594	0	0	0	NaN
251	IMG00298.JPG	3.455	1.565	0	0	0	NaN
252	IMG00298.JPG	3.467	2.058	0	0	0	NaN
253	IMG00298.JPG	2.22	1.6	0	0	0	NaN
254	IMG00298.JPG	2.359	0.707	0	0	0	NaN
255	IMG00298.JPG	3.177	0.667	0	0	0	NaN
256	IMG00298.JPG	3.345	1.554	0	0	0	NaN
257	IMG00297.JPG	2.168	2.017	0	0	0	NaN
258	IMG00297.JPG	2.116	1.629	0	0	0	NaN
259	IMG00297.JPG	3.461	1.571	0	0	0	NaN
260	IMG00297.JPG	3.438	2.006	0	0	0	NaN
261	IMG00297.JPG	2.29	1.652	0	0	0	NaN
262	IMG00297.JPG	2.383	0.835	0	0	0	NaN
263	IMG00297.JPG	3.049	0.788	0	0	0	NaN
264	IMG00297.JPG	3.339	1.583	0	0	0	NaN
265	IMG00296.JPG	2.261	2.261	0	0	0	NaN
266	IMG00296.JPG	2.145	1.699	0	0	0	NaN
267	IMG00296.JPG	3.536	1.501	0	0	0	NaN
268	IMG00296.JPG	3.559	2.151	0	0	0	NaN
269	IMG00296.JPG	2.33	1.641	0	0	0	NaN
270	IMG00296.JPG	2.539	0.87	0	0	0	NaN
271	IMG00296.JPG	3.165	0.788	0	0	0	NaN
272	IMG00296.JPG	3.443	1.525	0	0	0	NaN
273	IMG00295.JPG	2.203	2.122	0	0	0	NaN
274	IMG00295.JPG	2.087	1.658	0	0	0	NaN
275	IMG00295.JPG	3.484	1.606	0	0	0	NaN
276	IMG00295.JPG	3.426	2.122	0	0	0	NaN
277	IMG00295.JPG	2.243	1.629	0	0	0	NaN
278	IMG00295.JPG	2.365	0.875	0	0	0	NaN
279	IMG00295.JPG	3.136	0.841	0	0	0	NaN
280	IMG00295.JPG	3.391	1.577	0	0	0	NaN
281	IMG00294.JPG	2.255	2.209	0	0	0	NaN
282	IMG00294.JPG	2.197	1.675	0	0	0	NaN
283	IMG00294.JPG	3.49	1.6	0	0	0	NaN
284	IMG00294.JPG	3.507	2.157	0	0	0	NaN
285	IMG00294.JPG	2.354	1.687	0	0	0	NaN
286	IMG00294.JPG	2.522	0.997	0	0	0	NaN
287	IMG00294.JPG	3.13	0.945	0	0	0	NaN
288	IMG00294.JPG	3.351	1.612	0	0	0	NaN
289	IMG00293.JPG	2.325	1.971	0	0	0	NaN
290	IMG00293.JPG	2.267	1.623	0	0	0	NaN
291	IMG00293.JPG	3.478	1.594	0	0	0	NaN
292	IMG00293.JPG	3.501	1.983	0	0	0	NaN
293	IMG00293.JPG	2.423	1.6	0	0	0	NaN
294	IMG00293.JPG	2.591	0.864	0	0	0	NaN
295	IMG00293.JPG	3.27	0.881	0	0	0	NaN
296	IMG00293.JPG	3.362	1.594	0	0	0	NaN
297	IMG00292.JPG	2.139	2.029	0	0	0	NaN
298	IMG00292.JPG	2.11	1.565	0	0	0	NaN
299	IMG00292.JPG	3.438	1.548	0	0	0	NaN
300	IMG00292.JPG	3.525	2.075	0	0	0	NaN
301	IMG00292.JPG	2.255	1.565	0	0	0	NaN
302	IMG00292.JPG	2.493	0.922	0	0	0	NaN
303	IMG00292.JPG	3.154	0.91	0	0	0	NaN
304	IMG00292.JPG	3.333	1.565	0	0	0	NaN
305	IMG00291.JPG	2.151	2.168	0	0	0	NaN
306	IMG00291.JPG	2.104	1.635	0	0	0	NaN
307	IMG00291.JPG	3.409	1.525	0	0	0	NaN
308	IMG00291.JPG	3.414	2.058	0	0	0	NaN
309	IMG00291.JPG	2.243	1.635	0	0	0	NaN
310	IMG00291.JPG	2.307	0.922	0	0	0	NaN
311	IMG00291.JPG	3.078	0.841	0	0	0	NaN
312	IMG00291.JPG	3.252	1.536	0	0	0	NaN
313	IMG00290.JPG	2.058	2.243	0	0	0	NaN
314	IMG00290.JPG	2.087	1.762	0	0	0	NaN
315	IMG00290.JPG	3.501	1.716	0	0	0	NaN
316	IMG00290.JPG	3.472	2.284	0	0	0	NaN
317	IMG00290.JPG	2.267	1.722	0	0	0	NaN
318	IMG00290.JPG	2.348	0.997	0	0	0	NaN
319	IMG00290.JPG	3.096	0.933	0	0	0	NaN
320	IMG00290.JPG	3.339	1.71	0	0	0	NaN
321	IMG00289.JPG	2.203	1.965	0	0	0	NaN
322	IMG00289.JPG	2.116	1.583	0	0	0	NaN
323	IMG00289.JPG	3.409	1.571	0	0	0	NaN
324	IMG00289.JPG	3.368	1.954	0	0	0	NaN
325	IMG00289.JPG	2.243	1.594	0	0	0	NaN
326	IMG00289.JPG	2.429	0.759	0	0	0	NaN
327	IMG00289.JPG	3.055	0.69	0	0	0	NaN
328	IMG00289.JPG	3.328	1.583	0	0	0	NaN
329	IMG00288.JPG	2.249	2.128	0	0	0	NaN
330	IMG00288.JPG	2.139	1.693	0	0	0	NaN
331	IMG00288.JPG	3.449	1.594	0	0	0	NaN
332	IMG00288.JPG	3.432	2.064	0	0	0	NaN
333	IMG00288.JPG	2.301	1.629	0	0	0	NaN
334	IMG00288.JPG	2.493	0.875	0	0	0	NaN
335	IMG00288.JPG	3.159	0.812	0	0	0	NaN
336	IMG00288.JPG	3.362	1.565	0	0	0	NaN
337	IMG00287.JPG	2.191	2.029	0	0	0	NaN
338	IMG00287.JPG	2.052	1.635	0	0	0	NaN
339	IMG00287.JPG	3.374	1.577	0	0	0	NaN
340	IMG00287.JPG	3.374	1.994	0	0	0	NaN
341	IMG00287.JPG	2.249	1.658	0	0	0	NaN
342	IMG00287.JPG	2.377	0.887	0	0	0	NaN
343	IMG00287.JPG	3.084	0.881	0	0	0	NaN
344	IMG00287.JPG	3.264	1.588	0	0	0	NaN
345	IMG00286.JPG	2.377	1.994	0	0	0	NaN
346	IMG00286.JPG	2.214	1.525	0	0	0	NaN
347	IMG00286.JPG	3.403	1.426	0	0	0	NaN
348	IMG00286.JPG	3.322	1.948	0	0	0	NaN
349	IMG00286.JPG	2.348	1.519	0	0	0	NaN
350	IMG00286.JPG	2.452	0.649	0	0	0	NaN
351	IMG00286.JPG	3.113	0.591	0	0	0	NaN
352	IMG00286.JPG	3.304	1.478	0	0	0	NaN
353	IMG00285.JPG	2.319	1.971	0	0	0	NaN
354	IMG00285.JPG	2.209	1.635	0	0	0	NaN
355	IMG00285.JPG	3.328	1.588	0	0	0	NaN
356	IMG00285.JPG	3.31	1.977	0	0	0	NaN
357	IMG00285.JPG	2.284	1.629	0	0	0	NaN
358	IMG00285.JPG	2.359	0.922	0	0	0	NaN
359	IMG00285.JPG	3.096	0.875	0	0	0	NaN
360	IMG00285.JPG	3.252	1.571	0	0	0	NaN
361	IMG00283.JPG	2.186	2.081	0	0	0	NaN
362	IMG00283.JPG	2.116	1.565	0	0	0	NaN
363	IMG00283.JPG	3.397	1.554	0	0	0	NaN
364	IMG00283.JPG	3.397	2.058	0	0	0	NaN
365	IMG00283.JPG	2.267	1.6	0	0	0	NaN
366	IMG00283.JPG	2.342	0.783	0	0	0	NaN
367	IMG00283.JPG	3.096	0.748	0	0	0	NaN
368	IMG00283.JPG	3.275	1.577	0	0	0	NaN
369	IMG00282.JPG	2.058	2.116	0	0	0	NaN
370	IMG00282.JPG	2	1.6	0	0	0	NaN
371	IMG00282.JPG	3.455	1.594	0	0	0	NaN
372	IMG00282.JPG	3.49	2.122	0	0	0	NaN
373	IMG00282.JPG	2.104	1.635	0	0	0	NaN
374	IMG00282.JPG	2.359	0.858	0	0	0	NaN
375	IMG00282.JPG	3.125	0.835	0	0	0	NaN
376	IMG00282.JPG	3.351	1.623	0	0	0	NaN
377	IMG00281.JPG	2.226	1.994	0	0	0	NaN
378	IMG00281.JPG	2.122	1.542	0	0	0	NaN
379	IMG00281.JPG	3.461	1.507	0	0	0	NaN
380	IMG00281.JPG	3.519	1.965	0	0	0	NaN
381	IMG00281.JPG	2.249	1.536	0	0	0	NaN
382	IMG00281.JPG	2.481	0.672	0	0	0	NaN
383	IMG00281.JPG	3.246	0.678	0	0	0	NaN
384	IMG00281.JPG	3.403	1.513	0	0	0	NaN
385	IMG00280.JPG	2.232	1.959	0	0	0	NaN
386	IMG00280.JPG	2.151	1.53	0	0	0	NaN
387	IMG00280.JPG	3.426	1.478	0	0	0	NaN
388	IMG00280.JPG	3.414	1.896	0	0	0	NaN
389	IMG00280.JPG	2.284	1.554	0	0	0	NaN
390	IMG00280.JPG	2.435	0.899	0	0	0	NaN
391	IMG00280.JPG	3.101	0.835	0	0	0	NaN
392	IMG00280.JPG	3.31	1.472	0	0	0	NaN
393	IMG00279.JPG	2.203	2	0	0	0	NaN
394	IMG00279.JPG	2.133	1.641	0	0	0	NaN
395	IMG00279.JPG	3.391	1.548	0	0	0	NaN
396	IMG00279.JPG	3.397	1.948	0	0	0	NaN
397	IMG00279.JPG	2.272	1.641	0	0	0	NaN
398	IMG00279.JPG	2.464	0.875	0	0	0	NaN
399	IMG00279.JPG	3.061	0.788	0	0	0	NaN
400	IMG00279.JPG	3.304	1.565	0	0	0	NaN
401	IMG00278.JPG	2.104	2.116	0	0	0	NaN
402	IMG00278.JPG	2.11	1.699	0	0	0	NaN
403	IMG00278.JPG	3.42	1.612	0	0	0	NaN
404	IMG00278.JPG	3.449	2.081	0	0	0	NaN
405	IMG00278.JPG	2.249	1.693	0	0	0	NaN
406	IMG00278.JPG	2.388	0.846	0	0	0	NaN
407	IMG00278.JPG	3.101	0.794	0	0	0	NaN
408	IMG00278.JPG	3.339	1.652	0	0	0	NaN
409	IMG00277.JPG	2.174	1.925	0	0	0	NaN
410	IMG00277.JPG	2.081	1.548	0	0	0	NaN
411	IMG00277.JPG	3.322	1.513	0	0	0	NaN
412	IMG00277.JPG	3.316	1.942	0	0	0	NaN
413	IMG00277.JPG	2.214	1.559	0	0	0	NaN
414	IMG00277.JPG	2.33	0.765	0	0	0	NaN
415	IMG00277.JPG	3.084	0.794	0	0	0	NaN
416	IMG00277.JPG	3.246	1.525	0	0	0	NaN
417	IMG00276.JPG	2.232	2.191	0	0	0	NaN
418	IMG00276.JPG	2.139	1.826	0	0	0	NaN
419	IMG00276.JPG	3.374	1.507	0	0	0	NaN
420	IMG00276.JPG	3.467	1.925	0	0	0	NaN
421	IMG00276.JPG	2.272	1.768	0	0	0	NaN
422	IMG00276.JPG	2.383	1.038	0	0	0	NaN
423	IMG00276.JPG	3.09	1.038	0	0	0	NaN
424	IMG00276.JPG	3.287	1.513	0	0	0	NaN
425	IMG00275.JPG	2.116	2.075	0	0	0	NaN
426	IMG00275.JPG	2.058	1.646	0	0	0	NaN
427	IMG00275.JPG	3.374	1.606	0	0	0	NaN
428	IMG00275.JPG	3.414	2.006	0	0	0	NaN
429	IMG00275.JPG	2.261	1.675	0	0	0	NaN
430	IMG00275.JPG	2.394	0.829	0	0	0	NaN
431	IMG00275.JPG	3.136	0.742	0	0	0	NaN
432	IMG00275.JPG	3.246	1.612	0	0	0	NaN
433	IMG00274.JPG	2.214	1.954	0	0	0	NaN
434	IMG00274.JPG	2.162	1.554	0	0	0	NaN
435	IMG00274.JPG	3.391	1.565	0	0	0	NaN
436	IMG00274.JPG	3.391	1.983	0	0	0	NaN
437	IMG00274.JPG	2.319	1.548	0	0	0	NaN
438	IMG00274.JPG	2.4	0.806	0	0	0	NaN
439	IMG00274.JPG	3.159	0.765	0	0	0	NaN
440	IMG00274.JPG	3.31	1.559	0	0	0	NaN
441	IMG00273.JPG	2.359	2.064	0	0	0	NaN
442	IMG00273.JPG	2.296	1.681	0	0	0	NaN
443	IMG00273.JPG	3.397	1.617	0	0	0	NaN
444	IMG00273.JPG	3.391	2.041	0	0	0	NaN
445	IMG00273.JPG	2.429	1.681	0	0	0	NaN
446	IMG00273.JPG	2.516	0.91	0	0	0	NaN
447	IMG00273.JPG	3.09	0.899	0	0	0	NaN
448	IMG00273.JPG	3.316	1.617	0	0	0	NaN
449	IMG00272.JPG	2.029	2.151	0	0	0	NaN
450	IMG00272.JPG	2.006	1.583	0	0	0	NaN
451	IMG00272.JPG	3.391	1.559	0	0	0	NaN
452	IMG00272.JPG	3.461	2.174	0	0	0	NaN
453	IMG00272.JPG	2.197	1.594	0	0	0	NaN
454	IMG00272.JPG	2.435	0.806	0	0	0	NaN
455	IMG00272.JPG	3.067	0.835	0	0	0	NaN
456	IMG00272.JPG	3.252	1.571	0	0	0	NaN
457	IMG00271.JPG	2.267	1.942	0	0	0	NaN
458	IMG00271.JPG	2.214	1.606	0	0	0	NaN
459	IMG00271.JPG	3.362	1.554	0	0	0	NaN
460	IMG00271.JPG	3.357	1.896	0	0	0	NaN
461	IMG00271.JPG	2.336	1.617	0	0	0	NaN
462	IMG00271.JPG	2.4	0.933	0	0	0	NaN
463	IMG00271.JPG	3.142	0.893	0	0	0	NaN
464	IMG00271.JPG	3.235	1.548	0	0	0	NaN
465	IMG00270.JPG	2.191	1.994	0	0	0	NaN
466	IMG00270.JPG	2.093	1.606	0	0	0	NaN
467	IMG00270.JPG	3.345	1.588	0	0	0	NaN
468	IMG00270.JPG	3.322	1.936	0	0	0	NaN
469	IMG00270.JPG	2.226	1.617	0	0	0	NaN
470	IMG00270.JPG	2.342	0.916	0	0	0	NaN
471	IMG00270.JPG	3.136	0.864	0	0	0	NaN
472	IMG00270.JPG	3.281	1.554	0	0	0	NaN
473	IMG00269.JPG	2.203	1.942	0	0	0	NaN
474	IMG00269.JPG	2.197	1.588	0	0	0	NaN
475	IMG00269.JPG	3.42	1.554	0	0	0	NaN
476	IMG00269.JPG	3.391	1.948	0	0	0	NaN
477	IMG00269.JPG	2.313	1.571	0	0	0	NaN
478	IMG00269.JPG	2.493	0.87	0	0	0	NaN
479	IMG00269.JPG	3.154	0.864	0	0	0	NaN
480	IMG00269.JPG	3.339	1.565	0	0	0	NaN
481	IMG00268.JPG	2.278	2.22	0	0	0	NaN
482	IMG00268.JPG	2.186	1.722	0	0	0	NaN
483	IMG00268.JPG	3.6	1.641	0	0	0	NaN
484	IMG00268.JPG	3.67	2.191	0	0	0	NaN
485	IMG00268.JPG	2.388	1.722	0	0	0	NaN
486	IMG00268.JPG	2.557	0.887	0	0	0	NaN
487	IMG00268.JPG	3.212	0.864	0	0	0	NaN
488	IMG00268.JPG	3.455	1.583	0	0	0	NaN
489	IMG00267.JPG	2.174	2.122	0	0	0	NaN
490	IMG00267.JPG	2.087	1.646	0	0	0	NaN
491	IMG00267.JPG	3.426	1.6	0	0	0	NaN
492	IMG00267.JPG	3.391	2.07	0	0	0	NaN
493	IMG00267.JPG	2.226	1.6	0	0	0	NaN
494	IMG00267.JPG	2.33	0.806	0	0	0	NaN
495	IMG00267.JPG	3.061	0.736	0	0	0	NaN
496	IMG00267.JPG	3.293	1.606	0	0	0	NaN
497	IMG00266.JPG	2.238	1.884	0	0	0	NaN
498	IMG00266.JPG	2.145	1.588	0	0	0	NaN
499	IMG00266.JPG	3.374	1.571	0	0	0	NaN
500	IMG00266.JPG	3.374	1.901	0	0	0	NaN
501	IMG00266.JPG	2.267	1.577	0	0	0	NaN
502	IMG00266.JPG	2.406	0.794	0	0	0	NaN
503	IMG00266.JPG	3.165	0.742	0	0	0	NaN
504	IMG00266.JPG	3.304	1.588	0	0	0	NaN
505	IMG00265.JPG	2.267	1.948	0	0	0	NaN
506	IMG00265.JPG	2.226	1.617	0	0	0	NaN
507	IMG00265.JPG	3.42	1.536	0	0	0	NaN
508	IMG00265.JPG	3.432	1.896	0	0	0	NaN
509	IMG00265.JPG	2.336	1.641	0	0	0	NaN
510	IMG00265.JPG	2.4	0.933	0	0	0	NaN
511	IMG00265.JPG	3.159	0.887	0	0	0	NaN
512	IMG00265.JPG	3.322	1.629	0	0	0	NaN
513	IMG00264.JPG	2.238	2.012	0	0	0	NaN
514	IMG00264.JPG	2.145	1.6	0	0	0	NaN
515	IMG00264.JPG	3.409	1.594	0	0	0	NaN
516	IMG00264.JPG	3.403	2.046	0	0	0	NaN
517	IMG00264.JPG	2.255	1.594	0	0	0	NaN
518	IMG00264.JPG	2.487	0.8	0	0	0	NaN
519	IMG00264.JPG	3.142	0.783	0	0	0	NaN
520	IMG00264.JPG	3.339	1.571	0	0	0	NaN
521	IMG00263.JPG	2.168	1.89	0	0	0	NaN
522	IMG00263.JPG	2.006	1.507	0	0	0	NaN
523	IMG00263.JPG	3.328	1.484	0	0	0	NaN
524	IMG00263.JPG	3.362	1.855	0	0	0	NaN
525	IMG00263.JPG	2.133	1.496	0	0	0	NaN
526	IMG00263.JPG	2.284	0.748	0	0	0	NaN
527	IMG00263.JPG	3.049	0.736	0	0	0	NaN
528	IMG00263.JPG	3.264	1.507	0	0	0	NaN
529	IMG00262.JPG	2.052	2.243	0	0	0	NaN
530	IMG00262.JPG	2.023	1.617	0	0	0	NaN
531	IMG00262.JPG	3.386	1.606	0	0	0	NaN
532	IMG00262.JPG	3.351	2.122	0	0	0	NaN
533	IMG00262.JPG	2.191	1.652	0	0	0	NaN
534	IMG00262.JPG	2.371	0.864	0	0	0	NaN
535	IMG00262.JPG	3.113	0.841	0	0	0	NaN
536	IMG00262.JPG	3.31	1.635	0	0	0	NaN
537	IMG00261.JPG	2.186	2.075	0	0	0	NaN
538	IMG00261.JPG	2.139	1.762	0	0	0	NaN
539	IMG00261.JPG	3.443	1.617	0	0	0	NaN
540	IMG00261.JPG	3.438	2.006	0	0	0	NaN
541	IMG00261.JPG	2.296	1.722	0	0	0	NaN
542	IMG00261.JPG	2.452	0.933	0	0	0	NaN
543	IMG00261.JPG	3.136	0.864	0	0	0	NaN
544	IMG00261.JPG	3.362	1.606	0	0	0	NaN
545	IMG00260.JPG	2.243	2.006	0	0	0	NaN
546	IMG00260.JPG	2.174	1.629	0	0	0	NaN
547	IMG00260.JPG	3.455	1.501	0	0	0	NaN
548	IMG00260.JPG	3.455	1.942	0	0	0	NaN
549	IMG00260.JPG	2.296	1.623	0	0	0	NaN
550	IMG00260.JPG	2.464	0.899	0	0	0	NaN
551	IMG00260.JPG	3.165	0.864	0	0	0	NaN
552	IMG00260.JPG	3.333	1.513	0	0	0	NaN
553	IMG00259.JPG	2.232	1.977	0	0	0	NaN
554	IMG00259.JPG	2.168	1.536	0	0	0	NaN
555	IMG00259.JPG	3.588	1.53	0	0	0	NaN
556	IMG00259.JPG	3.472	1.954	0	0	0	NaN
557	IMG00259.JPG	2.319	1.536	0	0	0	NaN
558	IMG00259.JPG	2.493	0.91	0	0	0	NaN
559	IMG00259.JPG	3.235	0.87	0	0	0	NaN
560	IMG00259.JPG	3.432	1.525	0	0	0	NaN
561	IMG00258.JPG	2.191	2.168	0	0	0	NaN
562	IMG00258.JPG	2.116	1.757	0	0	0	NaN
563	IMG00258.JPG	3.467	1.6	0	0	0	NaN
564	IMG00258.JPG	3.501	2.07	0	0	0	NaN
565	IMG00258.JPG	2.284	1.716	0	0	0	NaN
566	IMG00258.JPG	2.412	0.974	0	0	0	NaN
567	IMG00258.JPG	3.119	0.904	0	0	0	NaN
568	IMG00258.JPG	3.357	1.612	0	0	0	NaN
569	IMG00257.JPG	2.232	2.203	0	0	0	NaN
570	IMG00257.JPG	2.075	1.525	0	0	0	NaN
571	IMG00257.JPG	3.414	1.554	0	0	0	NaN
572	IMG00257.JPG	3.403	2.122	0	0	0	NaN
573	IMG00257.JPG	2.214	1.559	0	0	0	NaN
574	IMG00257.JPG	2.342	0.986	0	0	0	NaN
575	IMG00257.JPG	3.119	0.899	0	0	0	NaN
576	IMG00257.JPG	3.328	1.571	0	0	0	NaN
577	IMG00256.JPG	2.232	2.006	0	0	0	NaN
578	IMG00256.JPG	2.186	1.588	0	0	0	NaN
579	IMG00256.JPG	3.438	1.571	0	0	0	NaN
580	IMG00256.JPG	3.426	1.971	0	0	0	NaN
581	IMG00256.JPG	2.325	1.6	0	0	0	NaN
582	IMG00256.JPG	2.406	0.893	0	0	0	NaN
583	IMG00256.JPG	3.212	0.835	0	0	0	NaN
584	IMG00256.JPG	3.328	1.571	0	0	0	NaN
585	IMG00255.JPG	2.272	2.099	0	0	0	NaN
586	IMG00255.JPG	2.22	1.646	0	0	0	NaN
587	IMG00255.JPG	3.432	1.559	0	0	0	NaN
588	IMG00255.JPG	3.426	2.064	0	0	0	NaN
589	IMG00255.JPG	2.388	1.646	0	0	0	NaN
590	IMG00255.JPG	2.481	0.835	0	0	0	NaN
591	IMG00255.JPG	2.991	0.8	0	0	0	NaN
592	IMG00255.JPG	3.275	1.606	0	0	0	NaN
593	IMG00254.JPG	2.093	2.284	0	0	0	NaN
594	IMG00254.JPG	1.994	1.739	0	0	0	NaN
595	IMG00254.JPG	3.414	1.629	0	0	0	NaN
596	IMG00254.JPG	3.449	2.22	0	0	0	NaN
597	IMG00254.JPG	2.197	1.722	0	0	0	NaN
598	IMG00254.JPG	2.29	0.951	0	0	0	NaN
599	IMG00254.JPG	3.026	0.91	0	0	0	NaN
600	IMG00254.JPG	3.27	1.652	0	0	0	NaN
601	IMG00253.JPG	2.122	2.041	0	0	0	NaN
602	IMG00253.JPG	2.075	1.641	0	0	0	NaN
603	IMG00253.JPG	3.467	1.594	0	0	0	NaN
604	IMG00253.JPG	3.432	2.029	0	0	0	NaN
605	IMG00253.JPG	2.214	1.577	0	0	0	NaN
606	IMG00253.JPG	2.371	0.788	0	0	0	NaN
607	IMG00253.JPG	3.067	0.736	0	0	0	NaN
608	IMG00253.JPG	3.362	1.612	0	0	0	NaN
609	IMG00252.JPG	2.29	1.896	0	0	0	NaN
610	IMG00252.JPG	2.197	1.606	0	0	0	NaN
611	IMG00252.JPG	3.42	1.478	0	0	0	NaN
612	IMG00252.JPG	3.42	1.716	0	0	0	NaN
613	IMG00252.JPG	2.348	1.583	0	0	0	NaN
614	IMG00252.JPG	2.446	0.765	0	0	0	NaN
615	IMG00252.JPG	3.113	0.701	0	0	0	NaN
616	IMG00252.JPG	3.299	1.496	0	0	0	NaN
617	IMG00251.JPG	2.232	1.988	0	0	0	NaN
618	IMG00251.JPG	2.174	1.571	0	0	0	NaN
619	IMG00251.JPG	3.49	1.542	0	0	0	NaN
620	IMG00251.JPG	3.386	2.041	0	0	0	NaN
621	IMG00251.JPG	2.307	1.583	0	0	0	NaN
622	IMG00251.JPG	2.504	0.835	0	0	0	NaN
623	IMG00251.JPG	3.246	0.794	0	0	0	NaN
624	IMG00251.JPG	3.386	1.588	0	0	0	NaN
625	IMG00250.JPG	2.162	2.035	0	0	0	NaN
626	IMG00250.JPG	2.099	1.583	0	0	0	NaN
627	IMG00250.JPG	3.374	1.565	0	0	0	NaN
628	IMG00250.JPG	3.38	2.058	0	0	0	NaN
629	IMG00250.JPG	2.267	1.594	0	0	0	NaN
630	IMG00250.JPG	2.47	0.962	0	0	0	NaN
631	IMG00250.JPG	3.067	0.951	0	0	0	NaN
632	IMG00250.JPG	3.293	1.588	0	0	0	NaN
633	IMG00249.JPG	2.406	1.977	0	0	0	NaN
634	IMG00249.JPG	2.365	1.652	0	0	0	NaN
635	IMG00249.JPG	3.414	1.565	0	0	0	NaN
636	IMG00249.JPG	3.351	1.942	0	0	0	NaN
637	IMG00249.JPG	2.487	1.681	0	0	0	NaN
638	IMG00249.JPG	2.51	1.003	0	0	0	NaN
639	IMG00249.JPG	3.154	0.962	0	0	0	NaN
640	IMG00249.JPG	3.322	1.594	0	0	0	NaN
641	IMG00248.JPG	2.359	2	0	0	0	NaN
642	IMG00248.JPG	2.232	1.594	0	0	0	NaN
643	IMG00248.JPG	3.548	1.507	0	0	0	NaN
644	IMG00248.JPG	3.501	1.994	0	0	0	NaN
645	IMG00248.JPG	2.383	1.577	0	0	0	NaN
646	IMG00248.JPG	2.504	0.765	0	0	0	NaN
647	IMG00248.JPG	3.246	0.725	0	0	0	NaN
648	IMG00248.JPG	3.443	1.513	0	0	0	NaN
649	IMG00247.JPG	2.191	2.017	0	0	0	NaN
650	IMG00247.JPG	2.162	1.641	0	0	0	NaN
651	IMG00247.JPG	3.432	1.588	0	0	0	NaN
652	IMG00247.JPG	3.432	2.041	0	0	0	NaN
653	IMG00247.JPG	2.284	1.617	0	0	0	NaN
654	IMG00247.JPG	2.423	0.806	0	0	0	NaN
655	IMG00247.JPG	3.217	0.771	0	0	0	NaN
656	IMG00247.JPG	3.339	1.612	0	0	0	NaN
657	IMG00246.JPG	2.209	1.965	0	0	0	NaN
658	IMG00246.JPG	2.151	1.612	0	0	0	NaN
659	IMG00246.JPG	3.484	1.455	0	0	0	NaN
660	IMG00246.JPG	3.368	1.988	0	0	0	NaN
661	IMG00246.JPG	2.33	1.588	0	0	0	NaN
662	IMG00246.JPG	2.435	0.742	0	0	0	NaN
663	IMG00246.JPG	3.142	0.632	0	0	0	NaN
664	IMG00246.JPG	3.374	1.472	0	0	0	NaN
665	IMG00245.JPG	2.249	2.186	0	0	0	NaN
666	IMG00245.JPG	2.099	1.681	0	0	0	NaN
667	IMG00245.JPG	3.565	1.577	0	0	0	NaN
668	IMG00245.JPG	3.687	2.081	0	0	0	NaN
669	IMG00245.JPG	2.336	1.675	0	0	0	NaN
670	IMG00245.JPG	2.464	0.736	0	0	0	NaN
671	IMG00245.JPG	3.264	0.701	0	0	0	NaN
672	IMG00245.JPG	3.461	1.571	0	0	0	NaN
673	IMG00244.JPG	2.203	2.093	0	0	0	NaN
674	IMG00244.JPG	2.058	1.675	0	0	0	NaN
675	IMG00244.JPG	3.409	1.594	0	0	0	NaN
676	IMG00244.JPG	3.322	2.041	0	0	0	NaN
677	IMG00244.JPG	2.18	1.635	0	0	0	NaN
678	IMG00244.JPG	2.4	0.736	0	0	0	NaN
679	IMG00244.JPG	3.043	0.701	0	0	0	NaN
680	IMG00244.JPG	3.316	1.6	0	0	0	NaN
681	IMG00243.JPG	2.197	2.052	0	0	0	NaN
682	IMG00243.JPG	2.116	1.664	0	0	0	NaN
683	IMG00243.JPG	3.391	1.635	0	0	0	NaN
684	IMG00243.JPG	3.403	1.977	0	0	0	NaN
685	IMG00243.JPG	2.272	1.641	0	0	0	NaN
686	IMG00243.JPG	2.394	0.91	0	0	0	NaN
687	IMG00243.JPG	3.142	0.852	0	0	0	NaN
688	IMG00243.JPG	3.281	1.641	0	0	0	NaN
689	IMG00242.JPG	2.307	1.959	0	0	0	NaN
690	IMG00242.JPG	2.18	1.629	0	0	0	NaN
691	IMG00242.JPG	3.414	1.623	0	0	0	NaN
692	IMG00242.JPG	3.368	1.948	0	0	0	NaN
693	IMG00242.JPG	2.301	1.635	0	0	0	NaN
694	IMG00242.JPG	2.452	0.8	0	0	0	NaN
695	IMG00242.JPG	3.142	0.806	0	0	0	NaN
696	IMG00242.JPG	3.345	1.606	0	0	0	NaN
697	IMG00241.JPG	2.214	2.029	0	0	0	NaN
698	IMG00241.JPG	2.139	1.675	0	0	0	NaN
699	IMG00241.JPG	3.443	1.565	0	0	0	NaN
700	IMG00241.JPG	3.391	2.006	0	0	0	NaN
701	IMG00241.JPG	2.249	1.652	0	0	0	NaN
702	IMG00241.JPG	2.371	0.783	0	0	0	NaN
703	IMG00241.JPG	3.183	0.73	0	0	0	NaN
704	IMG00241.JPG	3.293	1.623	0	0	0	NaN
705	IMG00240.JPG	2.064	2.11	0	0	0	NaN
706	IMG00240.JPG	1.994	1.67	0	0	0	NaN
707	IMG00240.JPG	3.455	1.565	0	0	0	NaN
708	IMG00240.JPG	3.565	2	0	0	0	NaN
709	IMG00240.JPG	2.186	1.687	0	0	0	NaN
710	IMG00240.JPG	2.267	0.754	0	0	0	NaN
711	IMG00240.JPG	3.084	0.719	0	0	0	NaN
712	IMG00240.JPG	3.362	1.571	0	0	0	NaN
713	IMG00239.JPG	2.238	2.023	0	0	0	NaN
714	IMG00239.JPG	2.093	1.617	0	0	0	NaN
715	IMG00239.JPG	3.397	1.548	0	0	0	NaN
716	IMG00239.JPG	3.461	1.965	0	0	0	NaN
717	IMG00239.JPG	2.243	1.646	0	0	0	NaN
718	IMG00239.JPG	2.435	0.765	0	0	0	NaN
719	IMG00239.JPG	3.096	0.69	0	0	0	NaN
720	IMG00239.JPG	3.333	1.536	0	0	0	NaN
721	IMG00238.JPG	2.209	2.145	0	0	0	NaN
722	IMG00238.JPG	2.081	1.699	0	0	0	NaN
723	IMG00238.JPG	3.594	1.536	0	0	0	NaN
724	IMG00238.JPG	3.565	2.081	0	0	0	NaN
725	IMG00238.JPG	2.243	1.658	0	0	0	NaN
726	IMG00238.JPG	2.458	0.893	0	0	0	NaN
727	IMG00238.JPG	3.119	0.812	0	0	0	NaN
728	IMG00238.JPG	3.461	1.548	0	0	0	NaN
729	IMG00237.JPG	2.22	2.093	0	0	0	NaN
730	IMG00237.JPG	2.145	1.67	0	0	0	NaN
731	IMG00237.JPG	3.467	1.542	0	0	0	NaN
732	IMG00237.JPG	3.42	2.006	0	0	0	NaN
733	IMG00237.JPG	2.278	1.606	0	0	0	NaN
734	IMG00237.JPG	2.388	0.771	0	0	0	NaN
735	IMG00237.JPG	3.101	0.701	0	0	0	NaN
736	IMG00237.JPG	3.31	1.571	0	0	0	NaN
737	IMG00236.JPG	2.209	2.093	0	0	0	NaN
738	IMG00236.JPG	2.11	1.687	0	0	0	NaN
739	IMG00236.JPG	3.49	1.525	0	0	0	NaN
740	IMG00236.JPG	3.496	2.012	0	0	0	NaN
741	IMG00236.JPG	2.313	1.675	0	0	0	NaN
742	IMG00236.JPG	2.493	0.916	0	0	0	NaN
743	IMG00236.JPG	3.136	0.852	0	0	0	NaN
744	IMG00236.JPG	3.351	1.525	0	0	0	NaN
745	IMG00235.JPG	2.145	2.093	0	0	0	NaN
746	IMG00235.JPG	2.052	1.641	0	0	0	NaN
747	IMG00235.JPG	3.501	1.6	0	0	0	NaN
748	IMG00235.JPG	3.519	2.139	0	0	0	NaN
749	IMG00235.JPG	2.18	1.646	0	0	0	NaN
750	IMG00235.JPG	2.388	0.69	0	0	0	NaN
751	IMG00235.JPG	3.165	0.661	0	0	0	NaN
752	IMG00235.JPG	3.368	1.635	0	0	0	NaN
753	IMG00234.JPG	2.104	2.11	0	0	0	NaN
754	IMG00234.JPG	2.035	1.635	0	0	0	NaN
755	IMG00234.JPG	3.351	1.583	0	0	0	NaN
756	IMG00234.JPG	3.31	2.099	0	0	0	NaN
757	IMG00234.JPG	2.162	1.629	0	0	0	NaN
758	IMG00234.JPG	2.319	0.899	0	0	0	NaN
759	IMG00234.JPG	3.09	0.875	0	0	0	NaN
760	IMG00234.JPG	3.264	1.617	0	0	0	NaN
761	IMG00233.JPG	2.052	2.058	0	0	0	NaN
762	IMG00233.JPG	1.994	1.617	0	0	0	NaN
763	IMG00233.JPG	3.42	1.554	0	0	0	NaN
764	IMG00233.JPG	3.403	2.064	0	0	0	NaN
765	IMG00233.JPG	2.151	1.606	0	0	0	NaN
766	IMG00233.JPG	2.261	0.904	0	0	0	NaN
767	IMG00233.JPG	3.072	0.835	0	0	0	NaN
768	IMG00233.JPG	3.31	1.583	0	0	0	NaN
769	IMG00232.JPG	2.058	2.081	0	0	0	NaN
770	IMG00232.JPG	2	1.6	0	0	0	NaN
771	IMG00232.JPG	3.432	1.548	0	0	0	NaN
772	IMG00232.JPG	3.386	2.064	0	0	0	NaN
773	IMG00232.JPG	2.174	1.6	0	0	0	NaN
774	IMG00232.JPG	2.301	0.893	0	0	0	NaN
775	IMG00232.JPG	3.084	0.852	0	0	0	NaN
776	IMG00232.JPG	3.316	1.577	0	0	0	NaN
777	IMG00231.JPG	2.18	2.081	0	0	0	NaN
778	IMG00231.JPG	2.075	1.6	0	0	0	NaN
779	IMG00231.JPG	3.345	1.565	0	0	0	NaN
780	IMG00231.JPG	3.316	2.099	0	0	0	NaN
781	IMG00231.JPG	2.157	1.588	0	0	0	NaN
782	IMG00231.JPG	2.342	0.91	0	0	0	NaN
783	IMG00231.JPG	3.078	0.817	0	0	0	NaN
784	IMG00231.JPG	3.287	1.583	0	0	0	NaN
785	IMG00230.JPG	2.232	1.977	0	0	0	NaN
786	IMG00230.JPG	2.186	1.675	0	0	0	NaN
787	IMG00230.JPG	3.316	1.612	0	0	0	NaN
788	IMG00230.JPG	3.299	1.942	0	0	0	NaN
789	IMG00230.JPG	2.307	1.658	0	0	0	NaN
790	IMG00230.JPG	2.377	0.817	0	0	0	NaN
791	IMG00230.JPG	3.026	0.736	0	0	0	NaN
792	IMG00230.JPG	3.217	1.6	0	0	0	NaN
793	IMG00229.JPG	2.07	1.994	0	0	0	NaN
794	IMG00229.JPG	2.046	1.606	0	0	0	NaN
795	IMG00229.JPG	3.368	1.583	0	0	0	NaN
796	IMG00229.JPG	3.316	1.983	0	0	0	NaN
797	IMG00229.JPG	2.139	1.594	0	0	0	NaN
798	IMG00229.JPG	2.354	0.788	0	0	0	NaN
799	IMG00229.JPG	3.049	0.754	0	0	0	NaN
800	IMG00229.JPG	3.299	1.612	0	0	0	NaN
801	IMG00228.JPG	2.174	1.988	0	0	0	NaN
802	IMG00228.JPG	2.174	1.53	0	0	0	NaN
803	IMG00228.JPG	3.391	1.496	0	0	0	NaN
804	IMG00228.JPG	3.345	1.988	0	0	0	NaN
805	IMG00228.JPG	2.255	1.536	0	0	0	NaN
806	IMG00228.JPG	2.383	0.742	0	0	0	NaN
807	IMG00228.JPG	3.136	0.725	0	0	0	NaN
808	IMG00228.JPG	3.275	1.525	0	0	0	NaN
809	IMG00227.JPG	2.22	1.936	0	0	0	NaN
810	IMG00227.JPG	2.128	1.507	0	0	0	NaN
811	IMG00227.JPG	3.438	1.501	0	0	0	NaN
812	IMG00227.JPG	3.391	1.93	0	0	0	NaN
813	IMG00227.JPG	2.278	1.559	0	0	0	NaN
814	IMG00227.JPG	2.446	0.899	0	0	0	NaN
815	IMG00227.JPG	3.113	0.852	0	0	0	NaN
816	IMG00227.JPG	3.316	1.525	0	0	0	NaN
817	IMG00226.JPG	2.191	1.954	0	0	0	NaN
818	IMG00226.JPG	2.087	1.583	0	0	0	NaN
819	IMG00226.JPG	3.275	1.687	0	0	0	NaN
820	IMG00226.JPG	3.188	2.075	0	0	0	NaN
821	IMG00226.JPG	2.267	1.641	0	0	0	NaN
822	IMG00226.JPG	2.412	0.904	0	0	0	NaN
823	IMG00226.JPG	3.038	0.904	0	0	0	NaN
824	IMG00226.JPG	3.188	1.641	0	0	0	NaN
825	IMG00225.JPG	2.162	1.965	0	0	0	NaN
826	IMG00225.JPG	2.064	1.53	0	0	0	NaN
827	IMG00225.JPG	3.403	1.449	0	0	0	NaN
828	IMG00225.JPG	3.339	1.983	0	0	0	NaN
829	IMG00225.JPG	2.226	1.542	0	0	0	NaN
830	IMG00225.JPG	2.359	0.725	0	0	0	NaN
831	IMG00225.JPG	3.142	0.736	0	0	0	NaN
832	IMG00225.JPG	3.299	1.496	0	0	0	NaN
833	IMG00223.JPG	2.145	1.954	0	0	0	NaN
834	IMG00223.JPG	2.11	1.6	0	0	0	NaN
835	IMG00223.JPG	3.357	1.513	0	0	0	NaN
836	IMG00223.JPG	3.38	1.913	0	0	0	NaN
837	IMG00223.JPG	2.22	1.577	0	0	0	NaN
838	IMG00223.JPG	2.354	0.8	0	0	0	NaN
839	IMG00223.JPG	3.072	0.73	0	0	0	NaN
840	IMG00223.JPG	3.27	1.542	0	0	0	NaN
841	IMG00222.JPG	2.255	2.075	0	0	0	NaN
842	IMG00222.JPG	2.267	1.542	0	0	0	NaN
843	IMG00222.JPG	3.704	1.554	0	0	0	NaN
844	IMG00222.JPG	3.675	2.104	0	0	0	NaN
845	IMG00222.JPG	2.354	1.513	0	0	0	NaN
846	IMG00222.JPG	2.539	0.713	0	0	0	NaN
847	IMG00222.JPG	3.542	0.736	0	0	0	NaN
848	IMG00222.JPG	3.594	1.6	0	0	0	NaN
849	IMG00221.JPG	2.191	1.954	0	0	0	NaN
850	IMG00221.JPG	2.087	1.594	0	0	0	NaN
851	IMG00221.JPG	3.194	1.594	0	0	0	NaN
852	IMG00221.JPG	3.125	1.971	0	0	0	NaN
853	IMG00221.JPG	2.191	1.6	0	0	0	NaN
854	IMG00221.JPG	2.313	0.841	0	0	0	NaN
855	IMG00221.JPG	3.014	0.829	0	0	0	NaN
856	IMG00221.JPG	3.101	1.6	0	0	0	NaN
857	IMG00220.JPG	2.145	2.035	0	0	0	NaN
858	IMG00220.JPG	2.064	1.53	0	0	0	NaN
859	IMG00220.JPG	3.414	1.559	0	0	0	NaN
860	IMG00220.JPG	3.472	1.983	0	0	0	NaN
861	IMG00220.JPG	2.162	1.53	0	0	0	NaN
862	IMG00220.JPG	2.354	0.823	0	0	0	NaN
863	IMG00220.JPG	3.113	0.765	0	0	0	NaN
864	IMG00220.JPG	3.333	1.53	0	0	0	NaN
865	mIMG00284.tif	2.267	2.255	0	0	0	NaN
866	mIMG00284.tif	2.145	1.652	0	0	0	NaN
867	mIMG00284.tif	3.571	1.525	0	0	0	NaN
868	mIMG00284.tif	3.501	2.139	0	0	0	NaN
869	mIMG00284.tif	2.301	1.664	0	0	0	NaN
870	mIMG00284.tif	2.452	0.788	0	0	0	NaN
871	mIMG00284.tif	3.171	0.759	0	0	0	NaN
872	mIMG00284.tif	3.42	1.565	0	0	0	NaN
873	mIMG00224.tif	2.151	1.977	0	0	0	NaN
874	mIMG00224.tif	2.128	1.536	0	0	0	NaN
875	mIMG00224.tif	3.559	1.536	0	0	0	NaN
876	mIMG00224.tif	3.525	2.006	0	0	0	NaN
877	mIMG00224.tif	2.255	1.542	0	0	0	NaN
878	mIMG00224.tif	2.429	0.748	0	0	0	NaN
879	mIMG00224.tif	3.177	0.713	0	0	0	NaN
880	mIMG00224.tif	3.432	1.583	0	0	0	NaN