 	Label	X	Y	Circ.	AR	Round	Solidity
1	mIMG00552.tif	2.174	1.971	0	0	0	NaN
2	mIMG00552.tif	2.087	1.612	0	0	0	NaN
3	mIMG00552.tif	3.368	1.641	0	0	0	NaN
4	mIMG00552.tif	3.322	1.971	0	0	0	NaN
5	mIMG00552.tif	2.214	1.6	0	0	0	NaN
6	mIMG00552.tif	2.446	0.667	0	0	0	NaN
7	mIMG00552.tif	3.096	0.655	0	0	0	NaN
8	mIMG00552.tif	3.299	1.6	0	0	0	NaN
9	mIMG00660.tif	2.203	2.029	0	0	0	NaN
10	mIMG00660.tif	2.133	1.641	0	0	0	NaN
11	mIMG00660.tif	3.426	1.577	0	0	0	NaN
12	mIMG00660.tif	3.368	1.983	0	0	0	NaN
13	mIMG00660.tif	2.301	1.629	0	0	0	NaN
14	mIMG00660.tif	2.412	0.707	0	0	0	NaN
15	mIMG00660.tif	3.154	0.707	0	0	0	NaN
16	mIMG00660.tif	3.287	1.542	0	0	0	NaN
17	mIMG00659.tif	2.087	2.052	0	0	0	NaN
18	mIMG00659.tif	2.052	1.675	0	0	0	NaN
19	mIMG00659.tif	3.461	1.606	0	0	0	NaN
20	mIMG00659.tif	3.519	1.994	0	0	0	NaN
21	mIMG00659.tif	2.209	1.641	0	0	0	NaN
22	mIMG00659.tif	2.383	0.719	0	0	0	NaN
23	mIMG00659.tif	3.084	0.69	0	0	0	NaN
24	mIMG00659.tif	3.351	1.594	0	0	0	NaN
25	mIMG00658.tif	2.064	2.081	0	0	0	NaN
26	mIMG00658.tif	2.017	1.693	0	0	0	NaN
27	mIMG00658.tif	3.414	1.577	0	0	0	NaN
28	mIMG00658.tif	3.432	1.988	0	0	0	NaN
29	mIMG00658.tif	2.162	1.687	0	0	0	NaN
30	mIMG00658.tif	2.365	0.759	0	0	0	NaN
31	mIMG00658.tif	3.043	0.742	0	0	0	NaN
32	mIMG00658.tif	3.293	1.571	0	0	0	NaN
33	mIMG00657.tif	2.029	2.029	0	0	0	NaN
34	mIMG00657.tif	1.977	1.635	0	0	0	NaN
35	mIMG00657.tif	3.403	1.577	0	0	0	NaN
36	mIMG00657.tif	3.438	1.977	0	0	0	NaN
37	mIMG00657.tif	2.168	1.588	0	0	0	NaN
38	mIMG00657.tif	2.388	0.754	0	0	0	NaN
39	mIMG00657.tif	3.049	0.759	0	0	0	NaN
40	mIMG00657.tif	3.304	1.588	0	0	0	NaN
41	mIMG00656.tif	2.064	2.058	0	0	0	NaN
42	mIMG00656.tif	2.064	1.629	0	0	0	NaN
43	mIMG00656.tif	3.42	1.606	0	0	0	NaN
44	mIMG00656.tif	3.443	2.017	0	0	0	NaN
45	mIMG00656.tif	2.203	1.612	0	0	0	NaN
46	mIMG00656.tif	2.377	0.8	0	0	0	NaN
47	mIMG00656.tif	3.084	0.788	0	0	0	NaN
48	mIMG00656.tif	3.316	1.641	0	0	0	NaN
49	mIMG00655.tif	2.099	2.064	0	0	0	NaN
50	mIMG00655.tif	2.081	1.629	0	0	0	NaN
51	mIMG00655.tif	3.432	1.542	0	0	0	NaN
52	mIMG00655.tif	3.467	1.936	0	0	0	NaN
53	mIMG00655.tif	2.191	1.617	0	0	0	NaN
54	mIMG00655.tif	2.348	0.736	0	0	0	NaN
55	mIMG00655.tif	3.101	0.701	0	0	0	NaN
56	mIMG00655.tif	3.31	1.542	0	0	0	NaN
57	mIMG00654.tif	2.145	2	0	0	0	NaN
58	mIMG00654.tif	2.133	1.623	0	0	0	NaN
59	mIMG00654.tif	3.333	1.559	0	0	0	NaN
60	mIMG00654.tif	3.328	1.988	0	0	0	NaN
61	mIMG00654.tif	2.272	1.629	0	0	0	NaN
62	mIMG00654.tif	2.441	0.754	0	0	0	NaN
63	mIMG00654.tif	3.113	0.754	0	0	0	NaN
64	mIMG00654.tif	3.241	1.577	0	0	0	NaN
65	mIMG00653.tif	2.197	2.052	0	0	0	NaN
66	mIMG00653.tif	2.168	1.617	0	0	0	NaN
67	mIMG00653.tif	3.484	1.548	0	0	0	NaN
68	mIMG00653.tif	3.525	1.919	0	0	0	NaN
69	mIMG00653.tif	2.284	1.635	0	0	0	NaN
70	mIMG00653.tif	2.423	0.777	0	0	0	NaN
71	mIMG00653.tif	3.154	0.73	0	0	0	NaN
72	mIMG00653.tif	3.403	1.542	0	0	0	NaN
73	IMG00652.JPG	2.139	1.994	0	0	0	NaN
74	IMG00652.JPG	2.087	1.6	0	0	0	NaN
75	IMG00652.JPG	3.432	1.629	0	0	0	NaN
76	IMG00652.JPG	3.455	2	0	0	0	NaN
77	IMG00652.JPG	2.22	1.588	0	0	0	NaN
78	IMG00652.JPG	2.464	0.765	0	0	0	NaN
79	IMG00652.JPG	3.13	0.736	0	0	0	NaN
80	IMG00652.JPG	3.333	1.623	0	0	0	NaN
81	IMG00651.JPG	2.035	1.971	0	0	0	NaN
82	IMG00651.JPG	2.017	1.612	0	0	0	NaN
83	IMG00651.JPG	3.357	1.565	0	0	0	NaN
84	IMG00651.JPG	3.391	1.983	0	0	0	NaN
85	IMG00651.JPG	2.145	1.6	0	0	0	NaN
86	IMG00651.JPG	2.307	0.69	0	0	0	NaN
87	IMG00651.JPG	3.038	0.672	0	0	0	NaN
88	IMG00651.JPG	3.27	1.594	0	0	0	NaN
89	IMG00650.JPG	2.104	1.919	0	0	0	NaN
90	IMG00650.JPG	2.041	1.583	0	0	0	NaN
91	IMG00650.JPG	3.362	1.536	0	0	0	NaN
92	IMG00650.JPG	3.31	1.942	0	0	0	NaN
93	IMG00650.JPG	2.168	1.559	0	0	0	NaN
94	IMG00650.JPG	2.365	0.783	0	0	0	NaN
95	IMG00650.JPG	3.107	0.759	0	0	0	NaN
96	IMG00650.JPG	3.27	1.554	0	0	0	NaN
97	IMG00649.JPG	2.052	2.023	0	0	0	NaN
98	IMG00649.JPG	1.994	1.629	0	0	0	NaN
99	IMG00649.JPG	3.362	1.617	0	0	0	NaN
100	IMG00649.JPG	3.362	1.977	0	0	0	NaN
101	IMG00649.JPG	2.186	1.623	0	0	0	NaN
102	IMG00649.JPG	2.342	0.794	0	0	0	NaN
103	IMG00649.JPG	3.038	0.736	0	0	0	NaN
104	IMG00649.JPG	3.241	1.617	0	0	0	NaN
105	IMG00648.JPG	2.116	1.901	0	0	0	NaN
106	IMG00648.JPG	2.081	1.571	0	0	0	NaN
107	IMG00648.JPG	3.438	1.565	0	0	0	NaN
108	IMG00648.JPG	3.426	1.965	0	0	0	NaN
109	IMG00648.JPG	2.238	1.536	0	0	0	NaN
110	IMG00648.JPG	2.47	0.725	0	0	0	NaN
111	IMG00648.JPG	3.09	0.73	0	0	0	NaN
112	IMG00648.JPG	3.328	1.583	0	0	0	NaN
113	IMG00647.JPG	2.348	1.971	0	0	0	NaN
114	IMG00647.JPG	2.278	1.67	0	0	0	NaN
115	IMG00647.JPG	3.472	1.542	0	0	0	NaN
116	IMG00647.JPG	3.455	1.855	0	0	0	NaN
117	IMG00647.JPG	2.4	1.617	0	0	0	NaN
118	IMG00647.JPG	2.528	0.742	0	0	0	NaN
119	IMG00647.JPG	3.142	0.696	0	0	0	NaN
120	IMG00647.JPG	3.403	1.548	0	0	0	NaN
121	IMG00646.JPG	2.18	1.896	0	0	0	NaN
122	IMG00646.JPG	2.18	1.588	0	0	0	NaN
123	IMG00646.JPG	3.38	1.6	0	0	0	NaN
124	IMG00646.JPG	3.333	1.919	0	0	0	NaN
125	IMG00646.JPG	2.272	1.577	0	0	0	NaN
126	IMG00646.JPG	2.412	0.875	0	0	0	NaN
127	IMG00646.JPG	3.072	0.864	0	0	0	NaN
128	IMG00646.JPG	3.299	1.617	0	0	0	NaN
129	IMG00645.JPG	2.075	1.948	0	0	0	NaN
130	IMG00645.JPG	2.058	1.623	0	0	0	NaN
131	IMG00645.JPG	3.362	1.594	0	0	0	NaN
132	IMG00645.JPG	3.414	1.948	0	0	0	NaN
133	IMG00645.JPG	2.226	1.629	0	0	0	NaN
134	IMG00645.JPG	2.458	0.852	0	0	0	NaN
135	IMG00645.JPG	3.072	0.829	0	0	0	NaN
136	IMG00645.JPG	3.27	1.612	0	0	0	NaN
137	IMG00644.JPG	2.145	2.087	0	0	0	NaN
138	IMG00644.JPG	2.075	1.716	0	0	0	NaN
139	IMG00644.JPG	3.455	1.583	0	0	0	NaN
140	IMG00644.JPG	3.478	2.017	0	0	0	NaN
141	IMG00644.JPG	2.209	1.664	0	0	0	NaN
142	IMG00644.JPG	2.307	0.759	0	0	0	NaN
143	IMG00644.JPG	3.101	0.678	0	0	0	NaN
144	IMG00644.JPG	3.374	1.588	0	0	0	NaN
145	IMG00643.JPG	2.261	2.11	0	0	0	NaN
146	IMG00643.JPG	2.18	1.728	0	0	0	NaN
147	IMG00643.JPG	3.455	1.617	0	0	0	NaN
148	IMG00643.JPG	3.403	2.012	0	0	0	NaN
149	IMG00643.JPG	2.307	1.67	0	0	0	NaN
150	IMG00643.JPG	2.493	0.725	0	0	0	NaN
151	IMG00643.JPG	3.177	0.725	0	0	0	NaN
152	IMG00643.JPG	3.345	1.577	0	0	0	NaN
153	IMG00642.JPG	2.278	2.029	0	0	0	NaN
154	IMG00642.JPG	2.238	1.658	0	0	0	NaN
155	IMG00642.JPG	3.548	1.583	0	0	0	NaN
156	IMG00642.JPG	3.507	1.971	0	0	0	NaN
157	IMG00642.JPG	2.33	1.606	0	0	0	NaN
158	IMG00642.JPG	2.533	0.794	0	0	0	NaN
159	IMG00642.JPG	3.206	0.754	0	0	0	NaN
160	IMG00642.JPG	3.443	1.577	0	0	0	NaN
161	IMG00641.JPG	2.267	2.017	0	0	0	NaN
162	IMG00641.JPG	2.157	1.652	0	0	0	NaN
163	IMG00641.JPG	3.536	1.519	0	0	0	NaN
164	IMG00641.JPG	3.438	1.959	0	0	0	NaN
165	IMG00641.JPG	2.272	1.646	0	0	0	NaN
166	IMG00641.JPG	2.499	0.759	0	0	0	NaN
167	IMG00641.JPG	3.171	0.754	0	0	0	NaN
168	IMG00641.JPG	3.426	1.496	0	0	0	NaN
169	IMG00640.JPG	2.133	2.209	0	0	0	NaN
170	IMG00640.JPG	2.064	1.606	0	0	0	NaN
171	IMG00640.JPG	3.53	1.6	0	0	0	NaN
172	IMG00640.JPG	3.565	2.133	0	0	0	NaN
173	IMG00640.JPG	2.214	1.594	0	0	0	NaN
174	IMG00640.JPG	2.446	0.823	0	0	0	NaN
175	IMG00640.JPG	3.229	0.812	0	0	0	NaN
176	IMG00640.JPG	3.438	1.577	0	0	0	NaN
177	IMG00639.JPG	2.243	2.023	0	0	0	NaN
178	IMG00639.JPG	2.162	1.583	0	0	0	NaN
179	IMG00639.JPG	3.461	1.577	0	0	0	NaN
180	IMG00639.JPG	3.461	1.994	0	0	0	NaN
181	IMG00639.JPG	2.325	1.612	0	0	0	NaN
182	IMG00639.JPG	2.458	0.713	0	0	0	NaN
183	IMG00639.JPG	3.177	0.765	0	0	0	NaN
184	IMG00639.JPG	3.357	1.577	0	0	0	NaN
185	IMG00638.JPG	2.07	2.22	0	0	0	NaN
186	IMG00638.JPG	1.988	1.751	0	0	0	NaN
187	IMG00638.JPG	3.438	1.681	0	0	0	NaN
188	IMG00638.JPG	3.472	2.203	0	0	0	NaN
189	IMG00638.JPG	2.128	1.739	0	0	0	NaN
190	IMG00638.JPG	2.348	0.817	0	0	0	NaN
191	IMG00638.JPG	3.049	0.783	0	0	0	NaN
192	IMG00638.JPG	3.333	1.658	0	0	0	NaN
193	IMG00637.JPG	2.157	1.919	0	0	0	NaN
194	IMG00637.JPG	2.128	1.577	0	0	0	NaN
195	IMG00637.JPG	3.53	1.478	0	0	0	NaN
196	IMG00637.JPG	3.525	1.977	0	0	0	NaN
197	IMG00637.JPG	2.255	1.525	0	0	0	NaN
198	IMG00637.JPG	2.516	0.655	0	0	0	NaN
199	IMG00637.JPG	3.159	0.678	0	0	0	NaN
200	IMG00637.JPG	3.42	1.472	0	0	0	NaN
201	IMG00636.JPG	2.249	2.11	0	0	0	NaN
202	IMG00636.JPG	2.203	1.751	0	0	0	NaN
203	IMG00636.JPG	3.449	1.612	0	0	0	NaN
204	IMG00636.JPG	3.478	2.012	0	0	0	NaN
205	IMG00636.JPG	2.313	1.675	0	0	0	NaN
206	IMG00636.JPG	2.475	0.829	0	0	0	NaN
207	IMG00636.JPG	3.159	0.812	0	0	0	NaN
208	IMG00636.JPG	3.386	1.6	0	0	0	NaN
209	IMG00635.JPG	2.157	2.122	0	0	0	NaN
210	IMG00635.JPG	2.081	1.67	0	0	0	NaN
211	IMG00635.JPG	3.501	1.583	0	0	0	NaN
212	IMG00635.JPG	3.461	2.07	0	0	0	NaN
213	IMG00635.JPG	2.186	1.629	0	0	0	NaN
214	IMG00635.JPG	2.371	0.719	0	0	0	NaN
215	IMG00635.JPG	3.171	0.696	0	0	0	NaN
216	IMG00635.JPG	3.409	1.583	0	0	0	NaN
217	IMG00634.JPG	2.301	1.919	0	0	0	NaN
218	IMG00634.JPG	2.226	1.583	0	0	0	NaN
219	IMG00634.JPG	3.443	1.53	0	0	0	NaN
220	IMG00634.JPG	3.42	1.884	0	0	0	NaN
221	IMG00634.JPG	2.348	1.594	0	0	0	NaN
222	IMG00634.JPG	2.493	0.829	0	0	0	NaN
223	IMG00634.JPG	3.136	0.794	0	0	0	NaN
224	IMG00634.JPG	3.339	1.583	0	0	0	NaN
225	IMG00633.JPG	2.342	2.058	0	0	0	NaN
226	IMG00633.JPG	2.22	1.652	0	0	0	NaN
227	IMG00633.JPG	3.501	1.548	0	0	0	NaN
228	IMG00633.JPG	3.455	1.977	0	0	0	NaN
229	IMG00633.JPG	2.354	1.629	0	0	0	NaN
230	IMG00633.JPG	2.475	0.777	0	0	0	NaN
231	IMG00633.JPG	3.154	0.707	0	0	0	NaN
232	IMG00633.JPG	3.397	1.559	0	0	0	NaN
233	IMG00632.JPG	2.284	2.128	0	0	0	NaN
234	IMG00632.JPG	2.18	1.704	0	0	0	NaN
235	IMG00632.JPG	3.484	1.577	0	0	0	NaN
236	IMG00632.JPG	3.525	2.017	0	0	0	NaN
237	IMG00632.JPG	2.301	1.693	0	0	0	NaN
238	IMG00632.JPG	2.475	0.783	0	0	0	NaN
239	IMG00632.JPG	3.159	0.742	0	0	0	NaN
240	IMG00632.JPG	3.391	1.565	0	0	0	NaN
241	IMG00631.JPG	2.284	1.907	0	0	0	NaN
242	IMG00631.JPG	2.197	1.554	0	0	0	NaN
243	IMG00631.JPG	3.438	1.496	0	0	0	NaN
244	IMG00631.JPG	3.397	1.843	0	0	0	NaN
245	IMG00631.JPG	2.325	1.565	0	0	0	NaN
246	IMG00631.JPG	2.499	0.794	0	0	0	NaN
247	IMG00631.JPG	3.159	0.788	0	0	0	NaN
248	IMG00631.JPG	3.351	1.513	0	0	0	NaN
249	IMG00630.JPG	2.116	1.936	0	0	0	NaN
250	IMG00630.JPG	2.081	1.577	0	0	0	NaN
251	IMG00630.JPG	3.42	1.525	0	0	0	NaN
252	IMG00630.JPG	3.391	1.896	0	0	0	NaN
253	IMG00630.JPG	2.238	1.565	0	0	0	NaN
254	IMG00630.JPG	2.412	0.812	0	0	0	NaN
255	IMG00630.JPG	3.096	0.806	0	0	0	NaN
256	IMG00630.JPG	3.293	1.548	0	0	0	NaN
257	IMG00629.JPG	2.255	2.186	0	0	0	NaN
258	IMG00629.JPG	2.151	1.757	0	0	0	NaN
259	IMG00629.JPG	3.513	1.652	0	0	0	NaN
260	IMG00629.JPG	3.449	2.104	0	0	0	NaN
261	IMG00629.JPG	2.243	1.693	0	0	0	NaN
262	IMG00629.JPG	2.441	0.817	0	0	0	NaN
263	IMG00629.JPG	3.043	0.783	0	0	0	NaN
264	IMG00629.JPG	3.403	1.635	0	0	0	NaN
265	IMG00628.JPG	2.22	2.093	0	0	0	NaN
266	IMG00628.JPG	2.087	1.652	0	0	0	NaN
267	IMG00628.JPG	3.501	1.461	0	0	0	NaN
268	IMG00628.JPG	3.53	1.913	0	0	0	NaN
269	IMG00628.JPG	2.22	1.612	0	0	0	NaN
270	IMG00628.JPG	2.406	0.528	0	0	0	NaN
271	IMG00628.JPG	3.154	0.475	0	0	0	NaN
272	IMG00628.JPG	3.414	1.472	0	0	0	NaN
273	IMG00627.JPG	2.18	2.145	0	0	0	NaN
274	IMG00627.JPG	2.122	1.577	0	0	0	NaN
275	IMG00627.JPG	3.472	1.519	0	0	0	NaN
276	IMG00627.JPG	3.571	2.041	0	0	0	NaN
277	IMG00627.JPG	2.267	1.565	0	0	0	NaN
278	IMG00627.JPG	2.481	0.812	0	0	0	NaN
279	IMG00627.JPG	3.154	0.788	0	0	0	NaN
280	IMG00627.JPG	3.351	1.519	0	0	0	NaN
281	IMG00626.JPG	2.232	2	0	0	0	NaN
282	IMG00626.JPG	2.128	1.693	0	0	0	NaN
283	IMG00626.JPG	3.293	1.629	0	0	0	NaN
284	IMG00626.JPG	3.241	1.925	0	0	0	NaN
285	IMG00626.JPG	2.249	1.67	0	0	0	NaN
286	IMG00626.JPG	2.412	0.852	0	0	0	NaN
287	IMG00626.JPG	3.038	0.806	0	0	0	NaN
288	IMG00626.JPG	3.229	1.612	0	0	0	NaN
289	IMG00625.JPG	2.325	2.075	0	0	0	NaN
290	IMG00625.JPG	2.214	1.635	0	0	0	NaN
291	IMG00625.JPG	3.455	1.565	0	0	0	NaN
292	IMG00625.JPG	3.478	1.994	0	0	0	NaN
293	IMG00625.JPG	2.383	1.646	0	0	0	NaN
294	IMG00625.JPG	2.522	0.817	0	0	0	NaN
295	IMG00625.JPG	3.136	0.783	0	0	0	NaN
296	IMG00625.JPG	3.345	1.554	0	0	0	NaN
297	IMG00624.JPG	2.116	2.012	0	0	0	NaN
298	IMG00624.JPG	2.058	1.594	0	0	0	NaN
299	IMG00624.JPG	3.426	1.554	0	0	0	NaN
300	IMG00624.JPG	3.461	1.954	0	0	0	NaN
301	IMG00624.JPG	2.197	1.583	0	0	0	NaN
302	IMG00624.JPG	2.377	0.684	0	0	0	NaN
303	IMG00624.JPG	3.119	0.667	0	0	0	NaN
304	IMG00624.JPG	3.339	1.554	0	0	0	NaN
305	IMG00623.JPG	2.151	2.151	0	0	0	NaN
306	IMG00623.JPG	2.058	1.588	0	0	0	NaN
307	IMG00623.JPG	3.362	1.536	0	0	0	NaN
308	IMG00623.JPG	3.368	2.058	0	0	0	NaN
309	IMG00623.JPG	2.238	1.629	0	0	0	NaN
310	IMG00623.JPG	2.417	0.817	0	0	0	NaN
311	IMG00623.JPG	3.014	0.777	0	0	0	NaN
312	IMG00623.JPG	3.27	1.519	0	0	0	NaN
313	IMG00622.JPG	2.145	2.157	0	0	0	NaN
314	IMG00622.JPG	2.093	1.71	0	0	0	NaN
315	IMG00622.JPG	3.414	1.641	0	0	0	NaN
316	IMG00622.JPG	3.455	2.07	0	0	0	NaN
317	IMG00622.JPG	2.238	1.658	0	0	0	NaN
318	IMG00622.JPG	2.383	0.835	0	0	0	NaN
319	IMG00622.JPG	3.032	0.841	0	0	0	NaN
320	IMG00622.JPG	3.281	1.652	0	0	0	NaN
321	IMG00621.JPG	2.145	2.035	0	0	0	NaN
322	IMG00621.JPG	2.058	1.623	0	0	0	NaN
323	IMG00621.JPG	3.513	1.588	0	0	0	NaN
324	IMG00621.JPG	3.496	2.035	0	0	0	NaN
325	IMG00621.JPG	2.18	1.629	0	0	0	NaN
326	IMG00621.JPG	2.429	0.701	0	0	0	NaN
327	IMG00621.JPG	3.188	0.707	0	0	0	NaN
328	IMG00621.JPG	3.409	1.583	0	0	0	NaN
329	IMG00620.JPG	2.07	1.971	0	0	0	NaN
330	IMG00620.JPG	2.058	1.588	0	0	0	NaN
331	IMG00620.JPG	3.467	1.49	0	0	0	NaN
332	IMG00620.JPG	3.513	1.867	0	0	0	NaN
333	IMG00620.JPG	2.272	1.559	0	0	0	NaN
334	IMG00620.JPG	2.458	0.812	0	0	0	NaN
335	IMG00620.JPG	3.107	0.788	0	0	0	NaN
336	IMG00620.JPG	3.322	1.496	0	0	0	NaN
337	IMG00619.JPG	2.278	1.843	0	0	0	NaN
338	IMG00619.JPG	2.243	1.588	0	0	0	NaN
339	IMG00619.JPG	3.443	1.519	0	0	0	NaN
340	IMG00619.JPG	3.426	1.832	0	0	0	NaN
341	IMG00619.JPG	2.377	1.588	0	0	0	NaN
342	IMG00619.JPG	2.504	0.759	0	0	0	NaN
343	IMG00619.JPG	3.061	0.701	0	0	0	NaN
344	IMG00619.JPG	3.345	1.554	0	0	0	NaN
345	IMG00618.JPG	2.151	2.133	0	0	0	NaN
346	IMG00618.JPG	2.139	1.658	0	0	0	NaN
347	IMG00618.JPG	3.461	1.583	0	0	0	NaN
348	IMG00618.JPG	3.513	2.07	0	0	0	NaN
349	IMG00618.JPG	2.313	1.646	0	0	0	NaN
350	IMG00618.JPG	2.475	0.904	0	0	0	NaN
351	IMG00618.JPG	3.084	0.893	0	0	0	NaN
352	IMG00618.JPG	3.328	1.588	0	0	0	NaN
353	IMG00617.JPG	2.116	2.22	0	0	0	NaN
354	IMG00617.JPG	2.099	1.762	0	0	0	NaN
355	IMG00617.JPG	3.507	1.652	0	0	0	NaN
356	IMG00617.JPG	3.519	2.191	0	0	0	NaN
357	IMG00617.JPG	2.214	1.67	0	0	0	NaN
358	IMG00617.JPG	2.4	0.754	0	0	0	NaN
359	IMG00617.JPG	3.194	0.783	0	0	0	NaN
360	IMG00617.JPG	3.391	1.716	0	0	0	NaN
361	IMG00616.JPG	2.191	2.075	0	0	0	NaN
362	IMG00616.JPG	2.081	1.675	0	0	0	NaN
363	IMG00616.JPG	3.472	1.588	0	0	0	NaN
364	IMG00616.JPG	3.386	2.012	0	0	0	NaN
365	IMG00616.JPG	2.203	1.646	0	0	0	NaN
366	IMG00616.JPG	2.388	0.742	0	0	0	NaN
367	IMG00616.JPG	3.061	0.696	0	0	0	NaN
368	IMG00616.JPG	3.357	1.588	0	0	0	NaN
369	IMG00615.JPG	2.151	1.872	0	0	0	NaN
370	IMG00615.JPG	2.133	1.571	0	0	0	NaN
371	IMG00615.JPG	3.339	1.542	0	0	0	NaN
372	IMG00615.JPG	3.293	1.872	0	0	0	NaN
373	IMG00615.JPG	2.249	1.548	0	0	0	NaN
374	IMG00615.JPG	2.475	0.794	0	0	0	NaN
375	IMG00615.JPG	3.055	0.8	0	0	0	NaN
376	IMG00615.JPG	3.241	1.548	0	0	0	NaN
377	IMG00614.JPG	2.243	1.907	0	0	0	NaN
378	IMG00614.JPG	2.226	1.675	0	0	0	NaN
379	IMG00614.JPG	3.397	1.617	0	0	0	NaN
380	IMG00614.JPG	3.333	1.855	0	0	0	NaN
381	IMG00614.JPG	2.278	1.635	0	0	0	NaN
382	IMG00614.JPG	2.417	0.823	0	0	0	NaN
383	IMG00614.JPG	3.171	0.794	0	0	0	NaN
384	IMG00614.JPG	3.328	1.606	0	0	0	NaN
385	IMG00613.JPG	2.191	1.954	0	0	0	NaN
386	IMG00613.JPG	2.087	1.629	0	0	0	NaN
387	IMG00613.JPG	3.316	1.577	0	0	0	NaN
388	IMG00613.JPG	3.287	1.93	0	0	0	NaN
389	IMG00613.JPG	2.232	1.6	0	0	0	NaN
390	IMG00613.JPG	2.325	0.672	0	0	0	NaN
391	IMG00613.JPG	3.096	0.626	0	0	0	NaN
392	IMG00613.JPG	3.246	1.571	0	0	0	NaN
393	IMG00612.JPG	2.203	2.116	0	0	0	NaN
394	IMG00612.JPG	2.075	1.658	0	0	0	NaN
395	IMG00612.JPG	3.386	1.594	0	0	0	NaN
396	IMG00612.JPG	3.345	2.075	0	0	0	NaN
397	IMG00612.JPG	2.238	1.635	0	0	0	NaN
398	IMG00612.JPG	2.394	0.829	0	0	0	NaN
399	IMG00612.JPG	3.026	0.817	0	0	0	NaN
400	IMG00612.JPG	3.316	1.612	0	0	0	NaN
401	IMG00611.JPG	2.272	1.884	0	0	0	NaN
402	IMG00611.JPG	2.168	1.664	0	0	0	NaN
403	IMG00611.JPG	3.281	1.594	0	0	0	NaN
404	IMG00611.JPG	3.252	1.809	0	0	0	NaN
405	IMG00611.JPG	2.243	1.606	0	0	0	NaN
406	IMG00611.JPG	2.406	0.829	0	0	0	NaN
407	IMG00611.JPG	2.974	0.8	0	0	0	NaN
408	IMG00611.JPG	3.212	1.583	0	0	0	NaN
409	mIMG00610.tif	2.18	2.116	0	0	0	NaN
410	mIMG00610.tif	2.099	1.606	0	0	0	NaN
411	mIMG00610.tif	3.507	1.496	0	0	0	NaN
412	mIMG00610.tif	3.559	2.041	0	0	0	NaN
413	mIMG00610.tif	2.267	1.629	0	0	0	NaN
414	mIMG00610.tif	2.406	0.841	0	0	0	NaN
415	mIMG00610.tif	3.148	0.759	0	0	0	NaN
416	mIMG00610.tif	3.403	1.548	0	0	0	NaN
417	IMG00609.JPG	2.272	2.058	0	0	0	NaN
418	IMG00609.JPG	2.18	1.704	0	0	0	NaN
419	IMG00609.JPG	3.42	1.583	0	0	0	NaN
420	IMG00609.JPG	3.386	1.971	0	0	0	NaN
421	IMG00609.JPG	2.29	1.646	0	0	0	NaN
422	IMG00609.JPG	2.441	0.829	0	0	0	NaN
423	IMG00609.JPG	3.084	0.794	0	0	0	NaN
424	IMG00609.JPG	3.299	1.565	0	0	0	NaN
425	IMG00608.JPG	2.191	2.093	0	0	0	NaN
426	IMG00608.JPG	2.116	1.588	0	0	0	NaN
427	IMG00608.JPG	3.42	1.577	0	0	0	NaN
428	IMG00608.JPG	3.426	2.052	0	0	0	NaN
429	IMG00608.JPG	2.284	1.6	0	0	0	NaN
430	IMG00608.JPG	2.417	0.771	0	0	0	NaN
431	IMG00608.JPG	3.101	0.73	0	0	0	NaN
432	IMG00608.JPG	3.31	1.612	0	0	0	NaN
433	IMG00607.JPG	2.197	2	0	0	0	NaN
434	IMG00607.JPG	2.203	1.675	0	0	0	NaN
435	IMG00607.JPG	3.484	1.635	0	0	0	NaN
436	IMG00607.JPG	3.484	1.988	0	0	0	NaN
437	IMG00607.JPG	2.313	1.652	0	0	0	NaN
438	IMG00607.JPG	2.504	1.014	0	0	0	NaN
439	IMG00607.JPG	3.148	1.009	0	0	0	NaN
440	IMG00607.JPG	3.386	1.652	0	0	0	NaN
441	IMG00606.JPG	2.272	1.878	0	0	0	NaN
442	IMG00606.JPG	2.191	1.583	0	0	0	NaN
443	IMG00606.JPG	3.38	1.478	0	0	0	NaN
444	IMG00606.JPG	3.345	1.901	0	0	0	NaN
445	IMG00606.JPG	2.313	1.548	0	0	0	NaN
446	IMG00606.JPG	2.371	0.748	0	0	0	NaN
447	IMG00606.JPG	3.043	0.736	0	0	0	NaN
448	IMG00606.JPG	3.31	1.49	0	0	0	NaN
449	IMG00605.JPG	2.191	1.983	0	0	0	NaN
450	IMG00605.JPG	2.151	1.617	0	0	0	NaN
451	IMG00605.JPG	3.426	1.652	0	0	0	NaN
452	IMG00605.JPG	3.403	2.058	0	0	0	NaN
453	IMG00605.JPG	2.284	1.617	0	0	0	NaN
454	IMG00605.JPG	2.487	0.759	0	0	0	NaN
455	IMG00605.JPG	3.148	0.754	0	0	0	NaN
456	IMG00605.JPG	3.339	1.675	0	0	0	NaN
457	IMG00604.JPG	2.18	1.971	0	0	0	NaN
458	IMG00604.JPG	2.116	1.641	0	0	0	NaN
459	IMG00604.JPG	3.362	1.588	0	0	0	NaN
460	IMG00604.JPG	3.357	1.977	0	0	0	NaN
461	IMG00604.JPG	2.261	1.623	0	0	0	NaN
462	IMG00604.JPG	2.371	0.841	0	0	0	NaN
463	IMG00604.JPG	3.119	0.783	0	0	0	NaN
464	IMG00604.JPG	3.287	1.583	0	0	0	NaN
465	IMG00603.JPG	2.296	1.913	0	0	0	NaN
466	IMG00603.JPG	2.214	1.629	0	0	0	NaN
467	IMG00603.JPG	3.386	1.565	0	0	0	NaN
468	IMG00603.JPG	3.403	1.849	0	0	0	NaN
469	IMG00603.JPG	2.336	1.641	0	0	0	NaN
470	IMG00603.JPG	2.441	0.817	0	0	0	NaN
471	IMG00603.JPG	3.113	0.794	0	0	0	NaN
472	IMG00603.JPG	3.328	1.565	0	0	0	NaN
473	mIMG00602.tif	2.133	1.971	0	0	0	NaN
474	mIMG00602.tif	2.087	1.699	0	0	0	NaN
475	mIMG00602.tif	3.339	1.606	0	0	0	NaN
476	mIMG00602.tif	3.374	1.965	0	0	0	NaN
477	mIMG00602.tif	2.209	1.693	0	0	0	NaN
478	mIMG00602.tif	2.4	0.858	0	0	0	NaN
479	mIMG00602.tif	3.078	0.8	0	0	0	NaN
480	mIMG00602.tif	3.264	1.612	0	0	0	NaN
481	IMG00601.JPG	2.307	2.041	0	0	0	NaN
482	IMG00601.JPG	2.18	1.658	0	0	0	NaN
483	IMG00601.JPG	3.513	1.577	0	0	0	NaN
484	IMG00601.JPG	3.542	1.971	0	0	0	NaN
485	IMG00601.JPG	2.301	1.646	0	0	0	NaN
486	IMG00601.JPG	2.464	0.759	0	0	0	NaN
487	IMG00601.JPG	3.13	0.73	0	0	0	NaN
488	IMG00601.JPG	3.432	1.559	0	0	0	NaN
489	IMG00600.JPG	2.296	2.133	0	0	0	NaN
490	IMG00600.JPG	2.133	1.716	0	0	0	NaN
491	IMG00600.JPG	3.391	1.612	0	0	0	NaN
492	IMG00600.JPG	3.409	2.041	0	0	0	NaN
493	IMG00600.JPG	2.272	1.664	0	0	0	NaN
494	IMG00600.JPG	2.423	0.841	0	0	0	NaN
495	IMG00600.JPG	3.125	0.794	0	0	0	NaN
496	IMG00600.JPG	3.322	1.588	0	0	0	NaN
497	IMG00599.JPG	2.151	2.041	0	0	0	NaN
498	IMG00599.JPG	2.122	1.629	0	0	0	NaN
499	IMG00599.JPG	3.443	1.606	0	0	0	NaN
500	IMG00599.JPG	3.472	2.017	0	0	0	NaN
501	IMG00599.JPG	2.278	1.629	0	0	0	NaN
502	IMG00599.JPG	2.47	0.788	0	0	0	NaN
503	IMG00599.JPG	3.165	0.771	0	0	0	NaN
504	IMG00599.JPG	3.345	1.617	0	0	0	NaN
505	IMG00598.JPG	2.128	2.046	0	0	0	NaN
506	IMG00598.JPG	2.052	1.652	0	0	0	NaN
507	IMG00598.JPG	3.345	1.6	0	0	0	NaN
508	IMG00598.JPG	3.386	2.006	0	0	0	NaN
509	IMG00598.JPG	2.203	1.623	0	0	0	NaN
510	IMG00598.JPG	2.394	0.812	0	0	0	NaN
511	IMG00598.JPG	3.026	0.817	0	0	0	NaN
512	IMG00598.JPG	3.252	1.623	0	0	0	NaN
513	IMG00597.JPG	2.238	1.867	0	0	0	NaN
514	IMG00597.JPG	2.186	1.6	0	0	0	NaN
515	IMG00597.JPG	3.345	1.513	0	0	0	NaN
516	IMG00597.JPG	3.368	1.849	0	0	0	NaN
517	IMG00597.JPG	2.284	1.588	0	0	0	NaN
518	IMG00597.JPG	2.441	0.87	0	0	0	NaN
519	IMG00597.JPG	3.096	0.864	0	0	0	NaN
520	IMG00597.JPG	3.281	1.536	0	0	0	NaN
521	IMG00596.JPG	2.214	1.942	0	0	0	NaN
522	IMG00596.JPG	2.186	1.664	0	0	0	NaN
523	IMG00596.JPG	3.403	1.565	0	0	0	NaN
524	IMG00596.JPG	3.403	1.896	0	0	0	NaN
525	IMG00596.JPG	2.261	1.652	0	0	0	NaN
526	IMG00596.JPG	2.412	0.783	0	0	0	NaN
527	IMG00596.JPG	3.084	0.736	0	0	0	NaN
528	IMG00596.JPG	3.328	1.583	0	0	0	NaN
529	IMG00595.JPG	2.174	1.988	0	0	0	NaN
530	IMG00595.JPG	2.133	1.571	0	0	0	NaN
531	IMG00595.JPG	3.351	1.554	0	0	0	NaN
532	IMG00595.JPG	3.391	1.959	0	0	0	NaN
533	IMG00595.JPG	2.261	1.565	0	0	0	NaN
534	IMG00595.JPG	2.388	0.8	0	0	0	NaN
535	IMG00595.JPG	3.055	0.771	0	0	0	NaN
536	IMG00595.JPG	3.27	1.559	0	0	0	NaN
537	IMG00594.JPG	2.197	2.174	0	0	0	NaN
538	IMG00594.JPG	2.122	1.716	0	0	0	NaN
539	IMG00594.JPG	3.513	1.559	0	0	0	NaN
540	IMG00594.JPG	3.559	2.041	0	0	0	NaN
541	IMG00594.JPG	2.267	1.681	0	0	0	NaN
542	IMG00594.JPG	2.394	0.835	0	0	0	NaN
543	IMG00594.JPG	3.101	0.783	0	0	0	NaN
544	IMG00594.JPG	3.409	1.571	0	0	0	NaN
545	IMG00593.JPG	2.174	1.983	0	0	0	NaN
546	IMG00593.JPG	2.064	1.641	0	0	0	NaN
547	IMG00593.JPG	3.31	1.6	0	0	0	NaN
548	IMG00593.JPG	3.339	1.936	0	0	0	NaN
549	IMG00593.JPG	2.197	1.571	0	0	0	NaN
550	IMG00593.JPG	2.354	0.817	0	0	0	NaN
551	IMG00593.JPG	3.049	0.788	0	0	0	NaN
552	IMG00593.JPG	3.246	1.565	0	0	0	NaN
553	IMG00592.JPG	2.104	2.006	0	0	0	NaN
554	IMG00592.JPG	2.064	1.664	0	0	0	NaN
555	IMG00592.JPG	3.38	1.612	0	0	0	NaN
556	IMG00592.JPG	3.316	2.029	0	0	0	NaN
557	IMG00592.JPG	2.151	1.612	0	0	0	NaN
558	IMG00592.JPG	2.354	0.661	0	0	0	NaN
559	IMG00592.JPG	3.014	0.684	0	0	0	NaN
560	IMG00592.JPG	3.322	1.635	0	0	0	NaN
561	IMG00591.JPG	2.197	1.93	0	0	0	NaN
562	IMG00591.JPG	2.133	1.588	0	0	0	NaN
563	IMG00591.JPG	3.362	1.501	0	0	0	NaN
564	IMG00591.JPG	3.403	1.872	0	0	0	NaN
565	IMG00591.JPG	2.238	1.583	0	0	0	NaN
566	IMG00591.JPG	2.383	0.806	0	0	0	NaN
567	IMG00591.JPG	3.061	0.788	0	0	0	NaN
568	IMG00591.JPG	3.252	1.507	0	0	0	NaN
569	IMG00590.JPG	2.226	1.936	0	0	0	NaN
570	IMG00590.JPG	2.122	1.571	0	0	0	NaN
571	IMG00590.JPG	3.403	1.577	0	0	0	NaN
572	IMG00590.JPG	3.299	1.942	0	0	0	NaN
573	IMG00590.JPG	2.226	1.559	0	0	0	NaN
574	IMG00590.JPG	2.406	0.765	0	0	0	NaN
575	IMG00590.JPG	3.101	0.759	0	0	0	NaN
576	IMG00590.JPG	3.299	1.577	0	0	0	NaN
577	IMG00589.JPG	2.249	2.052	0	0	0	NaN
578	IMG00589.JPG	2.162	1.739	0	0	0	NaN
579	IMG00589.JPG	3.397	1.606	0	0	0	NaN
580	IMG00589.JPG	3.426	1.983	0	0	0	NaN
581	IMG00589.JPG	2.272	1.675	0	0	0	NaN
582	IMG00589.JPG	2.377	0.817	0	0	0	NaN
583	IMG00589.JPG	3.049	0.754	0	0	0	NaN
584	IMG00589.JPG	3.287	1.617	0	0	0	NaN
585	IMG00588.JPG	2.22	1.936	0	0	0	NaN
586	IMG00588.JPG	2.168	1.594	0	0	0	NaN
587	IMG00588.JPG	3.345	1.536	0	0	0	NaN
588	IMG00588.JPG	3.386	1.878	0	0	0	NaN
589	IMG00588.JPG	2.296	1.6	0	0	0	NaN
590	IMG00588.JPG	2.493	0.835	0	0	0	NaN
591	IMG00588.JPG	3.078	0.829	0	0	0	NaN
592	IMG00588.JPG	3.27	1.565	0	0	0	NaN
593	IMG00587.JPG	2.197	2.052	0	0	0	NaN
594	IMG00587.JPG	2.122	1.6	0	0	0	NaN
595	IMG00587.JPG	3.386	1.623	0	0	0	NaN
596	IMG00587.JPG	3.467	2.064	0	0	0	NaN
597	IMG00587.JPG	2.278	1.588	0	0	0	NaN
598	IMG00587.JPG	2.47	0.835	0	0	0	NaN
599	IMG00587.JPG	3.119	0.846	0	0	0	NaN
600	IMG00587.JPG	3.322	1.635	0	0	0	NaN
601	IMG00586.JPG	2.261	1.988	0	0	0	NaN
602	IMG00586.JPG	2.232	1.693	0	0	0	NaN
603	IMG00586.JPG	3.443	1.577	0	0	0	NaN
604	IMG00586.JPG	3.403	1.867	0	0	0	NaN
605	IMG00586.JPG	2.319	1.664	0	0	0	NaN
606	IMG00586.JPG	2.487	0.742	0	0	0	NaN
607	IMG00586.JPG	3.107	0.725	0	0	0	NaN
608	IMG00586.JPG	3.368	1.588	0	0	0	NaN
609	IMG00585.JPG	2.209	1.977	0	0	0	NaN
610	IMG00585.JPG	2.128	1.617	0	0	0	NaN
611	IMG00585.JPG	3.467	1.571	0	0	0	NaN
612	IMG00585.JPG	3.438	1.988	0	0	0	NaN
613	IMG00585.JPG	2.267	1.617	0	0	0	NaN
614	IMG00585.JPG	2.441	0.678	0	0	0	NaN
615	IMG00585.JPG	3.125	0.678	0	0	0	NaN
616	IMG00585.JPG	3.374	1.577	0	0	0	NaN
617	IMG00584.JPG	2.255	1.93	0	0	0	NaN
618	IMG00584.JPG	2.209	1.641	0	0	0	NaN
619	IMG00584.JPG	3.438	1.507	0	0	0	NaN
620	IMG00584.JPG	3.391	1.913	0	0	0	NaN
621	IMG00584.JPG	2.313	1.559	0	0	0	NaN
622	IMG00584.JPG	2.446	0.841	0	0	0	NaN
623	IMG00584.JPG	3.09	0.864	0	0	0	NaN
624	IMG00584.JPG	3.304	1.554	0	0	0	NaN
625	IMG00583.JPG	2.128	2.041	0	0	0	NaN
626	IMG00583.JPG	2.07	1.658	0	0	0	NaN
627	IMG00583.JPG	3.461	1.606	0	0	0	NaN
628	IMG00583.JPG	3.368	2.023	0	0	0	NaN
629	IMG00583.JPG	2.22	1.629	0	0	0	NaN
630	IMG00583.JPG	2.446	0.823	0	0	0	NaN
631	IMG00583.JPG	3.072	0.783	0	0	0	NaN
632	IMG00583.JPG	3.351	1.623	0	0	0	NaN
633	IMG00582.JPG	2.186	1.965	0	0	0	NaN
634	IMG00582.JPG	2.075	1.554	0	0	0	NaN
635	IMG00582.JPG	3.403	1.554	0	0	0	NaN
636	IMG00582.JPG	3.409	1.988	0	0	0	NaN
637	IMG00582.JPG	2.209	1.536	0	0	0	NaN
638	IMG00582.JPG	2.377	0.748	0	0	0	NaN
639	IMG00582.JPG	3.072	0.748	0	0	0	NaN
640	IMG00582.JPG	3.322	1.542	0	0	0	NaN
641	IMG00581.JPG	2.249	1.948	0	0	0	NaN
642	IMG00581.JPG	2.186	1.571	0	0	0	NaN
643	IMG00581.JPG	3.403	1.53	0	0	0	NaN
644	IMG00581.JPG	3.432	1.93	0	0	0	NaN
645	IMG00581.JPG	2.342	1.583	0	0	0	NaN
646	IMG00581.JPG	2.539	0.759	0	0	0	NaN
647	IMG00581.JPG	3.101	0.719	0	0	0	NaN
648	IMG00581.JPG	3.281	1.513	0	0	0	NaN
649	IMG00580.JPG	2.186	1.936	0	0	0	NaN
650	IMG00580.JPG	2.081	1.571	0	0	0	NaN
651	IMG00580.JPG	3.397	1.501	0	0	0	NaN
652	IMG00580.JPG	3.351	1.884	0	0	0	NaN
653	IMG00580.JPG	2.22	1.588	0	0	0	NaN
654	IMG00580.JPG	2.388	0.777	0	0	0	NaN
655	IMG00580.JPG	3.09	0.783	0	0	0	NaN
656	IMG00580.JPG	3.258	1.49	0	0	0	NaN
657	IMG00579.JPG	2.186	2.041	0	0	0	NaN
658	IMG00579.JPG	2.168	1.641	0	0	0	NaN
659	IMG00579.JPG	3.467	1.606	0	0	0	NaN
660	IMG00579.JPG	3.478	2.07	0	0	0	NaN
661	IMG00579.JPG	2.301	1.583	0	0	0	NaN
662	IMG00579.JPG	2.429	0.864	0	0	0	NaN
663	IMG00579.JPG	3.183	0.87	0	0	0	NaN
664	IMG00579.JPG	3.362	1.594	0	0	0	NaN
665	IMG00578.JPG	2.203	1.959	0	0	0	NaN
666	IMG00578.JPG	2.064	1.629	0	0	0	NaN
667	IMG00578.JPG	3.333	1.554	0	0	0	NaN
668	IMG00578.JPG	3.299	1.959	0	0	0	NaN
669	IMG00578.JPG	2.168	1.565	0	0	0	NaN
670	IMG00578.JPG	2.342	0.672	0	0	0	NaN
671	IMG00578.JPG	3.009	0.614	0	0	0	NaN
672	IMG00578.JPG	3.275	1.559	0	0	0	NaN
673	IMG00577.JPG	2.116	2.064	0	0	0	NaN
674	IMG00577.JPG	2.041	1.646	0	0	0	NaN
675	IMG00577.JPG	3.368	1.565	0	0	0	NaN
676	IMG00577.JPG	3.322	2.041	0	0	0	NaN
677	IMG00577.JPG	2.226	1.583	0	0	0	NaN
678	IMG00577.JPG	2.377	0.748	0	0	0	NaN
679	IMG00577.JPG	3.043	0.719	0	0	0	NaN
680	IMG00577.JPG	3.235	1.542	0	0	0	NaN
681	IMG00576.JPG	2.157	2.174	0	0	0	NaN
682	IMG00576.JPG	2.064	1.693	0	0	0	NaN
683	IMG00576.JPG	3.478	1.577	0	0	0	NaN
684	IMG00576.JPG	3.507	1.994	0	0	0	NaN
685	IMG00576.JPG	2.238	1.646	0	0	0	NaN
686	IMG00576.JPG	2.423	0.835	0	0	0	NaN
687	IMG00576.JPG	3.09	0.794	0	0	0	NaN
688	IMG00576.JPG	3.281	1.6	0	0	0	NaN
689	IMG00575.JPG	2.186	2.116	0	0	0	NaN
690	IMG00575.JPG	2.081	1.606	0	0	0	NaN
691	IMG00575.JPG	3.554	1.548	0	0	0	NaN
692	IMG00575.JPG	3.478	2.07	0	0	0	NaN
693	IMG00575.JPG	2.284	1.536	0	0	0	NaN
694	IMG00575.JPG	2.487	0.661	0	0	0	NaN
695	IMG00575.JPG	3.206	0.632	0	0	0	NaN
696	IMG00575.JPG	3.409	1.588	0	0	0	NaN
697	IMG00574.JPG	2.261	1.959	0	0	0	NaN
698	IMG00574.JPG	2.226	1.745	0	0	0	NaN
699	IMG00574.JPG	3.345	1.588	0	0	0	NaN
700	IMG00574.JPG	3.374	1.872	0	0	0	NaN
701	IMG00574.JPG	2.296	1.716	0	0	0	NaN
702	IMG00574.JPG	2.313	0.864	0	0	0	NaN
703	IMG00574.JPG	3.026	0.841	0	0	0	NaN
704	IMG00574.JPG	3.264	1.565	0	0	0	NaN
705	IMG00573.JPG	2.145	2.029	0	0	0	NaN
706	IMG00573.JPG	2.122	1.646	0	0	0	NaN
707	IMG00573.JPG	3.403	1.565	0	0	0	NaN
708	IMG00573.JPG	3.345	1.994	0	0	0	NaN
709	IMG00573.JPG	2.232	1.606	0	0	0	NaN
710	IMG00573.JPG	2.371	0.823	0	0	0	NaN
711	IMG00573.JPG	3.072	0.829	0	0	0	NaN
712	IMG00573.JPG	3.258	1.6	0	0	0	NaN
713	IMG00572.JPG	2.162	1.994	0	0	0	NaN
714	IMG00572.JPG	2.093	1.687	0	0	0	NaN
715	IMG00572.JPG	3.316	1.629	0	0	0	NaN
716	IMG00572.JPG	3.258	1.948	0	0	0	NaN
717	IMG00572.JPG	2.18	1.652	0	0	0	NaN
718	IMG00572.JPG	2.417	0.765	0	0	0	NaN
719	IMG00572.JPG	2.928	0.765	0	0	0	NaN
720	IMG00572.JPG	3.212	1.646	0	0	0	NaN
721	IMG00571.JPG	2.243	2.006	0	0	0	NaN
722	IMG00571.JPG	2.11	1.652	0	0	0	NaN
723	IMG00571.JPG	3.362	1.623	0	0	0	NaN
724	IMG00571.JPG	3.258	1.994	0	0	0	NaN
725	IMG00571.JPG	2.249	1.6	0	0	0	NaN
726	IMG00571.JPG	2.412	1.003	0	0	0	NaN
727	IMG00571.JPG	3.043	0.957	0	0	0	NaN
728	IMG00571.JPG	3.252	1.588	0	0	0	NaN
729	IMG00570.JPG	2.11	1.971	0	0	0	NaN
730	IMG00570.JPG	2.052	1.606	0	0	0	NaN
731	IMG00570.JPG	3.351	1.525	0	0	0	NaN
732	IMG00570.JPG	3.362	1.948	0	0	0	NaN
733	IMG00570.JPG	2.151	1.565	0	0	0	NaN
734	IMG00570.JPG	2.423	0.672	0	0	0	NaN
735	IMG00570.JPG	3.014	0.649	0	0	0	NaN
736	IMG00570.JPG	3.264	1.536	0	0	0	NaN
737	IMG00569.JPG	2.226	2.151	0	0	0	NaN
738	IMG00569.JPG	2.116	1.762	0	0	0	NaN
739	IMG00569.JPG	3.432	1.577	0	0	0	NaN
740	IMG00569.JPG	3.403	1.994	0	0	0	NaN
741	IMG00569.JPG	2.226	1.722	0	0	0	NaN
742	IMG00569.JPG	2.348	0.736	0	0	0	NaN
743	IMG00569.JPG	3.125	0.678	0	0	0	NaN
744	IMG00569.JPG	3.357	1.577	0	0	0	NaN
745	IMG00568.JPG	2.388	1.901	0	0	0	NaN
746	IMG00568.JPG	2.336	1.658	0	0	0	NaN
747	IMG00568.JPG	3.565	1.548	0	0	0	NaN
748	IMG00568.JPG	3.594	1.867	0	0	0	NaN
749	IMG00568.JPG	2.452	1.612	0	0	0	NaN
750	IMG00568.JPG	2.562	0.742	0	0	0	NaN
751	IMG00568.JPG	3.264	0.725	0	0	0	NaN
752	IMG00568.JPG	3.467	1.571	0	0	0	NaN
753	IMG00567.JPG	2.284	1.762	0	0	0	NaN
754	IMG00567.JPG	2.197	1.467	0	0	0	NaN
755	IMG00567.JPG	3.403	1.443	0	0	0	NaN
756	IMG00567.JPG	3.368	1.786	0	0	0	NaN
757	IMG00567.JPG	2.377	1.478	0	0	0	NaN
758	IMG00567.JPG	2.481	0.667	0	0	0	NaN
759	IMG00567.JPG	3.159	0.672	0	0	0	NaN
760	IMG00567.JPG	3.304	1.467	0	0	0	NaN
761	IMG00566.JPG	2.197	1.855	0	0	0	NaN
762	IMG00566.JPG	2.139	1.554	0	0	0	NaN
763	IMG00566.JPG	3.426	1.536	0	0	0	NaN
764	IMG00566.JPG	3.339	1.89	0	0	0	NaN
765	IMG00566.JPG	2.325	1.554	0	0	0	NaN
766	IMG00566.JPG	2.499	0.812	0	0	0	NaN
767	IMG00566.JPG	3.09	0.806	0	0	0	NaN
768	IMG00566.JPG	3.31	1.565	0	0	0	NaN
769	IMG00565.JPG	2.012	2.209	0	0	0	NaN
770	IMG00565.JPG	1.867	1.745	0	0	0	NaN
771	IMG00565.JPG	3.443	1.652	0	0	0	NaN
772	IMG00565.JPG	3.397	2.203	0	0	0	NaN
773	IMG00565.JPG	2.064	1.646	0	0	0	NaN
774	IMG00565.JPG	2.255	0.614	0	0	0	NaN
775	IMG00565.JPG	3.043	0.614	0	0	0	NaN
776	IMG00565.JPG	3.31	1.658	0	0	0	NaN
777	IMG00564.JPG	2.157	2.087	0	0	0	NaN
778	IMG00564.JPG	2.017	1.583	0	0	0	NaN
779	IMG00564.JPG	3.374	1.513	0	0	0	NaN
780	IMG00564.JPG	3.328	2.087	0	0	0	NaN
781	IMG00564.JPG	2.232	1.583	0	0	0	NaN
782	IMG00564.JPG	2.412	0.852	0	0	0	NaN
783	IMG00564.JPG	3.003	0.864	0	0	0	NaN
784	IMG00564.JPG	3.281	1.536	0	0	0	NaN
785	IMG00563.JPG	2.191	2.017	0	0	0	NaN
786	IMG00563.JPG	2.087	1.612	0	0	0	NaN
787	IMG00563.JPG	3.386	1.554	0	0	0	NaN
788	IMG00563.JPG	3.38	1.994	0	0	0	NaN
789	IMG00563.JPG	2.203	1.594	0	0	0	NaN
790	IMG00563.JPG	2.377	0.794	0	0	0	NaN
791	IMG00563.JPG	3.119	0.783	0	0	0	NaN
792	IMG00563.JPG	3.287	1.548	0	0	0	NaN
793	IMG00562.JPG	2.087	1.954	0	0	0	NaN
794	IMG00562.JPG	2.099	1.594	0	0	0	NaN
795	IMG00562.JPG	3.345	1.699	0	0	0	NaN
796	IMG00562.JPG	3.339	2.093	0	0	0	NaN
797	IMG00562.JPG	2.261	1.623	0	0	0	NaN
798	IMG00562.JPG	2.417	1.032	0	0	0	NaN
799	IMG00562.JPG	3.13	1.009	0	0	0	NaN
800	IMG00562.JPG	3.246	1.687	0	0	0	NaN
801	IMG00561.JPG	2.139	1.936	0	0	0	NaN
802	IMG00561.JPG	2.006	1.612	0	0	0	NaN
803	IMG00561.JPG	3.339	1.548	0	0	0	NaN
804	IMG00561.JPG	3.345	1.93	0	0	0	NaN
805	IMG00561.JPG	2.157	1.571	0	0	0	NaN
806	IMG00561.JPG	2.348	0.829	0	0	0	NaN
807	IMG00561.JPG	3.026	0.788	0	0	0	NaN
808	IMG00561.JPG	3.275	1.548	0	0	0	NaN
809	IMG00560.JPG	2.238	2.006	0	0	0	NaN
810	IMG00560.JPG	2.087	1.612	0	0	0	NaN
811	IMG00560.JPG	3.42	1.588	0	0	0	NaN
812	IMG00560.JPG	3.391	1.965	0	0	0	NaN
813	IMG00560.JPG	2.232	1.6	0	0	0	NaN
814	IMG00560.JPG	2.464	0.765	0	0	0	NaN
815	IMG00560.JPG	3.107	0.748	0	0	0	NaN
816	IMG00560.JPG	3.339	1.565	0	0	0	NaN
817	IMG00559.JPG	2.128	1.925	0	0	0	NaN
818	IMG00559.JPG	2.012	1.554	0	0	0	NaN
819	IMG00559.JPG	3.374	1.53	0	0	0	NaN
820	IMG00559.JPG	3.316	1.971	0	0	0	NaN
821	IMG00559.JPG	2.162	1.53	0	0	0	NaN
822	IMG00559.JPG	2.348	0.736	0	0	0	NaN
823	IMG00559.JPG	3.043	0.696	0	0	0	NaN
824	IMG00559.JPG	3.264	1.542	0	0	0	NaN
825	IMG00557.JPG	2.128	1.93	0	0	0	NaN
826	IMG00557.JPG	2.081	1.588	0	0	0	NaN
827	IMG00557.JPG	3.345	1.42	0	0	0	NaN
828	IMG00557.JPG	3.351	1.855	0	0	0	NaN
829	IMG00557.JPG	2.214	1.577	0	0	0	NaN
830	IMG00557.JPG	2.383	0.771	0	0	0	NaN
831	IMG00557.JPG	3.049	0.736	0	0	0	NaN
832	IMG00557.JPG	3.212	1.449	0	0	0	NaN
833	IMG00556.JPG	2.133	2.064	0	0	0	NaN
834	IMG00556.JPG	2.023	1.658	0	0	0	NaN
835	IMG00556.JPG	3.438	1.588	0	0	0	NaN
836	IMG00556.JPG	3.426	2.017	0	0	0	NaN
837	IMG00556.JPG	2.197	1.641	0	0	0	NaN
838	IMG00556.JPG	2.365	0.823	0	0	0	NaN
839	IMG00556.JPG	3.125	0.8	0	0	0	NaN
840	IMG00556.JPG	3.31	1.577	0	0	0	NaN
841	IMG00555.JPG	2.174	1.884	0	0	0	NaN
842	IMG00555.JPG	2.128	1.438	0	0	0	NaN
843	IMG00555.JPG	3.281	1.328	0	0	0	NaN
844	IMG00555.JPG	3.206	1.855	0	0	0	NaN
845	IMG00555.JPG	2.249	1.403	0	0	0	NaN
846	IMG00555.JPG	2.342	0.8	0	0	0	NaN
847	IMG00555.JPG	2.986	0.794	0	0	0	NaN
848	IMG00555.JPG	3.171	1.374	0	0	0	NaN
849	IMG00554.JPG	2.162	1.809	0	0	0	NaN
850	IMG00554.JPG	2.128	1.594	0	0	0	NaN
851	IMG00554.JPG	3.414	1.536	0	0	0	NaN
852	IMG00554.JPG	3.414	1.884	0	0	0	NaN
853	IMG00554.JPG	2.261	1.554	0	0	0	NaN
854	IMG00554.JPG	2.446	0.846	0	0	0	NaN
855	IMG00554.JPG	3.165	0.858	0	0	0	NaN
856	IMG00554.JPG	3.316	1.559	0	0	0	NaN
857	IMG00553.JPG	2.4	2.261	0	0	0	NaN
858	IMG00553.JPG	2.29	1.797	0	0	0	NaN
859	IMG00553.JPG	3.501	1.606	0	0	0	NaN
860	IMG00553.JPG	3.438	2.128	0	0	0	NaN
861	IMG00553.JPG	2.423	1.762	0	0	0	NaN
862	IMG00553.JPG	2.499	0.98	0	0	0	NaN
863	IMG00553.JPG	3.142	0.968	0	0	0	NaN
864	IMG00553.JPG	3.362	1.629	0	0	0	NaN
865	mIMG00558.tif	2.296	1.884	0	0	0	NaN
866	mIMG00558.tif	2.238	1.559	0	0	0	NaN
867	mIMG00558.tif	3.403	1.53	0	0	0	NaN
868	mIMG00558.tif	3.351	1.907	0	0	0	NaN
869	mIMG00558.tif	2.388	1.559	0	0	0	NaN
870	mIMG00558.tif	2.446	0.8	0	0	0	NaN
871	mIMG00558.tif	3.258	0.759	0	0	0	NaN
872	mIMG00558.tif	3.333	1.542	0	0	0	NaN