 	Label	X	Y	Circ.	AR	Round	Solidity
1	IMG01482.JPG	2.174	1.994	0	0	0	NaN
2	IMG01482.JPG	2.11	1.612	0	0	0	NaN
3	IMG01482.JPG	3.438	1.606	0	0	0	NaN
4	IMG01482.JPG	3.414	2.012	0	0	0	NaN
5	IMG01482.JPG	2.261	1.583	0	0	0	NaN
6	IMG01482.JPG	2.475	0.643	0	0	0	NaN
7	IMG01482.JPG	3.165	0.597	0	0	0	NaN
8	IMG01482.JPG	3.357	1.588	0	0	0	NaN
9	IMG01481.JPG	2.197	2.157	0	0	0	NaN
10	IMG01481.JPG	2.162	1.704	0	0	0	NaN
11	IMG01481.JPG	3.461	1.658	0	0	0	NaN
12	IMG01481.JPG	3.472	2.122	0	0	0	NaN
13	IMG01481.JPG	2.296	1.658	0	0	0	NaN
14	IMG01481.JPG	2.493	0.881	0	0	0	NaN
15	IMG01481.JPG	3.159	0.91	0	0	0	NaN
16	IMG01481.JPG	3.339	1.612	0	0	0	NaN
17	IMG01480.JPG	2.22	2.041	0	0	0	NaN
18	IMG01480.JPG	2.186	1.71	0	0	0	NaN
19	IMG01480.JPG	3.438	1.641	0	0	0	NaN
20	IMG01480.JPG	3.38	2.035	0	0	0	NaN
21	IMG01480.JPG	2.284	1.693	0	0	0	NaN
22	IMG01480.JPG	2.464	0.846	0	0	0	NaN
23	IMG01480.JPG	3.177	0.794	0	0	0	NaN
24	IMG01480.JPG	3.333	1.623	0	0	0	NaN
25	IMG01479.JPG	2.18	2.017	0	0	0	NaN
26	IMG01479.JPG	2.151	1.652	0	0	0	NaN
27	IMG01479.JPG	3.478	1.606	0	0	0	NaN
28	IMG01479.JPG	3.426	2.012	0	0	0	NaN
29	IMG01479.JPG	2.243	1.606	0	0	0	NaN
30	IMG01479.JPG	2.441	0.835	0	0	0	NaN
31	IMG01479.JPG	3.154	0.812	0	0	0	NaN
32	IMG01479.JPG	3.391	1.606	0	0	0	NaN
33	IMG01478.JPG	2.174	2.064	0	0	0	NaN
34	IMG01478.JPG	2.064	1.664	0	0	0	NaN
35	IMG01478.JPG	3.443	1.571	0	0	0	NaN
36	IMG01478.JPG	3.357	2.046	0	0	0	NaN
37	IMG01478.JPG	2.162	1.641	0	0	0	NaN
38	IMG01478.JPG	2.371	0.788	0	0	0	NaN
39	IMG01478.JPG	3.084	0.765	0	0	0	NaN
40	IMG01478.JPG	3.345	1.6	0	0	0	NaN
41	IMG01477.JPG	2.238	1.89	0	0	0	NaN
42	IMG01477.JPG	2.238	1.652	0	0	0	NaN
43	IMG01477.JPG	3.357	1.658	0	0	0	NaN
44	IMG01477.JPG	3.31	1.948	0	0	0	NaN
45	IMG01477.JPG	2.307	1.617	0	0	0	NaN
46	IMG01477.JPG	2.47	0.8	0	0	0	NaN
47	IMG01477.JPG	3.049	0.759	0	0	0	NaN
48	IMG01477.JPG	3.275	1.623	0	0	0	NaN
49	IMG01476.JPG	2.151	1.965	0	0	0	NaN
50	IMG01476.JPG	2.093	1.612	0	0	0	NaN
51	IMG01476.JPG	3.368	1.623	0	0	0	NaN
52	IMG01476.JPG	3.362	1.913	0	0	0	NaN
53	IMG01476.JPG	2.209	1.565	0	0	0	NaN
54	IMG01476.JPG	2.47	0.707	0	0	0	NaN
55	IMG01476.JPG	3.148	0.713	0	0	0	NaN
56	IMG01476.JPG	3.293	1.594	0	0	0	NaN
57	IMG01475.JPG	2.18	2.046	0	0	0	NaN
58	IMG01475.JPG	2.11	1.646	0	0	0	NaN
59	IMG01475.JPG	3.374	1.646	0	0	0	NaN
60	IMG01475.JPG	3.357	2.023	0	0	0	NaN
61	IMG01475.JPG	2.243	1.646	0	0	0	NaN
62	IMG01475.JPG	2.458	0.794	0	0	0	NaN
63	IMG01475.JPG	3.113	0.771	0	0	0	NaN
64	IMG01475.JPG	3.281	1.617	0	0	0	NaN
65	IMG01474.JPG	2.267	2.017	0	0	0	NaN
66	IMG01474.JPG	2.191	1.612	0	0	0	NaN
67	IMG01474.JPG	3.386	1.548	0	0	0	NaN
68	IMG01474.JPG	3.345	1.959	0	0	0	NaN
69	IMG01474.JPG	2.325	1.588	0	0	0	NaN
70	IMG01474.JPG	2.574	0.904	0	0	0	NaN
71	IMG01474.JPG	3.148	0.899	0	0	0	NaN
72	IMG01474.JPG	3.316	1.542	0	0	0	NaN
73	IMG01323.JPG	2.313	1.942	0	0	0	NaN
74	IMG01323.JPG	2.18	1.588	0	0	0	NaN
75	IMG01323.JPG	3.414	1.525	0	0	0	NaN
76	IMG01323.JPG	3.368	1.838	0	0	0	NaN
77	IMG01323.JPG	2.278	1.565	0	0	0	NaN
78	IMG01323.JPG	2.446	0.788	0	0	0	NaN
79	IMG01323.JPG	3.13	0.736	0	0	0	NaN
80	IMG01323.JPG	3.304	1.513	0	0	0	NaN
81	IMG01473.JPG	2.249	2.035	0	0	0	NaN
82	IMG01473.JPG	2.214	1.606	0	0	0	NaN
83	IMG01473.JPG	3.496	1.664	0	0	0	NaN
84	IMG01473.JPG	3.397	2.116	0	0	0	NaN
85	IMG01473.JPG	2.301	1.583	0	0	0	NaN
86	IMG01473.JPG	2.516	0.841	0	0	0	NaN
87	IMG01473.JPG	3.113	0.817	0	0	0	NaN
88	IMG01473.JPG	3.409	1.623	0	0	0	NaN
89	IMG01472.JPG	2.232	1.936	0	0	0	NaN
90	IMG01472.JPG	2.162	1.577	0	0	0	NaN
91	IMG01472.JPG	3.368	1.577	0	0	0	NaN
92	IMG01472.JPG	3.357	1.925	0	0	0	NaN
93	IMG01472.JPG	2.255	1.554	0	0	0	NaN
94	IMG01472.JPG	2.383	0.765	0	0	0	NaN
95	IMG01472.JPG	3.177	0.742	0	0	0	NaN
96	IMG01472.JPG	3.299	1.571	0	0	0	NaN
97	IMG01471.JPG	2.186	2.145	0	0	0	NaN
98	IMG01471.JPG	2.18	1.658	0	0	0	NaN
99	IMG01471.JPG	3.472	1.67	0	0	0	NaN
100	IMG01471.JPG	3.426	2.139	0	0	0	NaN
101	IMG01471.JPG	2.307	1.681	0	0	0	NaN
102	IMG01471.JPG	2.435	0.771	0	0	0	NaN
103	IMG01471.JPG	3.223	0.754	0	0	0	NaN
104	IMG01471.JPG	3.391	1.658	0	0	0	NaN
105	IMG01470.JPG	2.209	2.11	0	0	0	NaN
106	IMG01470.JPG	2.168	1.652	0	0	0	NaN
107	IMG01470.JPG	3.426	1.675	0	0	0	NaN
108	IMG01470.JPG	3.38	2.052	0	0	0	NaN
109	IMG01470.JPG	2.267	1.623	0	0	0	NaN
110	IMG01470.JPG	2.464	0.759	0	0	0	NaN
111	IMG01470.JPG	3.154	0.713	0	0	0	NaN
112	IMG01470.JPG	3.357	1.629	0	0	0	NaN
113	IMG01469.JPG	2.186	2.174	0	0	0	NaN
114	IMG01469.JPG	2.11	1.728	0	0	0	NaN
115	IMG01469.JPG	3.496	1.716	0	0	0	NaN
116	IMG01469.JPG	3.484	2.174	0	0	0	NaN
117	IMG01469.JPG	2.232	1.704	0	0	0	NaN
118	IMG01469.JPG	2.475	0.864	0	0	0	NaN
119	IMG01469.JPG	3.119	0.812	0	0	0	NaN
120	IMG01469.JPG	3.414	1.658	0	0	0	NaN
121	IMG01468.JPG	2.11	2.162	0	0	0	NaN
122	IMG01468.JPG	2.029	1.67	0	0	0	NaN
123	IMG01468.JPG	3.49	1.641	0	0	0	NaN
124	IMG01468.JPG	3.443	2.232	0	0	0	NaN
125	IMG01468.JPG	2.122	1.606	0	0	0	NaN
126	IMG01468.JPG	2.47	0.701	0	0	0	NaN
127	IMG01468.JPG	3.119	0.696	0	0	0	NaN
128	IMG01468.JPG	3.38	1.617	0	0	0	NaN
129	IMG01467.JPG	2.104	2.104	0	0	0	NaN
130	IMG01467.JPG	2.017	1.629	0	0	0	NaN
131	IMG01467.JPG	3.519	1.583	0	0	0	NaN
132	IMG01467.JPG	3.501	2.046	0	0	0	NaN
133	IMG01467.JPG	2.191	1.583	0	0	0	NaN
134	IMG01467.JPG	2.493	0.8	0	0	0	NaN
135	IMG01467.JPG	3.09	0.788	0	0	0	NaN
136	IMG01467.JPG	3.374	1.559	0	0	0	NaN
137	IMG01466.JPG	2.232	2.041	0	0	0	NaN
138	IMG01466.JPG	2.157	1.675	0	0	0	NaN
139	IMG01466.JPG	3.53	1.53	0	0	0	NaN
140	IMG01466.JPG	3.472	1.959	0	0	0	NaN
141	IMG01466.JPG	2.255	1.623	0	0	0	NaN
142	IMG01466.JPG	2.47	0.852	0	0	0	NaN
143	IMG01466.JPG	3.096	0.788	0	0	0	NaN
144	IMG01466.JPG	3.391	1.594	0	0	0	NaN
145	IMG01465.JPG	2.22	1.948	0	0	0	NaN
146	IMG01465.JPG	2.22	1.565	0	0	0	NaN
147	IMG01465.JPG	3.42	1.571	0	0	0	NaN
148	IMG01465.JPG	3.333	2.029	0	0	0	NaN
149	IMG01465.JPG	2.336	1.565	0	0	0	NaN
150	IMG01465.JPG	2.539	0.829	0	0	0	NaN
151	IMG01465.JPG	3.119	0.817	0	0	0	NaN
152	IMG01465.JPG	3.328	1.588	0	0	0	NaN
153	IMG01464.JPG	2.203	2.006	0	0	0	NaN
154	IMG01464.JPG	2.075	1.559	0	0	0	NaN
155	IMG01464.JPG	3.478	1.594	0	0	0	NaN
156	IMG01464.JPG	3.449	2	0	0	0	NaN
157	IMG01464.JPG	2.214	1.542	0	0	0	NaN
158	IMG01464.JPG	2.504	0.655	0	0	0	NaN
159	IMG01464.JPG	3.165	0.655	0	0	0	NaN
160	IMG01464.JPG	3.426	1.565	0	0	0	NaN
161	IMG01463.JPG	2.162	1.954	0	0	0	NaN
162	IMG01463.JPG	2.128	1.536	0	0	0	NaN
163	IMG01463.JPG	3.467	1.571	0	0	0	NaN
164	IMG01463.JPG	3.467	1.93	0	0	0	NaN
165	IMG01463.JPG	2.261	1.565	0	0	0	NaN
166	IMG01463.JPG	2.47	0.771	0	0	0	NaN
167	IMG01463.JPG	3.136	0.771	0	0	0	NaN
168	IMG01463.JPG	3.316	1.548	0	0	0	NaN
169	IMG01462.JPG	2.249	2.093	0	0	0	NaN
170	IMG01462.JPG	2.168	1.629	0	0	0	NaN
171	IMG01462.JPG	3.467	1.612	0	0	0	NaN
172	IMG01462.JPG	3.38	2.075	0	0	0	NaN
173	IMG01462.JPG	2.307	1.617	0	0	0	NaN
174	IMG01462.JPG	2.533	0.765	0	0	0	NaN
175	IMG01462.JPG	3.183	0.736	0	0	0	NaN
176	IMG01462.JPG	3.351	1.554	0	0	0	NaN
177	IMG01461.JPG	2.012	2.139	0	0	0	NaN
178	IMG01461.JPG	1.965	1.681	0	0	0	NaN
179	IMG01461.JPG	3.438	1.635	0	0	0	NaN
180	IMG01461.JPG	3.461	2.093	0	0	0	NaN
181	IMG01461.JPG	2.122	1.675	0	0	0	NaN
182	IMG01461.JPG	2.383	0.8	0	0	0	NaN
183	IMG01461.JPG	3.101	0.794	0	0	0	NaN
184	IMG01461.JPG	3.339	1.617	0	0	0	NaN
185	IMG01460.JPG	2.11	1.994	0	0	0	NaN
186	IMG01460.JPG	2.081	1.641	0	0	0	NaN
187	IMG01460.JPG	3.472	1.629	0	0	0	NaN
188	IMG01460.JPG	3.386	2.017	0	0	0	NaN
189	IMG01460.JPG	2.226	1.583	0	0	0	NaN
190	IMG01460.JPG	2.539	0.736	0	0	0	NaN
191	IMG01460.JPG	3.119	0.754	0	0	0	NaN
192	IMG01460.JPG	3.328	1.612	0	0	0	NaN
193	IMG01459.JPG	2.035	2.081	0	0	0	NaN
194	IMG01459.JPG	1.93	1.699	0	0	0	NaN
195	IMG01459.JPG	3.409	1.635	0	0	0	NaN
196	IMG01459.JPG	3.386	2.017	0	0	0	NaN
197	IMG01459.JPG	2.075	1.699	0	0	0	NaN
198	IMG01459.JPG	2.371	0.696	0	0	0	NaN
199	IMG01459.JPG	3.032	0.725	0	0	0	NaN
200	IMG01459.JPG	3.293	1.612	0	0	0	NaN
201	IMG01458.JPG	2.18	2.128	0	0	0	NaN
202	IMG01458.JPG	2.104	1.693	0	0	0	NaN
203	IMG01458.JPG	3.409	1.652	0	0	0	NaN
204	IMG01458.JPG	3.339	2.075	0	0	0	NaN
205	IMG01458.JPG	2.214	1.681	0	0	0	NaN
206	IMG01458.JPG	2.458	0.788	0	0	0	NaN
207	IMG01458.JPG	3.055	0.783	0	0	0	NaN
208	IMG01458.JPG	3.333	1.641	0	0	0	NaN
209	IMG01457.JPG	2.058	2.122	0	0	0	NaN
210	IMG01457.JPG	2	1.641	0	0	0	NaN
211	IMG01457.JPG	3.496	1.617	0	0	0	NaN
212	IMG01457.JPG	3.49	2.139	0	0	0	NaN
213	IMG01457.JPG	2.157	1.617	0	0	0	NaN
214	IMG01457.JPG	2.406	0.835	0	0	0	NaN
215	IMG01457.JPG	3.119	0.806	0	0	0	NaN
216	IMG01457.JPG	3.386	1.583	0	0	0	NaN
217	IMG01456.JPG	2.186	2.017	0	0	0	NaN
218	IMG01456.JPG	2.157	1.658	0	0	0	NaN
219	IMG01456.JPG	3.409	1.646	0	0	0	NaN
220	IMG01456.JPG	3.322	2.058	0	0	0	NaN
221	IMG01456.JPG	2.249	1.623	0	0	0	NaN
222	IMG01456.JPG	2.464	0.846	0	0	0	NaN
223	IMG01456.JPG	3.078	0.829	0	0	0	NaN
224	IMG01456.JPG	3.293	1.623	0	0	0	NaN
225	IMG01455.JPG	2.116	2.168	0	0	0	NaN
226	IMG01455.JPG	2.006	1.635	0	0	0	NaN
227	IMG01455.JPG	3.496	1.571	0	0	0	NaN
228	IMG01455.JPG	3.525	2.11	0	0	0	NaN
229	IMG01455.JPG	2.174	1.617	0	0	0	NaN
230	IMG01455.JPG	2.47	0.806	0	0	0	NaN
231	IMG01455.JPG	3.125	0.754	0	0	0	NaN
232	IMG01455.JPG	3.374	1.577	0	0	0	NaN
233	IMG01454.JPG	2.081	2.162	0	0	0	NaN
234	IMG01454.JPG	2.058	1.617	0	0	0	NaN
235	IMG01454.JPG	3.536	1.641	0	0	0	NaN
236	IMG01454.JPG	3.478	2.151	0	0	0	NaN
237	IMG01454.JPG	2.203	1.617	0	0	0	NaN
238	IMG01454.JPG	2.458	0.823	0	0	0	NaN
239	IMG01454.JPG	3.165	0.788	0	0	0	NaN
240	IMG01454.JPG	3.426	1.606	0	0	0	NaN
241	IMG01453.JPG	2.104	2.046	0	0	0	NaN
242	IMG01453.JPG	2.099	1.687	0	0	0	NaN
243	IMG01453.JPG	3.519	1.606	0	0	0	NaN
244	IMG01453.JPG	3.49	2.052	0	0	0	NaN
245	IMG01453.JPG	2.209	1.617	0	0	0	NaN
246	IMG01453.JPG	2.423	0.875	0	0	0	NaN
247	IMG01453.JPG	3.159	0.87	0	0	0	NaN
248	IMG01453.JPG	3.397	1.635	0	0	0	NaN
249	IMG01452.JPG	2.041	2.11	0	0	0	NaN
250	IMG01452.JPG	1.988	1.675	0	0	0	NaN
251	IMG01452.JPG	3.374	1.646	0	0	0	NaN
252	IMG01452.JPG	3.322	2.07	0	0	0	NaN
253	IMG01452.JPG	2.157	1.617	0	0	0	NaN
254	IMG01452.JPG	2.412	0.806	0	0	0	NaN
255	IMG01452.JPG	3.101	0.8	0	0	0	NaN
256	IMG01452.JPG	3.27	1.646	0	0	0	NaN
257	IMG01451.JPG	2.168	2.023	0	0	0	NaN
258	IMG01451.JPG	2.116	1.594	0	0	0	NaN
259	IMG01451.JPG	3.438	1.583	0	0	0	NaN
260	IMG01451.JPG	3.386	1.971	0	0	0	NaN
261	IMG01451.JPG	2.243	1.588	0	0	0	NaN
262	IMG01451.JPG	2.452	0.777	0	0	0	NaN
263	IMG01451.JPG	3.13	0.771	0	0	0	NaN
264	IMG01451.JPG	3.345	1.606	0	0	0	NaN
265	IMG01450.JPG	2.162	2.099	0	0	0	NaN
266	IMG01450.JPG	2.075	1.612	0	0	0	NaN
267	IMG01450.JPG	3.461	1.594	0	0	0	NaN
268	IMG01450.JPG	3.368	2.046	0	0	0	NaN
269	IMG01450.JPG	2.214	1.554	0	0	0	NaN
270	IMG01450.JPG	2.423	0.771	0	0	0	NaN
271	IMG01450.JPG	3.125	0.754	0	0	0	NaN
272	IMG01450.JPG	3.357	1.577	0	0	0	NaN
273	IMG01449.JPG	2.209	2.052	0	0	0	NaN
274	IMG01449.JPG	2.151	1.658	0	0	0	NaN
275	IMG01449.JPG	3.362	1.571	0	0	0	NaN
276	IMG01449.JPG	3.357	2.041	0	0	0	NaN
277	IMG01449.JPG	2.301	1.641	0	0	0	NaN
278	IMG01449.JPG	2.516	0.846	0	0	0	NaN
279	IMG01449.JPG	3.014	0.841	0	0	0	NaN
280	IMG01449.JPG	3.264	1.617	0	0	0	NaN
281	IMG01448.JPG	2.267	1.936	0	0	0	NaN
282	IMG01448.JPG	2.197	1.623	0	0	0	NaN
283	IMG01448.JPG	3.391	1.594	0	0	0	NaN
284	IMG01448.JPG	3.345	1.913	0	0	0	NaN
285	IMG01448.JPG	2.313	1.606	0	0	0	NaN
286	IMG01448.JPG	2.539	0.87	0	0	0	NaN
287	IMG01448.JPG	3.09	0.87	0	0	0	NaN
288	IMG01448.JPG	3.275	1.629	0	0	0	NaN
289	IMG01447.JPG	2.18	1.954	0	0	0	NaN
290	IMG01447.JPG	2.128	1.583	0	0	0	NaN
291	IMG01447.JPG	3.467	1.577	0	0	0	NaN
292	IMG01447.JPG	3.426	1.994	0	0	0	NaN
293	IMG01447.JPG	2.249	1.577	0	0	0	NaN
294	IMG01447.JPG	2.429	0.783	0	0	0	NaN
295	IMG01447.JPG	3.09	0.788	0	0	0	NaN
296	IMG01447.JPG	3.333	1.571	0	0	0	NaN
297	IMG01446.JPG	2.243	2.017	0	0	0	NaN
298	IMG01446.JPG	2.145	1.693	0	0	0	NaN
299	IMG01446.JPG	3.38	1.617	0	0	0	NaN
300	IMG01446.JPG	3.351	1.994	0	0	0	NaN
301	IMG01446.JPG	2.243	1.658	0	0	0	NaN
302	IMG01446.JPG	2.441	0.852	0	0	0	NaN
303	IMG01446.JPG	3.096	0.841	0	0	0	NaN
304	IMG01446.JPG	3.293	1.565	0	0	0	NaN
305	IMG01445.JPG	2.191	1.942	0	0	0	NaN
306	IMG01445.JPG	2.191	1.588	0	0	0	NaN
307	IMG01445.JPG	3.42	1.583	0	0	0	NaN
308	IMG01445.JPG	3.397	1.971	0	0	0	NaN
309	IMG01445.JPG	2.325	1.565	0	0	0	NaN
310	IMG01445.JPG	2.58	0.91	0	0	0	NaN
311	IMG01445.JPG	3.142	0.881	0	0	0	NaN
312	IMG01445.JPG	3.316	1.617	0	0	0	NaN
313	IMG01444.JPG	2.226	2.157	0	0	0	NaN
314	IMG01444.JPG	2.099	1.687	0	0	0	NaN
315	IMG01444.JPG	3.519	1.67	0	0	0	NaN
316	IMG01444.JPG	3.432	2.162	0	0	0	NaN
317	IMG01444.JPG	2.197	1.646	0	0	0	NaN
318	IMG01444.JPG	2.435	0.887	0	0	0	NaN
319	IMG01444.JPG	3.148	0.846	0	0	0	NaN
320	IMG01444.JPG	3.414	1.658	0	0	0	NaN
321	IMG01443.JPG	2.116	1.994	0	0	0	NaN
322	IMG01443.JPG	2.075	1.687	0	0	0	NaN
323	IMG01443.JPG	3.409	1.67	0	0	0	NaN
324	IMG01443.JPG	3.409	2.041	0	0	0	NaN
325	IMG01443.JPG	2.214	1.646	0	0	0	NaN
326	IMG01443.JPG	2.394	0.812	0	0	0	NaN
327	IMG01443.JPG	3.148	0.736	0	0	0	NaN
328	IMG01443.JPG	3.328	1.652	0	0	0	NaN
329	IMG01442.JPG	2.104	2.064	0	0	0	NaN
330	IMG01442.JPG	2	1.652	0	0	0	NaN
331	IMG01442.JPG	3.542	1.594	0	0	0	NaN
332	IMG01442.JPG	3.507	2.029	0	0	0	NaN
333	IMG01442.JPG	2.168	1.635	0	0	0	NaN
334	IMG01442.JPG	2.458	0.812	0	0	0	NaN
335	IMG01442.JPG	3.148	0.759	0	0	0	NaN
336	IMG01442.JPG	3.374	1.588	0	0	0	NaN
337	IMG01441.JPG	2.243	2.081	0	0	0	NaN
338	IMG01441.JPG	2.116	1.606	0	0	0	NaN
339	IMG01441.JPG	3.542	1.571	0	0	0	NaN
340	IMG01441.JPG	3.484	2.064	0	0	0	NaN
341	IMG01441.JPG	2.267	1.571	0	0	0	NaN
342	IMG01441.JPG	2.533	0.736	0	0	0	NaN
343	IMG01441.JPG	3.188	0.678	0	0	0	NaN
344	IMG01441.JPG	3.438	1.571	0	0	0	NaN
345	IMG01440.JPG	2.023	2.18	0	0	0	NaN
346	IMG01440.JPG	2.058	1.664	0	0	0	NaN
347	IMG01440.JPG	3.414	1.71	0	0	0	NaN
348	IMG01440.JPG	3.449	2.232	0	0	0	NaN
349	IMG01440.JPG	2.232	1.623	0	0	0	NaN
350	IMG01440.JPG	2.412	0.928	0	0	0	NaN
351	IMG01440.JPG	3.142	0.928	0	0	0	NaN
352	IMG01440.JPG	3.304	1.71	0	0	0	NaN
353	IMG01439.JPG	2.261	2.075	0	0	0	NaN
354	IMG01439.JPG	2.162	1.786	0	0	0	NaN
355	IMG01439.JPG	3.449	1.606	0	0	0	NaN
356	IMG01439.JPG	3.38	1.983	0	0	0	NaN
357	IMG01439.JPG	2.278	1.699	0	0	0	NaN
358	IMG01439.JPG	2.481	0.806	0	0	0	NaN
359	IMG01439.JPG	3.107	0.783	0	0	0	NaN
360	IMG01439.JPG	3.357	1.571	0	0	0	NaN
361	IMG01438.JPG	2.249	1.948	0	0	0	NaN
362	IMG01438.JPG	2.191	1.617	0	0	0	NaN
363	IMG01438.JPG	3.49	1.559	0	0	0	NaN
364	IMG01438.JPG	3.449	1.925	0	0	0	NaN
365	IMG01438.JPG	2.301	1.588	0	0	0	NaN
366	IMG01438.JPG	2.626	0.812	0	0	0	NaN
367	IMG01438.JPG	3.188	0.777	0	0	0	NaN
368	IMG01438.JPG	3.409	1.577	0	0	0	NaN
369	IMG01436.JPG	2.11	2.075	0	0	0	NaN
370	IMG01436.JPG	2.058	1.588	0	0	0	NaN
371	IMG01436.JPG	3.438	1.548	0	0	0	NaN
372	IMG01436.JPG	3.49	2.017	0	0	0	NaN
373	IMG01436.JPG	2.191	1.606	0	0	0	NaN
374	IMG01436.JPG	2.452	0.829	0	0	0	NaN
375	IMG01436.JPG	3.078	0.8	0	0	0	NaN
376	IMG01436.JPG	3.316	1.559	0	0	0	NaN
377	IMG01435.JPG	2.139	2.012	0	0	0	NaN
378	IMG01435.JPG	2.116	1.652	0	0	0	NaN
379	IMG01435.JPG	3.467	1.594	0	0	0	NaN
380	IMG01435.JPG	3.455	1.988	0	0	0	NaN
381	IMG01435.JPG	2.22	1.641	0	0	0	NaN
382	IMG01435.JPG	2.446	0.841	0	0	0	NaN
383	IMG01435.JPG	3.125	0.8	0	0	0	NaN
384	IMG01435.JPG	3.391	1.588	0	0	0	NaN
385	IMG01434.JPG	2.18	2.046	0	0	0	NaN
386	IMG01434.JPG	2.081	1.681	0	0	0	NaN
387	IMG01434.JPG	3.438	1.623	0	0	0	NaN
388	IMG01434.JPG	3.414	2.035	0	0	0	NaN
389	IMG01434.JPG	2.238	1.583	0	0	0	NaN
390	IMG01434.JPG	2.435	0.864	0	0	0	NaN
391	IMG01434.JPG	3.113	0.812	0	0	0	NaN
392	IMG01434.JPG	3.345	1.617	0	0	0	NaN
393	IMG01433.JPG	2.093	2.058	0	0	0	NaN
394	IMG01433.JPG	2.041	1.641	0	0	0	NaN
395	IMG01433.JPG	3.449	1.646	0	0	0	NaN
396	IMG01433.JPG	3.38	2.099	0	0	0	NaN
397	IMG01433.JPG	2.186	1.617	0	0	0	NaN
398	IMG01433.JPG	2.377	0.852	0	0	0	NaN
399	IMG01433.JPG	3.113	0.806	0	0	0	NaN
400	IMG01433.JPG	3.333	1.641	0	0	0	NaN
401	IMG01432.JPG	2.151	1.936	0	0	0	NaN
402	IMG01432.JPG	2.023	1.542	0	0	0	NaN
403	IMG01432.JPG	3.519	1.519	0	0	0	NaN
404	IMG01432.JPG	3.478	1.919	0	0	0	NaN
405	IMG01432.JPG	2.191	1.53	0	0	0	NaN
406	IMG01432.JPG	2.516	0.707	0	0	0	NaN
407	IMG01432.JPG	3.206	0.661	0	0	0	NaN
408	IMG01432.JPG	3.386	1.501	0	0	0	NaN
409	IMG01431.JPG	2.058	1.913	0	0	0	NaN
410	IMG01431.JPG	1.977	1.565	0	0	0	NaN
411	IMG01431.JPG	3.501	1.519	0	0	0	NaN
412	IMG01431.JPG	3.478	1.913	0	0	0	NaN
413	IMG01431.JPG	2.162	1.548	0	0	0	NaN
414	IMG01431.JPG	2.4	0.806	0	0	0	NaN
415	IMG01431.JPG	3.13	0.742	0	0	0	NaN
416	IMG01431.JPG	3.357	1.53	0	0	0	NaN
417	IMG01430.JPG	2.209	2.035	0	0	0	NaN
418	IMG01430.JPG	2.168	1.617	0	0	0	NaN
419	IMG01430.JPG	3.53	1.588	0	0	0	NaN
420	IMG01430.JPG	3.513	2.029	0	0	0	NaN
421	IMG01430.JPG	2.319	1.606	0	0	0	NaN
422	IMG01430.JPG	2.603	0.916	0	0	0	NaN
423	IMG01430.JPG	3.206	0.864	0	0	0	NaN
424	IMG01430.JPG	3.397	1.588	0	0	0	NaN
425	IMG01429.JPG	2.174	1.971	0	0	0	NaN
426	IMG01429.JPG	2.104	1.606	0	0	0	NaN
427	IMG01429.JPG	3.519	1.53	0	0	0	NaN
428	IMG01429.JPG	3.519	1.936	0	0	0	NaN
429	IMG01429.JPG	2.243	1.548	0	0	0	NaN
430	IMG01429.JPG	2.47	0.794	0	0	0	NaN
431	IMG01429.JPG	3.177	0.794	0	0	0	NaN
432	IMG01429.JPG	3.403	1.525	0	0	0	NaN
433	IMG01428.JPG	2.128	1.988	0	0	0	NaN
434	IMG01428.JPG	2.041	1.612	0	0	0	NaN
435	IMG01428.JPG	3.525	1.571	0	0	0	NaN
436	IMG01428.JPG	3.49	1.977	0	0	0	NaN
437	IMG01428.JPG	2.22	1.577	0	0	0	NaN
438	IMG01428.JPG	2.516	0.765	0	0	0	NaN
439	IMG01428.JPG	3.188	0.73	0	0	0	NaN
440	IMG01428.JPG	3.391	1.542	0	0	0	NaN
441	IMG01427.JPG	2.058	1.971	0	0	0	NaN
442	IMG01427.JPG	1.965	1.594	0	0	0	NaN
443	IMG01427.JPG	3.455	1.606	0	0	0	NaN
444	IMG01427.JPG	3.391	1.983	0	0	0	NaN
445	IMG01427.JPG	2.145	1.583	0	0	0	NaN
446	IMG01427.JPG	2.406	0.794	0	0	0	NaN
447	IMG01427.JPG	3.142	0.759	0	0	0	NaN
448	IMG01427.JPG	3.31	1.559	0	0	0	NaN
449	IMG01426.JPG	2.104	1.977	0	0	0	NaN
450	IMG01426.JPG	2.029	1.629	0	0	0	NaN
451	IMG01426.JPG	3.513	1.554	0	0	0	NaN
452	IMG01426.JPG	3.507	1.959	0	0	0	NaN
453	IMG01426.JPG	2.214	1.594	0	0	0	NaN
454	IMG01426.JPG	2.464	0.835	0	0	0	NaN
455	IMG01426.JPG	3.194	0.783	0	0	0	NaN
456	IMG01426.JPG	3.403	1.583	0	0	0	NaN
457	mIMG01437.tif	2.116	1.954	0	0	0	NaN
458	mIMG01437.tif	2.052	1.629	0	0	0	NaN
459	mIMG01437.tif	3.386	1.641	0	0	0	NaN
460	mIMG01437.tif	3.38	2.006	0	0	0	NaN
461	mIMG01437.tif	2.191	1.629	0	0	0	NaN
462	mIMG01437.tif	2.464	0.974	0	0	0	NaN
463	mIMG01437.tif	3.084	0.951	0	0	0	NaN
464	mIMG01437.tif	3.316	1.641	0	0	0	NaN
465	IMG01425.JPG	2.081	1.948	0	0	0	NaN
466	IMG01425.JPG	2.041	1.606	0	0	0	NaN
467	IMG01425.JPG	3.513	1.594	0	0	0	NaN
468	IMG01425.JPG	3.501	2	0	0	0	NaN
469	IMG01425.JPG	2.209	1.583	0	0	0	NaN
470	IMG01425.JPG	2.446	0.835	0	0	0	NaN
471	IMG01425.JPG	3.177	0.788	0	0	0	NaN
472	IMG01425.JPG	3.391	1.583	0	0	0	NaN
473	IMG01424.JPG	2.128	2	0	0	0	NaN
474	IMG01424.JPG	2.093	1.6	0	0	0	NaN
475	IMG01424.JPG	3.42	1.583	0	0	0	NaN
476	IMG01424.JPG	3.397	2.029	0	0	0	NaN
477	IMG01424.JPG	2.238	1.571	0	0	0	NaN
478	IMG01424.JPG	2.522	0.87	0	0	0	NaN
479	IMG01424.JPG	3.101	0.846	0	0	0	NaN
480	IMG01424.JPG	3.293	1.577	0	0	0	NaN
481	IMG01423.JPG	2.11	1.942	0	0	0	NaN
482	IMG01423.JPG	2.064	1.571	0	0	0	NaN
483	IMG01423.JPG	3.507	1.629	0	0	0	NaN
484	IMG01423.JPG	3.513	1.988	0	0	0	NaN
485	IMG01423.JPG	2.214	1.542	0	0	0	NaN
486	IMG01423.JPG	2.487	0.817	0	0	0	NaN
487	IMG01423.JPG	3.177	0.806	0	0	0	NaN
488	IMG01423.JPG	3.397	1.588	0	0	0	NaN
489	IMG01422.JPG	2.064	1.93	0	0	0	NaN
490	IMG01422.JPG	2.046	1.606	0	0	0	NaN
491	IMG01422.JPG	3.374	1.612	0	0	0	NaN
492	IMG01422.JPG	3.38	2.035	0	0	0	NaN
493	IMG01422.JPG	2.162	1.612	0	0	0	NaN
494	IMG01422.JPG	2.481	0.812	0	0	0	NaN
495	IMG01422.JPG	3.078	0.829	0	0	0	NaN
496	IMG01422.JPG	3.287	1.612	0	0	0	NaN
497	IMG01421.JPG	2.22	2.035	0	0	0	NaN
498	IMG01421.JPG	2.151	1.664	0	0	0	NaN
499	IMG01421.JPG	3.374	1.646	0	0	0	NaN
500	IMG01421.JPG	3.31	2.099	0	0	0	NaN
501	IMG01421.JPG	2.278	1.623	0	0	0	NaN
502	IMG01421.JPG	2.429	0.875	0	0	0	NaN
503	IMG01421.JPG	3.043	0.87	0	0	0	NaN
504	IMG01421.JPG	3.275	1.6	0	0	0	NaN
505	IMG01420.JPG	2.07	2.099	0	0	0	NaN
506	IMG01420.JPG	1.994	1.652	0	0	0	NaN
507	IMG01420.JPG	3.484	1.681	0	0	0	NaN
508	IMG01420.JPG	3.426	2.157	0	0	0	NaN
509	IMG01420.JPG	2.151	1.635	0	0	0	NaN
510	IMG01420.JPG	2.464	0.765	0	0	0	NaN
511	IMG01420.JPG	3.159	0.754	0	0	0	NaN
512	IMG01420.JPG	3.374	1.646	0	0	0	NaN
513	IMG01419.JPG	2.255	1.919	0	0	0	NaN
514	IMG01419.JPG	2.145	1.577	0	0	0	NaN
515	IMG01419.JPG	3.391	1.612	0	0	0	NaN
516	IMG01419.JPG	3.287	1.942	0	0	0	NaN
517	IMG01419.JPG	2.238	1.554	0	0	0	NaN
518	IMG01419.JPG	2.464	0.73	0	0	0	NaN
519	IMG01419.JPG	3.067	0.719	0	0	0	NaN
520	IMG01419.JPG	3.299	1.583	0	0	0	NaN
521	IMG01418.JPG	2.243	2.104	0	0	0	NaN
522	IMG01418.JPG	2.151	1.716	0	0	0	NaN
523	IMG01418.JPG	3.519	1.652	0	0	0	NaN
524	IMG01418.JPG	3.426	2.064	0	0	0	NaN
525	IMG01418.JPG	2.243	1.693	0	0	0	NaN
526	IMG01418.JPG	2.487	0.846	0	0	0	NaN
527	IMG01418.JPG	3.148	0.858	0	0	0	NaN
528	IMG01418.JPG	3.374	1.635	0	0	0	NaN
529	IMG01417.JPG	2.18	2.139	0	0	0	NaN
530	IMG01417.JPG	2.104	1.681	0	0	0	NaN
531	IMG01417.JPG	3.484	1.623	0	0	0	NaN
532	IMG01417.JPG	3.374	2.099	0	0	0	NaN
533	IMG01417.JPG	2.284	1.658	0	0	0	NaN
534	IMG01417.JPG	2.487	0.986	0	0	0	NaN
535	IMG01417.JPG	3.154	0.951	0	0	0	NaN
536	IMG01417.JPG	3.328	1.635	0	0	0	NaN
537	IMG01416.JPG	2.151	2.023	0	0	0	NaN
538	IMG01416.JPG	2.122	1.693	0	0	0	NaN
539	IMG01416.JPG	3.49	1.658	0	0	0	NaN
540	IMG01416.JPG	3.467	2.041	0	0	0	NaN
541	IMG01416.JPG	2.203	1.629	0	0	0	NaN
542	IMG01416.JPG	2.446	0.852	0	0	0	NaN
543	IMG01416.JPG	3.096	0.835	0	0	0	NaN
544	IMG01416.JPG	3.386	1.675	0	0	0	NaN
545	IMG01415.JPG	2.209	1.977	0	0	0	NaN
546	IMG01415.JPG	2.157	1.612	0	0	0	NaN
547	IMG01415.JPG	3.467	1.588	0	0	0	NaN
548	IMG01415.JPG	3.426	1.948	0	0	0	NaN
549	IMG01415.JPG	2.284	1.583	0	0	0	NaN
550	IMG01415.JPG	2.458	0.788	0	0	0	NaN
551	IMG01415.JPG	3.154	0.759	0	0	0	NaN
552	IMG01415.JPG	3.357	1.571	0	0	0	NaN
553	IMG01414.JPG	2.128	2.029	0	0	0	NaN
554	IMG01414.JPG	2.11	1.641	0	0	0	NaN
555	IMG01414.JPG	3.351	1.664	0	0	0	NaN
556	IMG01414.JPG	3.351	2.052	0	0	0	NaN
557	IMG01414.JPG	2.22	1.629	0	0	0	NaN
558	IMG01414.JPG	2.435	0.846	0	0	0	NaN
559	IMG01414.JPG	3.125	0.829	0	0	0	NaN
560	IMG01414.JPG	3.281	1.623	0	0	0	NaN
561	IMG01413.JPG	2.203	2.046	0	0	0	NaN
562	IMG01413.JPG	2.133	1.664	0	0	0	NaN
563	IMG01413.JPG	3.548	1.664	0	0	0	NaN
564	IMG01413.JPG	3.461	2.07	0	0	0	NaN
565	IMG01413.JPG	2.272	1.646	0	0	0	NaN
566	IMG01413.JPG	2.487	0.742	0	0	0	NaN
567	IMG01413.JPG	3.212	0.725	0	0	0	NaN
568	IMG01413.JPG	3.484	1.658	0	0	0	NaN
569	IMG01412.JPG	2.272	2.075	0	0	0	NaN
570	IMG01412.JPG	2.133	1.699	0	0	0	NaN
571	IMG01412.JPG	3.472	1.594	0	0	0	NaN
572	IMG01412.JPG	3.478	2	0	0	0	NaN
573	IMG01412.JPG	2.296	1.641	0	0	0	NaN
574	IMG01412.JPG	2.551	0.864	0	0	0	NaN
575	IMG01412.JPG	3.154	0.852	0	0	0	NaN
576	IMG01412.JPG	3.386	1.617	0	0	0	NaN
577	IMG01411.JPG	2.255	2.041	0	0	0	NaN
578	IMG01411.JPG	2.145	1.6	0	0	0	NaN
579	IMG01411.JPG	3.42	1.6	0	0	0	NaN
580	IMG01411.JPG	3.362	2.052	0	0	0	NaN
581	IMG01411.JPG	2.278	1.571	0	0	0	NaN
582	IMG01411.JPG	2.516	0.817	0	0	0	NaN
583	IMG01411.JPG	3.125	0.794	0	0	0	NaN
584	IMG01411.JPG	3.357	1.6	0	0	0	NaN
585	IMG01410.JPG	2.191	2.18	0	0	0	NaN
586	IMG01410.JPG	2.035	1.757	0	0	0	NaN
587	IMG01410.JPG	3.507	1.675	0	0	0	NaN
588	IMG01410.JPG	3.519	2.099	0	0	0	NaN
589	IMG01410.JPG	2.238	1.704	0	0	0	NaN
590	IMG01410.JPG	2.348	0.997	0	0	0	NaN
591	IMG01410.JPG	3.049	0.887	0	0	0	NaN
592	IMG01410.JPG	3.368	1.606	0	0	0	NaN
593	IMG01409.JPG	2.255	2.029	0	0	0	NaN
594	IMG01409.JPG	2.168	1.641	0	0	0	NaN
595	IMG01409.JPG	3.536	1.583	0	0	0	NaN
596	IMG01409.JPG	3.461	2.023	0	0	0	NaN
597	IMG01409.JPG	2.307	1.617	0	0	0	NaN
598	IMG01409.JPG	2.516	0.881	0	0	0	NaN
599	IMG01409.JPG	3.275	0.835	0	0	0	NaN
600	IMG01409.JPG	3.414	1.6	0	0	0	NaN
601	IMG01408.JPG	2.075	2.07	0	0	0	NaN
602	IMG01408.JPG	2.023	1.577	0	0	0	NaN
603	IMG01408.JPG	3.478	1.6	0	0	0	NaN
604	IMG01408.JPG	3.42	2.099	0	0	0	NaN
605	IMG01408.JPG	2.157	1.641	0	0	0	NaN
606	IMG01408.JPG	2.452	0.777	0	0	0	NaN
607	IMG01408.JPG	3.107	0.765	0	0	0	NaN
608	IMG01408.JPG	3.368	1.652	0	0	0	NaN
609	IMG01407.JPG	2.151	2.012	0	0	0	NaN
610	IMG01407.JPG	2.087	1.641	0	0	0	NaN
611	IMG01407.JPG	3.409	1.623	0	0	0	NaN
612	IMG01407.JPG	3.438	2	0	0	0	NaN
613	IMG01407.JPG	2.267	1.617	0	0	0	NaN
614	IMG01407.JPG	2.504	0.742	0	0	0	NaN
615	IMG01407.JPG	3.055	0.759	0	0	0	NaN
616	IMG01407.JPG	3.287	1.635	0	0	0	NaN
617	IMG01406.JPG	2.174	1.901	0	0	0	NaN
618	IMG01406.JPG	2.11	1.583	0	0	0	NaN
619	IMG01406.JPG	3.449	1.571	0	0	0	NaN
620	IMG01406.JPG	3.357	1.994	0	0	0	NaN
621	IMG01406.JPG	2.261	1.583	0	0	0	NaN
622	IMG01406.JPG	2.452	0.771	0	0	0	NaN
623	IMG01406.JPG	3.183	0.748	0	0	0	NaN
624	IMG01406.JPG	3.357	1.571	0	0	0	NaN
625	IMG01405.JPG	2.209	1.942	0	0	0	NaN
626	IMG01405.JPG	2.157	1.612	0	0	0	NaN
627	IMG01405.JPG	3.414	1.583	0	0	0	NaN
628	IMG01405.JPG	3.322	1.954	0	0	0	NaN
629	IMG01405.JPG	2.261	1.6	0	0	0	NaN
630	IMG01405.JPG	2.446	0.841	0	0	0	NaN
631	IMG01405.JPG	3.072	0.794	0	0	0	NaN
632	IMG01405.JPG	3.293	1.577	0	0	0	NaN
633	IMG01404.JPG	2.099	1.942	0	0	0	NaN
634	IMG01404.JPG	2.052	1.67	0	0	0	NaN
635	IMG01404.JPG	3.316	1.612	0	0	0	NaN
636	IMG01404.JPG	3.281	1.942	0	0	0	NaN
637	IMG01404.JPG	2.168	1.641	0	0	0	NaN
638	IMG01404.JPG	2.365	0.864	0	0	0	NaN
639	IMG01404.JPG	3.072	0.806	0	0	0	NaN
640	IMG01404.JPG	3.194	1.623	0	0	0	NaN
641	IMG01403.JPG	2.157	2.081	0	0	0	NaN
642	IMG01403.JPG	2.093	1.646	0	0	0	NaN
643	IMG01403.JPG	3.472	1.577	0	0	0	NaN
644	IMG01403.JPG	3.443	2.058	0	0	0	NaN
645	IMG01403.JPG	2.261	1.635	0	0	0	NaN
646	IMG01403.JPG	2.452	0.893	0	0	0	NaN
647	IMG01403.JPG	3.125	0.852	0	0	0	NaN
648	IMG01403.JPG	3.357	1.571	0	0	0	NaN
649	IMG01402.JPG	2.145	1.948	0	0	0	NaN
650	IMG01402.JPG	2.128	1.594	0	0	0	NaN
651	IMG01402.JPG	3.397	1.53	0	0	0	NaN
652	IMG01402.JPG	3.438	1.971	0	0	0	NaN
653	IMG01402.JPG	2.267	1.588	0	0	0	NaN
654	IMG01402.JPG	2.481	0.841	0	0	0	NaN
655	IMG01402.JPG	3.107	0.852	0	0	0	NaN
656	IMG01402.JPG	3.304	1.542	0	0	0	NaN
657	IMG01401.JPG	2.139	2.128	0	0	0	NaN
658	IMG01401.JPG	2.052	1.629	0	0	0	NaN
659	IMG01401.JPG	3.426	1.588	0	0	0	NaN
660	IMG01401.JPG	3.432	2.139	0	0	0	NaN
661	IMG01401.JPG	2.209	1.617	0	0	0	NaN
662	IMG01401.JPG	2.487	0.928	0	0	0	NaN
663	IMG01401.JPG	3.078	0.864	0	0	0	NaN
664	IMG01401.JPG	3.351	1.565	0	0	0	NaN
665	IMG01400.JPG	2.168	2.081	0	0	0	NaN
666	IMG01400.JPG	2.052	1.623	0	0	0	NaN
667	IMG01400.JPG	3.461	1.623	0	0	0	NaN
668	IMG01400.JPG	3.443	2.128	0	0	0	NaN
669	IMG01400.JPG	2.232	1.612	0	0	0	NaN
670	IMG01400.JPG	2.452	0.794	0	0	0	NaN
671	IMG01400.JPG	3.136	0.783	0	0	0	NaN
672	IMG01400.JPG	3.345	1.617	0	0	0	NaN
673	IMG01399.JPG	2.255	2.168	0	0	0	NaN
674	IMG01399.JPG	2.099	1.606	0	0	0	NaN
675	IMG01399.JPG	3.484	1.606	0	0	0	NaN
676	IMG01399.JPG	3.42	2.145	0	0	0	NaN
677	IMG01399.JPG	2.255	1.594	0	0	0	NaN
678	IMG01399.JPG	2.545	0.777	0	0	0	NaN
679	IMG01399.JPG	3.159	0.742	0	0	0	NaN
680	IMG01399.JPG	3.316	1.559	0	0	0	NaN
681	IMG01398.JPG	2.128	1.988	0	0	0	NaN
682	IMG01398.JPG	2.041	1.623	0	0	0	NaN
683	IMG01398.JPG	3.409	1.617	0	0	0	NaN
684	IMG01398.JPG	3.38	2.006	0	0	0	NaN
685	IMG01398.JPG	2.168	1.635	0	0	0	NaN
686	IMG01398.JPG	2.446	0.817	0	0	0	NaN
687	IMG01398.JPG	3.09	0.777	0	0	0	NaN
688	IMG01398.JPG	3.328	1.623	0	0	0	NaN
689	IMG01397.JPG	2.145	2	0	0	0	NaN
690	IMG01397.JPG	2.041	1.652	0	0	0	NaN
691	IMG01397.JPG	3.409	1.617	0	0	0	NaN
692	IMG01397.JPG	3.362	2.029	0	0	0	NaN
693	IMG01397.JPG	2.145	1.658	0	0	0	NaN
694	IMG01397.JPG	2.435	0.8	0	0	0	NaN
695	IMG01397.JPG	3.038	0.794	0	0	0	NaN
696	IMG01397.JPG	3.299	1.629	0	0	0	NaN
697	IMG01396.JPG	2.099	2.122	0	0	0	NaN
698	IMG01396.JPG	2.046	1.6	0	0	0	NaN
699	IMG01396.JPG	3.513	1.612	0	0	0	NaN
700	IMG01396.JPG	3.443	2.174	0	0	0	NaN
701	IMG01396.JPG	2.22	1.588	0	0	0	NaN
702	IMG01396.JPG	2.417	0.701	0	0	0	NaN
703	IMG01396.JPG	3.171	0.655	0	0	0	NaN
704	IMG01396.JPG	3.409	1.635	0	0	0	NaN
705	IMG01395.JPG	2.209	2	0	0	0	NaN
706	IMG01395.JPG	2.104	1.664	0	0	0	NaN
707	IMG01395.JPG	3.414	1.641	0	0	0	NaN
708	IMG01395.JPG	3.345	1.977	0	0	0	NaN
709	IMG01395.JPG	2.22	1.635	0	0	0	NaN
710	IMG01395.JPG	2.504	0.933	0	0	0	NaN
711	IMG01395.JPG	3.101	0.957	0	0	0	NaN
712	IMG01395.JPG	3.316	1.617	0	0	0	NaN
713	IMG01394.JPG	2.209	2.087	0	0	0	NaN
714	IMG01394.JPG	2.139	1.623	0	0	0	NaN
715	IMG01394.JPG	3.432	1.583	0	0	0	NaN
716	IMG01394.JPG	3.386	2.041	0	0	0	NaN
717	IMG01394.JPG	2.29	1.623	0	0	0	NaN
718	IMG01394.JPG	2.475	0.939	0	0	0	NaN
719	IMG01394.JPG	3.119	0.904	0	0	0	NaN
720	IMG01394.JPG	3.328	1.571	0	0	0	NaN
721	IMG01393.JPG	2.133	1.965	0	0	0	NaN
722	IMG01393.JPG	2.128	1.554	0	0	0	NaN
723	IMG01393.JPG	3.386	1.583	0	0	0	NaN
724	IMG01393.JPG	3.368	1.977	0	0	0	NaN
725	IMG01393.JPG	2.22	1.559	0	0	0	NaN
726	IMG01393.JPG	2.429	0.91	0	0	0	NaN
727	IMG01393.JPG	3.072	0.893	0	0	0	NaN
728	IMG01393.JPG	3.287	1.559	0	0	0	NaN
729	IMG01392.JPG	2.214	2.046	0	0	0	NaN
730	IMG01392.JPG	2.139	1.617	0	0	0	NaN
731	IMG01392.JPG	3.391	1.606	0	0	0	NaN
732	IMG01392.JPG	3.403	2.029	0	0	0	NaN
733	IMG01392.JPG	2.261	1.6	0	0	0	NaN
734	IMG01392.JPG	2.458	0.916	0	0	0	NaN
735	IMG01392.JPG	3.072	0.875	0	0	0	NaN
736	IMG01392.JPG	3.293	1.6	0	0	0	NaN
737	IMG01391.JPG	2.133	1.994	0	0	0	NaN
738	IMG01391.JPG	2.052	1.617	0	0	0	NaN
739	IMG01391.JPG	3.443	1.577	0	0	0	NaN
740	IMG01391.JPG	3.351	2.035	0	0	0	NaN
741	IMG01391.JPG	2.197	1.606	0	0	0	NaN
742	IMG01391.JPG	2.33	0.87	0	0	0	NaN
743	IMG01391.JPG	3.159	0.777	0	0	0	NaN
744	IMG01391.JPG	3.304	1.6	0	0	0	NaN
745	IMG01390.JPG	2.301	1.983	0	0	0	NaN
746	IMG01390.JPG	2.209	1.594	0	0	0	NaN
747	IMG01390.JPG	3.414	1.588	0	0	0	NaN
748	IMG01390.JPG	3.287	1.954	0	0	0	NaN
749	IMG01390.JPG	2.325	1.565	0	0	0	NaN
750	IMG01390.JPG	2.562	0.742	0	0	0	NaN
751	IMG01390.JPG	3.154	0.719	0	0	0	NaN
752	IMG01390.JPG	3.287	1.548	0	0	0	NaN
753	IMG01389.JPG	2.18	2.035	0	0	0	NaN
754	IMG01389.JPG	2.116	1.67	0	0	0	NaN
755	IMG01389.JPG	3.472	1.606	0	0	0	NaN
756	IMG01389.JPG	3.443	2.029	0	0	0	NaN
757	IMG01389.JPG	2.243	1.617	0	0	0	NaN
758	IMG01389.JPG	2.516	0.841	0	0	0	NaN
759	IMG01389.JPG	3.043	0.812	0	0	0	NaN
760	IMG01389.JPG	3.345	1.594	0	0	0	NaN
761	IMG01388.JPG	2.029	2.104	0	0	0	NaN
762	IMG01388.JPG	1.948	1.635	0	0	0	NaN
763	IMG01388.JPG	3.617	1.629	0	0	0	NaN
764	IMG01388.JPG	3.449	2.191	0	0	0	NaN
765	IMG01388.JPG	2.081	1.594	0	0	0	NaN
766	IMG01388.JPG	2.441	0.638	0	0	0	NaN
767	IMG01388.JPG	3.194	0.614	0	0	0	NaN
768	IMG01388.JPG	3.525	1.588	0	0	0	NaN
769	IMG01387.JPG	2.035	2.162	0	0	0	NaN
770	IMG01387.JPG	1.988	1.67	0	0	0	NaN
771	IMG01387.JPG	3.565	1.658	0	0	0	NaN
772	IMG01387.JPG	3.467	2.174	0	0	0	NaN
773	IMG01387.JPG	2.145	1.623	0	0	0	NaN
774	IMG01387.JPG	2.481	0.73	0	0	0	NaN
775	IMG01387.JPG	3.096	0.707	0	0	0	NaN
776	IMG01387.JPG	3.414	1.646	0	0	0	NaN
777	IMG01386.JPG	2.162	2.093	0	0	0	NaN
778	IMG01386.JPG	2.041	1.739	0	0	0	NaN
779	IMG01386.JPG	3.409	1.704	0	0	0	NaN
780	IMG01386.JPG	3.374	2.099	0	0	0	NaN
781	IMG01386.JPG	2.209	1.71	0	0	0	NaN
782	IMG01386.JPG	2.435	0.817	0	0	0	NaN
783	IMG01386.JPG	3.049	0.812	0	0	0	NaN
784	IMG01386.JPG	3.322	1.664	0	0	0	NaN
785	IMG01385.JPG	2.116	2.209	0	0	0	NaN
786	IMG01385.JPG	2.07	1.687	0	0	0	NaN
787	IMG01385.JPG	3.438	1.652	0	0	0	NaN
788	IMG01385.JPG	3.397	2.162	0	0	0	NaN
789	IMG01385.JPG	2.191	1.658	0	0	0	NaN
790	IMG01385.JPG	2.371	0.87	0	0	0	NaN
791	IMG01385.JPG	3.119	0.864	0	0	0	NaN
792	IMG01385.JPG	3.322	1.681	0	0	0	NaN
793	IMG01384.JPG	2.035	2.075	0	0	0	NaN
794	IMG01384.JPG	2.012	1.71	0	0	0	NaN
795	IMG01384.JPG	3.542	1.67	0	0	0	NaN
796	IMG01384.JPG	3.525	2.093	0	0	0	NaN
797	IMG01384.JPG	2.168	1.664	0	0	0	NaN
798	IMG01384.JPG	2.446	0.875	0	0	0	NaN
799	IMG01384.JPG	3.159	0.875	0	0	0	NaN
800	IMG01384.JPG	3.403	1.635	0	0	0	NaN
801	mIMG01383.tif	2.058	2.214	0	0	0	NaN
802	mIMG01383.tif	1.965	1.704	0	0	0	NaN
803	mIMG01383.tif	3.519	1.623	0	0	0	NaN
804	mIMG01383.tif	3.438	2.226	0	0	0	NaN
805	mIMG01383.tif	2.186	1.6	0	0	0	NaN
806	mIMG01383.tif	2.423	0.812	0	0	0	NaN
807	mIMG01383.tif	3.148	0.788	0	0	0	NaN
808	mIMG01383.tif	3.333	1.646	0	0	0	NaN
809	IMG01382.JPG	2.11	2	0	0	0	NaN
810	IMG01382.JPG	2.041	1.577	0	0	0	NaN
811	IMG01382.JPG	3.484	1.617	0	0	0	NaN
812	IMG01382.JPG	3.438	2.041	0	0	0	NaN
813	IMG01382.JPG	2.174	1.571	0	0	0	NaN
814	IMG01382.JPG	2.435	0.759	0	0	0	NaN
815	IMG01382.JPG	3.113	0.713	0	0	0	NaN
816	IMG01382.JPG	3.391	1.559	0	0	0	NaN
817	IMG01381.JPG	2.255	1.983	0	0	0	NaN
818	IMG01381.JPG	2.145	1.577	0	0	0	NaN
819	IMG01381.JPG	3.42	1.554	0	0	0	NaN
820	IMG01381.JPG	3.38	1.919	0	0	0	NaN
821	IMG01381.JPG	2.278	1.559	0	0	0	NaN
822	IMG01381.JPG	2.487	0.812	0	0	0	NaN
823	IMG01381.JPG	3.136	0.754	0	0	0	NaN
824	IMG01381.JPG	3.316	1.588	0	0	0	NaN
825	IMG01380.JPG	2.232	2.041	0	0	0	NaN
826	IMG01380.JPG	2.081	1.617	0	0	0	NaN
827	IMG01380.JPG	3.432	1.6	0	0	0	NaN
828	IMG01380.JPG	3.391	2.081	0	0	0	NaN
829	IMG01380.JPG	2.243	1.606	0	0	0	NaN
830	IMG01380.JPG	2.499	0.614	0	0	0	NaN
831	IMG01380.JPG	3.159	0.614	0	0	0	NaN
832	IMG01380.JPG	3.368	1.571	0	0	0	NaN
833	IMG01379.JPG	2.128	2.017	0	0	0	NaN
834	IMG01379.JPG	2.075	1.635	0	0	0	NaN
835	IMG01379.JPG	3.409	1.6	0	0	0	NaN
836	IMG01379.JPG	3.27	2.064	0	0	0	NaN
837	IMG01379.JPG	2.203	1.559	0	0	0	NaN
838	IMG01379.JPG	2.446	0.846	0	0	0	NaN
839	IMG01379.JPG	3.067	0.806	0	0	0	NaN
840	IMG01379.JPG	3.264	1.617	0	0	0	NaN
841	IMG01378.JPG	2.116	2.07	0	0	0	NaN
842	IMG01378.JPG	2.07	1.6	0	0	0	NaN
843	IMG01378.JPG	3.368	1.646	0	0	0	NaN
844	IMG01378.JPG	3.328	2.157	0	0	0	NaN
845	IMG01378.JPG	2.18	1.606	0	0	0	NaN
846	IMG01378.JPG	2.354	0.696	0	0	0	NaN
847	IMG01378.JPG	3.084	0.655	0	0	0	NaN
848	IMG01378.JPG	3.275	1.646	0	0	0	NaN
849	IMG01377.JPG	2.099	2.11	0	0	0	NaN
850	IMG01377.JPG	2.052	1.739	0	0	0	NaN
851	IMG01377.JPG	3.49	1.658	0	0	0	NaN
852	IMG01377.JPG	3.438	2.099	0	0	0	NaN
853	IMG01377.JPG	2.151	1.716	0	0	0	NaN
854	IMG01377.JPG	2.481	0.939	0	0	0	NaN
855	IMG01377.JPG	3.061	0.962	0	0	0	NaN
856	IMG01377.JPG	3.386	1.641	0	0	0	NaN
857	IMG01376.JPG	2.041	2.099	0	0	0	NaN
858	IMG01376.JPG	2.023	1.606	0	0	0	NaN
859	IMG01376.JPG	3.53	1.583	0	0	0	NaN
860	IMG01376.JPG	3.461	2.139	0	0	0	NaN
861	IMG01376.JPG	2.151	1.571	0	0	0	NaN
862	IMG01376.JPG	2.441	0.87	0	0	0	NaN
863	IMG01376.JPG	3.096	0.875	0	0	0	NaN
864	IMG01376.JPG	3.357	1.6	0	0	0	NaN
865	IMG01375.JPG	2.017	2.11	0	0	0	NaN
866	IMG01375.JPG	2.041	1.646	0	0	0	NaN
867	IMG01375.JPG	3.484	1.623	0	0	0	NaN
868	IMG01375.JPG	3.501	2.139	0	0	0	NaN
869	IMG01375.JPG	2.243	1.565	0	0	0	NaN
870	IMG01375.JPG	2.452	0.835	0	0	0	NaN
871	IMG01375.JPG	3.084	0.8	0	0	0	NaN
872	IMG01375.JPG	3.322	1.641	0	0	0	NaN
873	IMG01374.JPG	2.243	2.046	0	0	0	NaN
874	IMG01374.JPG	2.157	1.658	0	0	0	NaN
875	IMG01374.JPG	3.49	1.675	0	0	0	NaN
876	IMG01374.JPG	3.391	2.104	0	0	0	NaN
877	IMG01374.JPG	2.33	1.623	0	0	0	NaN
878	IMG01374.JPG	2.475	0.835	0	0	0	NaN
879	IMG01374.JPG	3.084	0.812	0	0	0	NaN
880	IMG01374.JPG	3.397	1.635	0	0	0	NaN
881	IMG01373.JPG	2.272	2.07	0	0	0	NaN
882	IMG01373.JPG	2.145	1.594	0	0	0	NaN
883	IMG01373.JPG	3.461	1.588	0	0	0	NaN
884	IMG01373.JPG	3.386	2.064	0	0	0	NaN
885	IMG01373.JPG	2.267	1.571	0	0	0	NaN
886	IMG01373.JPG	2.504	0.823	0	0	0	NaN
887	IMG01373.JPG	3.188	0.829	0	0	0	NaN
888	IMG01373.JPG	3.38	1.565	0	0	0	NaN
889	IMG01372.JPG	2.162	2.023	0	0	0	NaN
890	IMG01372.JPG	2.122	1.635	0	0	0	NaN
891	IMG01372.JPG	3.455	1.629	0	0	0	NaN
892	IMG01372.JPG	3.397	2.058	0	0	0	NaN
893	IMG01372.JPG	2.272	1.606	0	0	0	NaN
894	IMG01372.JPG	2.464	0.858	0	0	0	NaN
895	IMG01372.JPG	3.142	0.823	0	0	0	NaN
896	IMG01372.JPG	3.357	1.617	0	0	0	NaN
897	IMG01371.JPG	2.157	2.029	0	0	0	NaN
898	IMG01371.JPG	2.099	1.629	0	0	0	NaN
899	IMG01371.JPG	3.374	1.594	0	0	0	NaN
900	IMG01371.JPG	3.275	2.029	0	0	0	NaN
901	IMG01371.JPG	2.214	1.588	0	0	0	NaN
902	IMG01371.JPG	2.423	0.765	0	0	0	NaN
903	IMG01371.JPG	3.067	0.742	0	0	0	NaN
904	IMG01371.JPG	3.241	1.577	0	0	0	NaN
905	IMG01370.JPG	2.191	2.029	0	0	0	NaN
906	IMG01370.JPG	2.133	1.629	0	0	0	NaN
907	IMG01370.JPG	3.472	1.588	0	0	0	NaN
908	IMG01370.JPG	3.368	2.029	0	0	0	NaN
909	IMG01370.JPG	2.267	1.612	0	0	0	NaN
910	IMG01370.JPG	2.499	0.916	0	0	0	NaN
911	IMG01370.JPG	3.165	0.899	0	0	0	NaN
912	IMG01370.JPG	3.374	1.6	0	0	0	NaN
913	IMG01369.JPG	2.261	2.046	0	0	0	NaN
914	IMG01369.JPG	2.162	1.681	0	0	0	NaN
915	IMG01369.JPG	3.42	1.693	0	0	0	NaN
916	IMG01369.JPG	3.351	2.07	0	0	0	NaN
917	IMG01369.JPG	2.336	1.623	0	0	0	NaN
918	IMG01369.JPG	2.464	0.893	0	0	0	NaN
919	IMG01369.JPG	3.142	0.858	0	0	0	NaN
920	IMG01369.JPG	3.339	1.635	0	0	0	NaN
921	IMG01368.JPG	2.261	2.029	0	0	0	NaN
922	IMG01368.JPG	2.151	1.664	0	0	0	NaN
923	IMG01368.JPG	3.333	1.617	0	0	0	NaN
924	IMG01368.JPG	3.27	1.988	0	0	0	NaN
925	IMG01368.JPG	2.301	1.635	0	0	0	NaN
926	IMG01368.JPG	2.487	0.904	0	0	0	NaN
927	IMG01368.JPG	3.096	0.852	0	0	0	NaN
928	IMG01368.JPG	3.223	1.583	0	0	0	NaN
929	IMG01366.JPG	2.226	2.017	0	0	0	NaN
930	IMG01366.JPG	2.122	1.646	0	0	0	NaN
931	IMG01366.JPG	3.49	1.612	0	0	0	NaN
932	IMG01366.JPG	3.409	2.017	0	0	0	NaN
933	IMG01366.JPG	2.249	1.623	0	0	0	NaN
934	IMG01366.JPG	2.458	0.73	0	0	0	NaN
935	IMG01366.JPG	3.177	0.707	0	0	0	NaN
936	IMG01366.JPG	3.351	1.571	0	0	0	NaN
937	IMG01365.JPG	2.186	2.093	0	0	0	NaN
938	IMG01365.JPG	2.104	1.658	0	0	0	NaN
939	IMG01365.JPG	3.484	1.594	0	0	0	NaN
940	IMG01365.JPG	3.501	2.064	0	0	0	NaN
941	IMG01365.JPG	2.22	1.623	0	0	0	NaN
942	IMG01365.JPG	2.417	0.829	0	0	0	NaN
943	IMG01365.JPG	3.258	0.783	0	0	0	NaN
944	IMG01365.JPG	3.397	1.612	0	0	0	NaN
945	IMG01364.JPG	2.174	2.017	0	0	0	NaN
946	IMG01364.JPG	2.133	1.594	0	0	0	NaN
947	IMG01364.JPG	3.438	1.583	0	0	0	NaN
948	IMG01364.JPG	3.391	2.07	0	0	0	NaN
949	IMG01364.JPG	2.249	1.577	0	0	0	NaN
950	IMG01364.JPG	2.441	0.864	0	0	0	NaN
951	IMG01364.JPG	3.171	0.841	0	0	0	NaN
952	IMG01364.JPG	3.345	1.583	0	0	0	NaN
953	mIMG01367.tif	2.203	1.936	0	0	0	NaN
954	mIMG01367.tif	2.157	1.641	0	0	0	NaN
955	mIMG01367.tif	3.409	1.629	0	0	0	NaN
956	mIMG01367.tif	3.351	1.954	0	0	0	NaN
957	mIMG01367.tif	2.278	1.629	0	0	0	NaN
958	mIMG01367.tif	2.487	0.806	0	0	0	NaN
959	mIMG01367.tif	3.113	0.771	0	0	0	NaN
960	mIMG01367.tif	3.287	1.606	0	0	0	NaN
961	IMG01363.JPG	2.243	2.017	0	0	0	NaN
962	IMG01363.JPG	2.104	1.664	0	0	0	NaN
963	IMG01363.JPG	3.449	1.594	0	0	0	NaN
964	IMG01363.JPG	3.432	1.988	0	0	0	NaN
965	IMG01363.JPG	2.238	1.617	0	0	0	NaN
966	IMG01363.JPG	2.452	0.8	0	0	0	NaN
967	IMG01363.JPG	3.107	0.771	0	0	0	NaN
968	IMG01363.JPG	3.357	1.612	0	0	0	NaN
969	IMG01362.JPG	2.255	1.942	0	0	0	NaN
970	IMG01362.JPG	2.186	1.623	0	0	0	NaN
971	IMG01362.JPG	3.299	1.641	0	0	0	NaN
972	IMG01362.JPG	3.275	1.983	0	0	0	NaN
973	IMG01362.JPG	2.284	1.612	0	0	0	NaN
974	IMG01362.JPG	2.51	0.887	0	0	0	NaN
975	IMG01362.JPG	3.096	0.858	0	0	0	NaN
976	IMG01362.JPG	3.235	1.623	0	0	0	NaN
977	IMG01361.JPG	2.325	1.925	0	0	0	NaN
978	IMG01361.JPG	2.186	1.664	0	0	0	NaN
979	IMG01361.JPG	3.414	1.583	0	0	0	NaN
980	IMG01361.JPG	3.362	1.896	0	0	0	NaN
981	IMG01361.JPG	2.29	1.623	0	0	0	NaN
982	IMG01361.JPG	2.487	0.87	0	0	0	NaN
983	IMG01361.JPG	3.096	0.829	0	0	0	NaN
984	IMG01361.JPG	3.293	1.571	0	0	0	NaN
985	IMG01360.JPG	2.371	1.988	0	0	0	NaN
986	IMG01360.JPG	2.238	1.641	0	0	0	NaN
987	IMG01360.JPG	3.449	1.577	0	0	0	NaN
988	IMG01360.JPG	3.351	1.936	0	0	0	NaN
989	IMG01360.JPG	2.348	1.594	0	0	0	NaN
990	IMG01360.JPG	2.51	0.8	0	0	0	NaN
991	IMG01360.JPG	3.13	0.794	0	0	0	NaN
992	IMG01360.JPG	3.328	1.565	0	0	0	NaN
993	IMG01359.JPG	2.238	2.226	0	0	0	NaN
994	IMG01359.JPG	2.151	1.745	0	0	0	NaN
995	IMG01359.JPG	3.443	1.53	0	0	0	NaN
996	IMG01359.JPG	3.478	2.064	0	0	0	NaN
997	IMG01359.JPG	2.29	1.704	0	0	0	NaN
998	IMG01359.JPG	2.417	0.928	0	0	0	NaN
999	IMG01359.JPG	3.154	0.875	0	0	0	NaN
1000	IMG01359.JPG	3.31	1.525	0	0	0	NaN
1001	IMG01358.JPG	2.209	1.983	0	0	0	NaN
1002	IMG01358.JPG	2.139	1.629	0	0	0	NaN
1003	IMG01358.JPG	3.455	1.6	0	0	0	NaN
1004	IMG01358.JPG	3.414	1.954	0	0	0	NaN
1005	IMG01358.JPG	2.272	1.617	0	0	0	NaN
1006	IMG01358.JPG	2.464	0.829	0	0	0	NaN
1007	IMG01358.JPG	3.148	0.788	0	0	0	NaN
1008	IMG01358.JPG	3.351	1.583	0	0	0	NaN
1009	IMG01357.JPG	2.122	2.214	0	0	0	NaN
1010	IMG01357.JPG	2.017	1.762	0	0	0	NaN
1011	IMG01357.JPG	3.542	1.675	0	0	0	NaN
1012	IMG01357.JPG	3.542	2.162	0	0	0	NaN
1013	IMG01357.JPG	2.232	1.675	0	0	0	NaN
1014	IMG01357.JPG	2.417	0.91	0	0	0	NaN
1015	IMG01357.JPG	3.148	0.899	0	0	0	NaN
1016	IMG01357.JPG	3.38	1.629	0	0	0	NaN
1017	IMG01356.JPG	2.174	2.093	0	0	0	NaN
1018	IMG01356.JPG	2.145	1.629	0	0	0	NaN
1019	IMG01356.JPG	3.461	1.594	0	0	0	NaN
1020	IMG01356.JPG	3.432	2.052	0	0	0	NaN
1021	IMG01356.JPG	2.255	1.606	0	0	0	NaN
1022	IMG01356.JPG	2.446	0.91	0	0	0	NaN
1023	IMG01356.JPG	3.148	0.864	0	0	0	NaN
1024	IMG01356.JPG	3.328	1.588	0	0	0	NaN
1025	IMG01355.JPG	2.052	2.354	0	0	0	NaN
1026	IMG01355.JPG	2.035	1.699	0	0	0	NaN
1027	IMG01355.JPG	3.554	1.658	0	0	0	NaN
1028	IMG01355.JPG	3.571	2.261	0	0	0	NaN
1029	IMG01355.JPG	2.186	1.699	0	0	0	NaN
1030	IMG01355.JPG	2.423	0.881	0	0	0	NaN
1031	IMG01355.JPG	3.136	0.846	0	0	0	NaN
1032	IMG01355.JPG	3.386	1.687	0	0	0	NaN
1033	IMG01354.JPG	2.243	1.942	0	0	0	NaN
1034	IMG01354.JPG	2.174	1.53	0	0	0	NaN
1035	IMG01354.JPG	3.42	1.617	0	0	0	NaN
1036	IMG01354.JPG	3.391	2.017	0	0	0	NaN
1037	IMG01354.JPG	2.272	1.519	0	0	0	NaN
1038	IMG01354.JPG	2.551	0.788	0	0	0	NaN
1039	IMG01354.JPG	3.2	0.771	0	0	0	NaN
1040	IMG01354.JPG	3.345	1.6	0	0	0	NaN
1041	IMG01353.JPG	2.116	2.162	0	0	0	NaN
1042	IMG01353.JPG	2.035	1.687	0	0	0	NaN
1043	IMG01353.JPG	3.478	1.658	0	0	0	NaN
1044	IMG01353.JPG	3.478	2.099	0	0	0	NaN
1045	IMG01353.JPG	2.168	1.641	0	0	0	NaN
1046	IMG01353.JPG	2.458	0.864	0	0	0	NaN
1047	IMG01353.JPG	3.096	0.829	0	0	0	NaN
1048	IMG01353.JPG	3.339	1.629	0	0	0	NaN
1049	IMG01352.JPG	2.075	2.075	0	0	0	NaN
1050	IMG01352.JPG	2.035	1.635	0	0	0	NaN
1051	IMG01352.JPG	3.635	1.606	0	0	0	NaN
1052	IMG01352.JPG	3.536	2.012	0	0	0	NaN
1053	IMG01352.JPG	2.238	1.588	0	0	0	NaN
1054	IMG01352.JPG	2.423	0.684	0	0	0	NaN
1055	IMG01352.JPG	3.119	0.655	0	0	0	NaN
1056	IMG01352.JPG	3.478	1.583	0	0	0	NaN
1057	IMG01351.JPG	2.174	2.116	0	0	0	NaN
1058	IMG01351.JPG	2.093	1.704	0	0	0	NaN
1059	IMG01351.JPG	3.554	1.641	0	0	0	NaN
1060	IMG01351.JPG	3.536	2.041	0	0	0	NaN
1061	IMG01351.JPG	2.296	1.664	0	0	0	NaN
1062	IMG01351.JPG	2.481	0.812	0	0	0	NaN
1063	IMG01351.JPG	3.2	0.852	0	0	0	NaN
1064	IMG01351.JPG	3.414	1.565	0	0	0	NaN
1065	IMG01350.JPG	2.226	1.959	0	0	0	NaN
1066	IMG01350.JPG	2.18	1.612	0	0	0	NaN
1067	IMG01350.JPG	3.386	1.588	0	0	0	NaN
1068	IMG01350.JPG	3.351	1.977	0	0	0	NaN
1069	IMG01350.JPG	2.284	1.559	0	0	0	NaN
1070	IMG01350.JPG	2.4	0.771	0	0	0	NaN
1071	IMG01350.JPG	3.072	0.748	0	0	0	NaN
1072	IMG01350.JPG	3.316	1.559	0	0	0	NaN
1073	IMG01349.JPG	2.22	1.994	0	0	0	NaN
1074	IMG01349.JPG	2.168	1.71	0	0	0	NaN
1075	IMG01349.JPG	3.409	1.612	0	0	0	NaN
1076	IMG01349.JPG	3.333	1.954	0	0	0	NaN
1077	IMG01349.JPG	2.272	1.664	0	0	0	NaN
1078	IMG01349.JPG	2.377	0.87	0	0	0	NaN
1079	IMG01349.JPG	3.101	0.858	0	0	0	NaN
1080	IMG01349.JPG	3.299	1.606	0	0	0	NaN
1081	IMG01348.JPG	2.18	1.988	0	0	0	NaN
1082	IMG01348.JPG	2.162	1.612	0	0	0	NaN
1083	IMG01348.JPG	3.455	1.565	0	0	0	NaN
1084	IMG01348.JPG	3.455	1.971	0	0	0	NaN
1085	IMG01348.JPG	2.284	1.629	0	0	0	NaN
1086	IMG01348.JPG	2.435	0.765	0	0	0	NaN
1087	IMG01348.JPG	3.113	0.725	0	0	0	NaN
1088	IMG01348.JPG	3.357	1.583	0	0	0	NaN
1089	IMG01347.JPG	2.238	1.988	0	0	0	NaN
1090	IMG01347.JPG	2.151	1.577	0	0	0	NaN
1091	IMG01347.JPG	3.548	1.559	0	0	0	NaN
1092	IMG01347.JPG	3.461	1.965	0	0	0	NaN
1093	IMG01347.JPG	2.307	1.525	0	0	0	NaN
1094	IMG01347.JPG	2.51	0.817	0	0	0	NaN
1095	IMG01347.JPG	3.217	0.748	0	0	0	NaN
1096	IMG01347.JPG	3.409	1.519	0	0	0	NaN
1097	IMG01346.JPG	2.186	2.104	0	0	0	NaN
1098	IMG01346.JPG	2.128	1.641	0	0	0	NaN
1099	IMG01346.JPG	3.426	1.6	0	0	0	NaN
1100	IMG01346.JPG	3.455	2.07	0	0	0	NaN
1101	IMG01346.JPG	2.313	1.652	0	0	0	NaN
1102	IMG01346.JPG	2.533	0.788	0	0	0	NaN
1103	IMG01346.JPG	3.078	0.817	0	0	0	NaN
1104	IMG01346.JPG	3.299	1.617	0	0	0	NaN
1105	IMG01345.JPG	2.151	2.087	0	0	0	NaN
1106	IMG01345.JPG	2.052	1.617	0	0	0	NaN
1107	IMG01345.JPG	3.484	1.629	0	0	0	NaN
1108	IMG01345.JPG	3.414	2.151	0	0	0	NaN
1109	IMG01345.JPG	2.18	1.617	0	0	0	NaN
1110	IMG01345.JPG	2.475	0.748	0	0	0	NaN
1111	IMG01345.JPG	3.183	0.771	0	0	0	NaN
1112	IMG01345.JPG	3.374	1.623	0	0	0	NaN
1113	IMG01344.JPG	2.116	2.064	0	0	0	NaN
1114	IMG01344.JPG	2.041	1.635	0	0	0	NaN
1115	IMG01344.JPG	3.501	1.629	0	0	0	NaN
1116	IMG01344.JPG	3.432	2.07	0	0	0	NaN
1117	IMG01344.JPG	2.191	1.623	0	0	0	NaN
1118	IMG01344.JPG	2.394	0.783	0	0	0	NaN
1119	IMG01344.JPG	3.241	0.725	0	0	0	NaN
1120	IMG01344.JPG	3.38	1.646	0	0	0	NaN
1121	IMG01343.JPG	2.243	2.035	0	0	0	NaN
1122	IMG01343.JPG	2.186	1.728	0	0	0	NaN
1123	IMG01343.JPG	3.525	1.67	0	0	0	NaN
1124	IMG01343.JPG	3.403	2.012	0	0	0	NaN
1125	IMG01343.JPG	2.284	1.646	0	0	0	NaN
1126	IMG01343.JPG	2.51	0.759	0	0	0	NaN
1127	IMG01343.JPG	3.171	0.725	0	0	0	NaN
1128	IMG01343.JPG	3.409	1.646	0	0	0	NaN
1129	IMG01342.JPG	2.186	2.087	0	0	0	NaN
1130	IMG01342.JPG	2.093	1.577	0	0	0	NaN
1131	IMG01342.JPG	3.478	1.583	0	0	0	NaN
1132	IMG01342.JPG	3.386	2.116	0	0	0	NaN
1133	IMG01342.JPG	2.238	1.559	0	0	0	NaN
1134	IMG01342.JPG	2.522	0.713	0	0	0	NaN
1135	IMG01342.JPG	3.078	0.678	0	0	0	NaN
1136	IMG01342.JPG	3.38	1.594	0	0	0	NaN
1137	IMG01341.JPG	2.186	2.046	0	0	0	NaN
1138	IMG01341.JPG	2.162	1.687	0	0	0	NaN
1139	IMG01341.JPG	3.467	1.687	0	0	0	NaN
1140	IMG01341.JPG	3.467	2.064	0	0	0	NaN
1141	IMG01341.JPG	2.301	1.664	0	0	0	NaN
1142	IMG01341.JPG	2.528	0.823	0	0	0	NaN
1143	IMG01341.JPG	3.177	0.765	0	0	0	NaN
1144	IMG01341.JPG	3.374	1.67	0	0	0	NaN
1145	IMG01340.JPG	2.128	2.081	0	0	0	NaN
1146	IMG01340.JPG	2.064	1.699	0	0	0	NaN
1147	IMG01340.JPG	3.461	1.606	0	0	0	NaN
1148	IMG01340.JPG	3.478	2.064	0	0	0	NaN
1149	IMG01340.JPG	2.22	1.664	0	0	0	NaN
1150	IMG01340.JPG	2.464	0.864	0	0	0	NaN
1151	IMG01340.JPG	3.148	0.817	0	0	0	NaN
1152	IMG01340.JPG	3.374	1.612	0	0	0	NaN
1153	IMG01339.JPG	2.307	1.971	0	0	0	NaN
1154	IMG01339.JPG	2.191	1.629	0	0	0	NaN
1155	IMG01339.JPG	3.461	1.623	0	0	0	NaN
1156	IMG01339.JPG	3.368	1.988	0	0	0	NaN
1157	IMG01339.JPG	2.272	1.606	0	0	0	NaN
1158	IMG01339.JPG	2.464	0.864	0	0	0	NaN
1159	IMG01339.JPG	3.113	0.835	0	0	0	NaN
1160	IMG01339.JPG	3.374	1.594	0	0	0	NaN
1161	IMG01338.JPG	2.191	2.186	0	0	0	NaN
1162	IMG01338.JPG	2.122	1.681	0	0	0	NaN
1163	IMG01338.JPG	3.559	1.675	0	0	0	NaN
1164	IMG01338.JPG	3.426	2.209	0	0	0	NaN
1165	IMG01338.JPG	2.261	1.67	0	0	0	NaN
1166	IMG01338.JPG	2.522	0.852	0	0	0	NaN
1167	IMG01338.JPG	3.206	0.829	0	0	0	NaN
1168	IMG01338.JPG	3.409	1.612	0	0	0	NaN
1169	IMG01337.JPG	2.168	1.948	0	0	0	NaN
1170	IMG01337.JPG	2.174	1.617	0	0	0	NaN
1171	IMG01337.JPG	3.362	1.577	0	0	0	NaN
1172	IMG01337.JPG	3.351	1.959	0	0	0	NaN
1173	IMG01337.JPG	2.284	1.571	0	0	0	NaN
1174	IMG01337.JPG	2.499	0.829	0	0	0	NaN
1175	IMG01337.JPG	3.078	0.806	0	0	0	NaN
1176	IMG01337.JPG	3.258	1.617	0	0	0	NaN
1177	IMG01336.JPG	2.226	1.977	0	0	0	NaN
1178	IMG01336.JPG	2.116	1.658	0	0	0	NaN
1179	IMG01336.JPG	3.432	1.612	0	0	0	NaN
1180	IMG01336.JPG	3.397	1.983	0	0	0	NaN
1181	IMG01336.JPG	2.232	1.606	0	0	0	NaN
1182	IMG01336.JPG	2.417	0.8	0	0	0	NaN
1183	IMG01336.JPG	3.101	0.777	0	0	0	NaN
1184	IMG01336.JPG	3.357	1.594	0	0	0	NaN
1185	IMG01335.JPG	2.191	1.965	0	0	0	NaN
1186	IMG01335.JPG	2.133	1.641	0	0	0	NaN
1187	IMG01335.JPG	3.322	1.612	0	0	0	NaN
1188	IMG01335.JPG	3.252	2.023	0	0	0	NaN
1189	IMG01335.JPG	2.238	1.565	0	0	0	NaN
1190	IMG01335.JPG	2.423	0.91	0	0	0	NaN
1191	IMG01335.JPG	3.061	0.904	0	0	0	NaN
1192	IMG01335.JPG	3.252	1.594	0	0	0	NaN
1193	IMG01334.JPG	2.249	1.942	0	0	0	NaN
1194	IMG01334.JPG	2.214	1.716	0	0	0	NaN
1195	IMG01334.JPG	3.484	1.641	0	0	0	NaN
1196	IMG01334.JPG	3.438	1.954	0	0	0	NaN
1197	IMG01334.JPG	2.29	1.623	0	0	0	NaN
1198	IMG01334.JPG	2.487	0.841	0	0	0	NaN
1199	IMG01334.JPG	3.183	0.817	0	0	0	NaN
1200	IMG01334.JPG	3.374	1.646	0	0	0	NaN
1201	IMG01333.JPG	2.168	2.023	0	0	0	NaN
1202	IMG01333.JPG	2.093	1.652	0	0	0	NaN
1203	IMG01333.JPG	3.426	1.635	0	0	0	NaN
1204	IMG01333.JPG	3.362	2.07	0	0	0	NaN
1205	IMG01333.JPG	2.22	1.617	0	0	0	NaN
1206	IMG01333.JPG	2.394	0.823	0	0	0	NaN
1207	IMG01333.JPG	3.072	0.823	0	0	0	NaN
1208	IMG01333.JPG	3.339	1.617	0	0	0	NaN
1209	IMG01332.JPG	2.186	1.93	0	0	0	NaN
1210	IMG01332.JPG	2.116	1.606	0	0	0	NaN
1211	IMG01332.JPG	3.264	1.583	0	0	0	NaN
1212	IMG01332.JPG	3.177	1.913	0	0	0	NaN
1213	IMG01332.JPG	2.191	1.536	0	0	0	NaN
1214	IMG01332.JPG	2.371	0.8	0	0	0	NaN
1215	IMG01332.JPG	2.986	0.806	0	0	0	NaN
1216	IMG01332.JPG	3.148	1.594	0	0	0	NaN
1217	IMG01331.JPG	2.116	1.954	0	0	0	NaN
1218	IMG01331.JPG	2.035	1.629	0	0	0	NaN
1219	IMG01331.JPG	3.333	1.612	0	0	0	NaN
1220	IMG01331.JPG	3.241	1.954	0	0	0	NaN
1221	IMG01331.JPG	2.191	1.594	0	0	0	NaN
1222	IMG01331.JPG	2.377	0.841	0	0	0	NaN
1223	IMG01331.JPG	3.02	0.829	0	0	0	NaN
1224	IMG01331.JPG	3.235	1.629	0	0	0	NaN
1225	IMG01330.JPG	2.226	1.919	0	0	0	NaN
1226	IMG01330.JPG	2.157	1.606	0	0	0	NaN
1227	IMG01330.JPG	3.403	1.554	0	0	0	NaN
1228	IMG01330.JPG	3.316	1.959	0	0	0	NaN
1229	IMG01330.JPG	2.214	1.565	0	0	0	NaN
1230	IMG01330.JPG	2.423	0.754	0	0	0	NaN
1231	IMG01330.JPG	3.142	0.748	0	0	0	NaN
1232	IMG01330.JPG	3.322	1.565	0	0	0	NaN
1233	IMG01329.JPG	2.186	2.075	0	0	0	NaN
1234	IMG01329.JPG	2.116	1.588	0	0	0	NaN
1235	IMG01329.JPG	3.426	1.629	0	0	0	NaN
1236	IMG01329.JPG	3.328	2.128	0	0	0	NaN
1237	IMG01329.JPG	2.197	1.594	0	0	0	NaN
1238	IMG01329.JPG	2.435	0.8	0	0	0	NaN
1239	IMG01329.JPG	3.125	0.788	0	0	0	NaN
1240	IMG01329.JPG	3.339	1.629	0	0	0	NaN
1241	IMG01328.JPG	2.191	1.948	0	0	0	NaN
1242	IMG01328.JPG	2.116	1.641	0	0	0	NaN
1243	IMG01328.JPG	3.438	1.594	0	0	0	NaN
1244	IMG01328.JPG	3.328	1.971	0	0	0	NaN
1245	IMG01328.JPG	2.203	1.583	0	0	0	NaN
1246	IMG01328.JPG	2.464	0.794	0	0	0	NaN
1247	IMG01328.JPG	3.159	0.777	0	0	0	NaN
1248	IMG01328.JPG	3.333	1.577	0	0	0	NaN
1249	IMG01327.JPG	2.209	2.041	0	0	0	NaN
1250	IMG01327.JPG	2.116	1.693	0	0	0	NaN
1251	IMG01327.JPG	3.49	1.623	0	0	0	NaN
1252	IMG01327.JPG	3.478	1.994	0	0	0	NaN
1253	IMG01327.JPG	2.301	1.658	0	0	0	NaN
1254	IMG01327.JPG	2.464	0.823	0	0	0	NaN
1255	IMG01327.JPG	3.165	0.8	0	0	0	NaN
1256	IMG01327.JPG	3.368	1.594	0	0	0	NaN
1257	IMG01326.JPG	2.157	2.07	0	0	0	NaN
1258	IMG01326.JPG	2.07	1.67	0	0	0	NaN
1259	IMG01326.JPG	3.374	1.594	0	0	0	NaN
1260	IMG01326.JPG	3.391	1.988	0	0	0	NaN
1261	IMG01326.JPG	2.238	1.646	0	0	0	NaN
1262	IMG01326.JPG	2.406	0.759	0	0	0	NaN
1263	IMG01326.JPG	3.02	0.788	0	0	0	NaN
1264	IMG01326.JPG	3.281	1.594	0	0	0	NaN
1265	IMG01325.JPG	2.203	2.041	0	0	0	NaN
1266	IMG01325.JPG	2.145	1.652	0	0	0	NaN
1267	IMG01325.JPG	3.472	1.623	0	0	0	NaN
1268	IMG01325.JPG	3.403	2.07	0	0	0	NaN
1269	IMG01325.JPG	2.272	1.583	0	0	0	NaN
1270	IMG01325.JPG	2.493	0.8	0	0	0	NaN
1271	IMG01325.JPG	3.113	0.817	0	0	0	NaN
1272	IMG01325.JPG	3.357	1.623	0	0	0	NaN
1273	IMG01324.JPG	2.232	1.901	0	0	0	NaN
1274	IMG01324.JPG	2.133	1.6	0	0	0	NaN
1275	IMG01324.JPG	3.38	1.542	0	0	0	NaN
1276	IMG01324.JPG	3.304	1.884	0	0	0	NaN
1277	IMG01324.JPG	2.255	1.583	0	0	0	NaN
1278	IMG01324.JPG	2.412	0.788	0	0	0	NaN
1279	IMG01324.JPG	3.113	0.754	0	0	0	NaN
1280	IMG01324.JPG	3.275	1.554	0	0	0	NaN