 	Label	X	Y	Circ.	AR	Round	Solidity
1	IMG00438.JPG	2.116	2.162	0	0	0	NaN
2	IMG00438.JPG	2.006	1.67	0	0	0	NaN
3	IMG00438.JPG	3.467	1.565	0	0	0	NaN
4	IMG00438.JPG	3.432	2.11	0	0	0	NaN
5	IMG00438.JPG	2.151	1.646	0	0	0	NaN
6	IMG00438.JPG	2.359	0.759	0	0	0	NaN
7	IMG00438.JPG	3.107	0.707	0	0	0	NaN
8	IMG00438.JPG	3.362	1.583	0	0	0	NaN
9	IMG00437.JPG	2.22	2.093	0	0	0	NaN
10	IMG00437.JPG	2.087	1.606	0	0	0	NaN
11	IMG00437.JPG	3.507	1.606	0	0	0	NaN
12	IMG00437.JPG	3.513	2.18	0	0	0	NaN
13	IMG00437.JPG	2.214	1.6	0	0	0	NaN
14	IMG00437.JPG	2.47	0.829	0	0	0	NaN
15	IMG00437.JPG	3.188	0.794	0	0	0	NaN
16	IMG00437.JPG	3.438	1.571	0	0	0	NaN
17	IMG00436.JPG	2.174	2.186	0	0	0	NaN
18	IMG00436.JPG	2.052	1.67	0	0	0	NaN
19	IMG00436.JPG	3.53	1.565	0	0	0	NaN
20	IMG00436.JPG	3.53	2.093	0	0	0	NaN
21	IMG00436.JPG	2.191	1.646	0	0	0	NaN
22	IMG00436.JPG	2.336	0.783	0	0	0	NaN
23	IMG00436.JPG	3.072	0.742	0	0	0	NaN
24	IMG00436.JPG	3.432	1.554	0	0	0	NaN
25	IMG00435.JPG	2.191	2.197	0	0	0	NaN
26	IMG00435.JPG	2.046	1.652	0	0	0	NaN
27	IMG00435.JPG	3.496	1.6	0	0	0	NaN
28	IMG00435.JPG	3.467	2.075	0	0	0	NaN
29	IMG00435.JPG	2.191	1.641	0	0	0	NaN
30	IMG00435.JPG	2.301	0.771	0	0	0	NaN
31	IMG00435.JPG	3.177	0.748	0	0	0	NaN
32	IMG00435.JPG	3.403	1.583	0	0	0	NaN
33	IMG00434.JPG	2.087	2.122	0	0	0	NaN
34	IMG00434.JPG	1.977	1.623	0	0	0	NaN
35	IMG00434.JPG	3.449	1.519	0	0	0	NaN
36	IMG00434.JPG	3.426	2.058	0	0	0	NaN
37	IMG00434.JPG	2.151	1.606	0	0	0	NaN
38	IMG00434.JPG	2.365	0.742	0	0	0	NaN
39	IMG00434.JPG	3.142	0.713	0	0	0	NaN
40	IMG00434.JPG	3.345	1.536	0	0	0	NaN
41	IMG00433.JPG	2.012	2.093	0	0	0	NaN
42	IMG00433.JPG	1.919	1.519	0	0	0	NaN
43	IMG00433.JPG	3.414	1.53	0	0	0	NaN
44	IMG00433.JPG	3.368	2.104	0	0	0	NaN
45	IMG00433.JPG	2.11	1.536	0	0	0	NaN
46	IMG00433.JPG	2.272	0.765	0	0	0	NaN
47	IMG00433.JPG	3.078	0.725	0	0	0	NaN
48	IMG00433.JPG	3.281	1.53	0	0	0	NaN
49	IMG00432.JPG	2.157	2.075	0	0	0	NaN
50	IMG00432.JPG	2.075	1.571	0	0	0	NaN
51	IMG00432.JPG	3.513	1.554	0	0	0	NaN
52	IMG00432.JPG	3.507	2.058	0	0	0	NaN
53	IMG00432.JPG	2.243	1.554	0	0	0	NaN
54	IMG00432.JPG	2.429	0.794	0	0	0	NaN
55	IMG00432.JPG	3.171	0.771	0	0	0	NaN
56	IMG00432.JPG	3.397	1.548	0	0	0	NaN
57	IMG00431.JPG	2.087	2.197	0	0	0	NaN
58	IMG00431.JPG	2.122	1.699	0	0	0	NaN
59	IMG00431.JPG	3.472	1.67	0	0	0	NaN
60	IMG00431.JPG	3.443	2.174	0	0	0	NaN
61	IMG00431.JPG	2.249	1.646	0	0	0	NaN
62	IMG00431.JPG	2.394	0.916	0	0	0	NaN
63	IMG00431.JPG	3.148	0.887	0	0	0	NaN
64	IMG00431.JPG	3.328	1.681	0	0	0	NaN
65	IMG00430.JPG	2.151	2.191	0	0	0	NaN
66	IMG00430.JPG	2.168	1.687	0	0	0	NaN
67	IMG00430.JPG	3.525	1.658	0	0	0	NaN
68	IMG00430.JPG	3.496	2.162	0	0	0	NaN
69	IMG00430.JPG	2.255	1.612	0	0	0	NaN
70	IMG00430.JPG	2.388	0.875	0	0	0	NaN
71	IMG00430.JPG	3.096	0.835	0	0	0	NaN
72	IMG00430.JPG	3.351	1.652	0	0	0	NaN
73	IMG00429.JPG	2.255	2.18	0	0	0	NaN
74	IMG00429.JPG	2.226	1.71	0	0	0	NaN
75	IMG00429.JPG	3.588	1.612	0	0	0	NaN
76	IMG00429.JPG	3.577	2.104	0	0	0	NaN
77	IMG00429.JPG	2.348	1.646	0	0	0	NaN
78	IMG00429.JPG	2.47	0.864	0	0	0	NaN
79	IMG00429.JPG	3.217	0.829	0	0	0	NaN
80	IMG00429.JPG	3.414	1.629	0	0	0	NaN
81	IMG00428.JPG	2.162	2	0	0	0	NaN
82	IMG00428.JPG	2.104	1.577	0	0	0	NaN
83	IMG00428.JPG	3.426	1.559	0	0	0	NaN
84	IMG00428.JPG	3.409	1.988	0	0	0	NaN
85	IMG00428.JPG	2.232	1.577	0	0	0	NaN
86	IMG00428.JPG	2.383	0.864	0	0	0	NaN
87	IMG00428.JPG	3.067	0.841	0	0	0	NaN
88	IMG00428.JPG	3.328	1.571	0	0	0	NaN
89	IMG00427.JPG	2.22	1.936	0	0	0	NaN
90	IMG00427.JPG	2.157	1.583	0	0	0	NaN
91	IMG00427.JPG	3.397	1.484	0	0	0	NaN
92	IMG00427.JPG	3.357	1.878	0	0	0	NaN
93	IMG00427.JPG	2.255	1.565	0	0	0	NaN
94	IMG00427.JPG	2.446	0.794	0	0	0	NaN
95	IMG00427.JPG	3.107	0.73	0	0	0	NaN
96	IMG00427.JPG	3.299	1.484	0	0	0	NaN
97	IMG00426.JPG	2.081	2.012	0	0	0	NaN
98	IMG00426.JPG	2.087	1.635	0	0	0	NaN
99	IMG00426.JPG	3.507	1.641	0	0	0	NaN
100	IMG00426.JPG	3.49	2.064	0	0	0	NaN
101	IMG00426.JPG	2.232	1.635	0	0	0	NaN
102	IMG00426.JPG	2.441	0.771	0	0	0	NaN
103	IMG00426.JPG	3.084	0.736	0	0	0	NaN
104	IMG00426.JPG	3.368	1.646	0	0	0	NaN
105	IMG00425.JPG	2.11	2.191	0	0	0	NaN
106	IMG00425.JPG	2.023	1.71	0	0	0	NaN
107	IMG00425.JPG	3.443	1.594	0	0	0	NaN
108	IMG00425.JPG	3.461	2.122	0	0	0	NaN
109	IMG00425.JPG	2.168	1.687	0	0	0	NaN
110	IMG00425.JPG	2.4	0.696	0	0	0	NaN
111	IMG00425.JPG	3.096	0.678	0	0	0	NaN
112	IMG00425.JPG	3.345	1.565	0	0	0	NaN
113	IMG00424.JPG	2.209	2.058	0	0	0	NaN
114	IMG00424.JPG	2.151	1.641	0	0	0	NaN
115	IMG00424.JPG	3.414	1.571	0	0	0	NaN
116	IMG00424.JPG	3.357	2.023	0	0	0	NaN
117	IMG00424.JPG	2.249	1.629	0	0	0	NaN
118	IMG00424.JPG	2.342	0.748	0	0	0	NaN
119	IMG00424.JPG	3.148	0.701	0	0	0	NaN
120	IMG00424.JPG	3.339	1.6	0	0	0	NaN
121	IMG00423.JPG	2.128	2.168	0	0	0	NaN
122	IMG00423.JPG	2.064	1.629	0	0	0	NaN
123	IMG00423.JPG	3.467	1.554	0	0	0	NaN
124	IMG00423.JPG	3.455	2.151	0	0	0	NaN
125	IMG00423.JPG	2.22	1.623	0	0	0	NaN
126	IMG00423.JPG	2.429	0.829	0	0	0	NaN
127	IMG00423.JPG	3.125	0.806	0	0	0	NaN
128	IMG00423.JPG	3.368	1.559	0	0	0	NaN
129	IMG00422.JPG	2.22	1.994	0	0	0	NaN
130	IMG00422.JPG	2.203	1.646	0	0	0	NaN
131	IMG00422.JPG	3.42	1.623	0	0	0	NaN
132	IMG00422.JPG	3.42	1.965	0	0	0	NaN
133	IMG00422.JPG	2.296	1.623	0	0	0	NaN
134	IMG00422.JPG	2.429	0.916	0	0	0	NaN
135	IMG00422.JPG	3.101	0.846	0	0	0	NaN
136	IMG00422.JPG	3.328	1.641	0	0	0	NaN
137	IMG00421.JPG	2.238	2.093	0	0	0	NaN
138	IMG00421.JPG	2.151	1.687	0	0	0	NaN
139	IMG00421.JPG	3.565	1.519	0	0	0	NaN
140	IMG00421.JPG	3.548	1.965	0	0	0	NaN
141	IMG00421.JPG	2.249	1.635	0	0	0	NaN
142	IMG00421.JPG	2.377	0.846	0	0	0	NaN
143	IMG00421.JPG	3.229	0.829	0	0	0	NaN
144	IMG00421.JPG	3.472	1.501	0	0	0	NaN
145	IMG00420.JPG	2.238	1.959	0	0	0	NaN
146	IMG00420.JPG	2.162	1.646	0	0	0	NaN
147	IMG00420.JPG	3.287	1.588	0	0	0	NaN
148	IMG00420.JPG	3.287	1.925	0	0	0	NaN
149	IMG00420.JPG	2.284	1.623	0	0	0	NaN
150	IMG00420.JPG	2.423	0.875	0	0	0	NaN
151	IMG00420.JPG	3.038	0.841	0	0	0	NaN
152	IMG00420.JPG	3.217	1.606	0	0	0	NaN
153	IMG00419.JPG	2.128	2.18	0	0	0	NaN
154	IMG00419.JPG	2.099	1.768	0	0	0	NaN
155	IMG00419.JPG	3.478	1.594	0	0	0	NaN
156	IMG00419.JPG	3.542	2.087	0	0	0	NaN
157	IMG00419.JPG	2.255	1.733	0	0	0	NaN
158	IMG00419.JPG	2.383	0.933	0	0	0	NaN
159	IMG00419.JPG	3.101	0.939	0	0	0	NaN
160	IMG00419.JPG	3.374	1.577	0	0	0	NaN
161	IMG00418.JPG	2.162	2.11	0	0	0	NaN
162	IMG00418.JPG	2.087	1.617	0	0	0	NaN
163	IMG00418.JPG	3.536	1.525	0	0	0	NaN
164	IMG00418.JPG	3.583	1.983	0	0	0	NaN
165	IMG00418.JPG	2.238	1.623	0	0	0	NaN
166	IMG00418.JPG	2.423	0.794	0	0	0	NaN
167	IMG00418.JPG	3.142	0.765	0	0	0	NaN
168	IMG00418.JPG	3.426	1.519	0	0	0	NaN
169	IMG00417.JPG	2.284	1.948	0	0	0	NaN
170	IMG00417.JPG	2.226	1.594	0	0	0	NaN
171	IMG00417.JPG	3.449	1.53	0	0	0	NaN
172	IMG00417.JPG	3.374	1.988	0	0	0	NaN
173	IMG00417.JPG	2.336	1.577	0	0	0	NaN
174	IMG00417.JPG	2.435	0.881	0	0	0	NaN
175	IMG00417.JPG	3.223	0.875	0	0	0	NaN
176	IMG00417.JPG	3.357	1.565	0	0	0	NaN
177	IMG00416.JPG	2.128	2.128	0	0	0	NaN
178	IMG00416.JPG	2.07	1.71	0	0	0	NaN
179	IMG00416.JPG	3.478	1.623	0	0	0	NaN
180	IMG00416.JPG	3.478	2.046	0	0	0	NaN
181	IMG00416.JPG	2.209	1.652	0	0	0	NaN
182	IMG00416.JPG	2.319	0.939	0	0	0	NaN
183	IMG00416.JPG	3.09	0.87	0	0	0	NaN
184	IMG00416.JPG	3.316	1.629	0	0	0	NaN
185	IMG00415.JPG	2.22	1.849	0	0	0	NaN
186	IMG00415.JPG	2.209	1.588	0	0	0	NaN
187	IMG00415.JPG	3.299	1.577	0	0	0	NaN
188	IMG00415.JPG	3.293	1.901	0	0	0	NaN
189	IMG00415.JPG	2.307	1.577	0	0	0	NaN
190	IMG00415.JPG	2.435	0.829	0	0	0	NaN
191	IMG00415.JPG	3.009	0.794	0	0	0	NaN
192	IMG00415.JPG	3.229	1.565	0	0	0	NaN
193	IMG00414.JPG	2.226	2.07	0	0	0	NaN
194	IMG00414.JPG	2.133	1.675	0	0	0	NaN
195	IMG00414.JPG	3.53	1.606	0	0	0	NaN
196	IMG00414.JPG	3.478	2.012	0	0	0	NaN
197	IMG00414.JPG	2.284	1.641	0	0	0	NaN
198	IMG00414.JPG	2.423	0.835	0	0	0	NaN
199	IMG00414.JPG	3.148	0.788	0	0	0	NaN
200	IMG00414.JPG	3.426	1.6	0	0	0	NaN
201	IMG00413.JPG	2.313	1.925	0	0	0	NaN
202	IMG00413.JPG	2.232	1.629	0	0	0	NaN
203	IMG00413.JPG	3.49	1.449	0	0	0	NaN
204	IMG00413.JPG	3.513	1.832	0	0	0	NaN
205	IMG00413.JPG	2.336	1.577	0	0	0	NaN
206	IMG00413.JPG	2.446	0.858	0	0	0	NaN
207	IMG00413.JPG	3.165	0.812	0	0	0	NaN
208	IMG00413.JPG	3.386	1.478	0	0	0	NaN
209	IMG00412.JPG	2.186	2.075	0	0	0	NaN
210	IMG00412.JPG	2.11	1.693	0	0	0	NaN
211	IMG00412.JPG	3.374	1.641	0	0	0	NaN
212	IMG00412.JPG	3.362	2.046	0	0	0	NaN
213	IMG00412.JPG	2.249	1.687	0	0	0	NaN
214	IMG00412.JPG	2.336	0.87	0	0	0	NaN
215	IMG00412.JPG	3.142	0.794	0	0	0	NaN
216	IMG00412.JPG	3.299	1.612	0	0	0	NaN
217	IMG00411.JPG	2.197	2.139	0	0	0	NaN
218	IMG00411.JPG	2.145	1.664	0	0	0	NaN
219	IMG00411.JPG	3.496	1.565	0	0	0	NaN
220	IMG00411.JPG	3.519	2.035	0	0	0	NaN
221	IMG00411.JPG	2.319	1.646	0	0	0	NaN
222	IMG00411.JPG	2.481	0.817	0	0	0	NaN
223	IMG00411.JPG	3.177	0.788	0	0	0	NaN
224	IMG00411.JPG	3.368	1.565	0	0	0	NaN
225	IMG00410.JPG	2.157	2.133	0	0	0	NaN
226	IMG00410.JPG	2.075	1.675	0	0	0	NaN
227	IMG00410.JPG	3.484	1.583	0	0	0	NaN
228	IMG00410.JPG	3.478	2.046	0	0	0	NaN
229	IMG00410.JPG	2.214	1.652	0	0	0	NaN
230	IMG00410.JPG	2.365	0.719	0	0	0	NaN
231	IMG00410.JPG	3.119	0.69	0	0	0	NaN
232	IMG00410.JPG	3.38	1.594	0	0	0	NaN
233	IMG00409.JPG	2.203	2.307	0	0	0	NaN
234	IMG00409.JPG	2.017	1.704	0	0	0	NaN
235	IMG00409.JPG	3.554	1.542	0	0	0	NaN
236	IMG00409.JPG	3.571	2.18	0	0	0	NaN
237	IMG00409.JPG	2.284	1.71	0	0	0	NaN
238	IMG00409.JPG	2.406	0.864	0	0	0	NaN
239	IMG00409.JPG	3.183	0.887	0	0	0	NaN
240	IMG00409.JPG	3.438	1.559	0	0	0	NaN
241	IMG00408.JPG	2.261	2.272	0	0	0	NaN
242	IMG00408.JPG	2.041	1.797	0	0	0	NaN
243	IMG00408.JPG	3.513	1.559	0	0	0	NaN
244	IMG00408.JPG	3.507	2.087	0	0	0	NaN
245	IMG00408.JPG	2.191	1.733	0	0	0	NaN
246	IMG00408.JPG	2.429	0.667	0	0	0	NaN
247	IMG00408.JPG	3.188	0.649	0	0	0	NaN
248	IMG00408.JPG	3.42	1.548	0	0	0	NaN
249	IMG00407.JPG	2.197	2.128	0	0	0	NaN
250	IMG00407.JPG	2.151	1.774	0	0	0	NaN
251	IMG00407.JPG	3.496	1.617	0	0	0	NaN
252	IMG00407.JPG	3.438	2.052	0	0	0	NaN
253	IMG00407.JPG	2.255	1.687	0	0	0	NaN
254	IMG00407.JPG	2.4	0.846	0	0	0	NaN
255	IMG00407.JPG	3.148	0.806	0	0	0	NaN
256	IMG00407.JPG	3.374	1.623	0	0	0	NaN
257	IMG00406.JPG	2.18	2.041	0	0	0	NaN
258	IMG00406.JPG	2.07	1.675	0	0	0	NaN
259	IMG00406.JPG	3.438	1.49	0	0	0	NaN
260	IMG00406.JPG	3.391	1.948	0	0	0	NaN
261	IMG00406.JPG	2.186	1.612	0	0	0	NaN
262	IMG00406.JPG	2.371	0.846	0	0	0	NaN
263	IMG00406.JPG	3.072	0.835	0	0	0	NaN
264	IMG00406.JPG	3.31	1.53	0	0	0	NaN
265	IMG00405.JPG	2.243	2.087	0	0	0	NaN
266	IMG00405.JPG	2.157	1.728	0	0	0	NaN
267	IMG00405.JPG	3.438	1.629	0	0	0	NaN
268	IMG00405.JPG	3.443	1.994	0	0	0	NaN
269	IMG00405.JPG	2.319	1.704	0	0	0	NaN
270	IMG00405.JPG	2.487	0.933	0	0	0	NaN
271	IMG00405.JPG	3.119	0.91	0	0	0	NaN
272	IMG00405.JPG	3.333	1.583	0	0	0	NaN
273	IMG00404.JPG	2.267	1.896	0	0	0	NaN
274	IMG00404.JPG	2.243	1.559	0	0	0	NaN
275	IMG00404.JPG	3.455	1.513	0	0	0	NaN
276	IMG00404.JPG	3.362	1.919	0	0	0	NaN
277	IMG00404.JPG	2.359	1.519	0	0	0	NaN
278	IMG00404.JPG	2.412	0.829	0	0	0	NaN
279	IMG00404.JPG	3.188	0.748	0	0	0	NaN
280	IMG00404.JPG	3.362	1.536	0	0	0	NaN
281	IMG00403.JPG	2.151	2.116	0	0	0	NaN
282	IMG00403.JPG	2.046	1.67	0	0	0	NaN
283	IMG00403.JPG	3.513	1.548	0	0	0	NaN
284	IMG00403.JPG	3.542	2.023	0	0	0	NaN
285	IMG00403.JPG	2.267	1.635	0	0	0	NaN
286	IMG00403.JPG	2.475	0.777	0	0	0	NaN
287	IMG00403.JPG	3.125	0.754	0	0	0	NaN
288	IMG00403.JPG	3.386	1.548	0	0	0	NaN
289	IMG00402.JPG	2.075	2.116	0	0	0	NaN
290	IMG00402.JPG	2.07	1.757	0	0	0	NaN
291	IMG00402.JPG	3.467	1.588	0	0	0	NaN
292	IMG00402.JPG	3.577	1.988	0	0	0	NaN
293	IMG00402.JPG	2.209	1.699	0	0	0	NaN
294	IMG00402.JPG	2.388	1.009	0	0	0	NaN
295	IMG00402.JPG	3.13	0.951	0	0	0	NaN
296	IMG00402.JPG	3.345	1.577	0	0	0	NaN
297	IMG00401.JPG	2.22	2.041	0	0	0	NaN
298	IMG00401.JPG	2.07	1.612	0	0	0	NaN
299	IMG00401.JPG	3.368	1.565	0	0	0	NaN
300	IMG00401.JPG	3.397	1.983	0	0	0	NaN
301	IMG00401.JPG	2.191	1.612	0	0	0	NaN
302	IMG00401.JPG	2.417	0.672	0	0	0	NaN
303	IMG00401.JPG	3.101	0.638	0	0	0	NaN
304	IMG00401.JPG	3.299	1.525	0	0	0	NaN
305	IMG00400.JPG	2.133	2.064	0	0	0	NaN
306	IMG00400.JPG	2.116	1.693	0	0	0	NaN
307	IMG00400.JPG	3.42	1.554	0	0	0	NaN
308	IMG00400.JPG	3.467	1.971	0	0	0	NaN
309	IMG00400.JPG	2.267	1.681	0	0	0	NaN
310	IMG00400.JPG	2.429	0.736	0	0	0	NaN
311	IMG00400.JPG	3.09	0.672	0	0	0	NaN
312	IMG00400.JPG	3.333	1.565	0	0	0	NaN
313	IMG00399.JPG	2.209	2.087	0	0	0	NaN
314	IMG00399.JPG	2.122	1.699	0	0	0	NaN
315	IMG00399.JPG	3.478	1.577	0	0	0	NaN
316	IMG00399.JPG	3.484	1.983	0	0	0	NaN
317	IMG00399.JPG	2.261	1.67	0	0	0	NaN
318	IMG00399.JPG	2.423	0.817	0	0	0	NaN
319	IMG00399.JPG	3.142	0.777	0	0	0	NaN
320	IMG00399.JPG	3.357	1.571	0	0	0	NaN
321	IMG00398.JPG	2.255	2.203	0	0	0	NaN
322	IMG00398.JPG	2.162	1.745	0	0	0	NaN
323	IMG00398.JPG	3.397	1.571	0	0	0	NaN
324	IMG00398.JPG	3.403	2.075	0	0	0	NaN
325	IMG00398.JPG	2.29	1.687	0	0	0	NaN
326	IMG00398.JPG	2.417	0.98	0	0	0	NaN
327	IMG00398.JPG	3.084	0.904	0	0	0	NaN
328	IMG00398.JPG	3.304	1.565	0	0	0	NaN
329	IMG00397.JPG	2.214	2.081	0	0	0	NaN
330	IMG00397.JPG	2.174	1.658	0	0	0	NaN
331	IMG00397.JPG	3.49	1.525	0	0	0	NaN
332	IMG00397.JPG	3.559	1.977	0	0	0	NaN
333	IMG00397.JPG	2.301	1.646	0	0	0	NaN
334	IMG00397.JPG	2.516	0.759	0	0	0	NaN
335	IMG00397.JPG	3.107	0.742	0	0	0	NaN
336	IMG00397.JPG	3.391	1.536	0	0	0	NaN
337	IMG00396.JPG	2.284	2.104	0	0	0	NaN
338	IMG00396.JPG	2.261	1.641	0	0	0	NaN
339	IMG00396.JPG	3.525	1.513	0	0	0	NaN
340	IMG00396.JPG	3.565	2.023	0	0	0	NaN
341	IMG00396.JPG	2.377	1.6	0	0	0	NaN
342	IMG00396.JPG	2.417	0.939	0	0	0	NaN
343	IMG00396.JPG	3.061	0.875	0	0	0	NaN
344	IMG00396.JPG	3.357	1.571	0	0	0	NaN
345	IMG00395.JPG	2.243	1.936	0	0	0	NaN
346	IMG00395.JPG	2.191	1.6	0	0	0	NaN
347	IMG00395.JPG	3.461	1.507	0	0	0	NaN
348	IMG00395.JPG	3.443	1.925	0	0	0	NaN
349	IMG00395.JPG	2.348	1.588	0	0	0	NaN
350	IMG00395.JPG	2.504	0.881	0	0	0	NaN
351	IMG00395.JPG	3.148	0.835	0	0	0	NaN
352	IMG00395.JPG	3.351	1.542	0	0	0	NaN
353	IMG00394.JPG	2.255	2.012	0	0	0	NaN
354	IMG00394.JPG	2.238	1.629	0	0	0	NaN
355	IMG00394.JPG	3.53	1.554	0	0	0	NaN
356	IMG00394.JPG	3.484	2.058	0	0	0	NaN
357	IMG00394.JPG	2.325	1.554	0	0	0	NaN
358	IMG00394.JPG	2.493	0.742	0	0	0	NaN
359	IMG00394.JPG	3.165	0.719	0	0	0	NaN
360	IMG00394.JPG	3.449	1.594	0	0	0	NaN
361	IMG00393.JPG	2.18	2.203	0	0	0	NaN
362	IMG00393.JPG	2.145	1.728	0	0	0	NaN
363	IMG00393.JPG	3.612	1.513	0	0	0	NaN
364	IMG00393.JPG	3.641	2.058	0	0	0	NaN
365	IMG00393.JPG	2.296	1.704	0	0	0	NaN
366	IMG00393.JPG	2.528	0.864	0	0	0	NaN
367	IMG00393.JPG	3.171	0.829	0	0	0	NaN
368	IMG00393.JPG	3.455	1.548	0	0	0	NaN
369	IMG00392.JPG	2.133	2.104	0	0	0	NaN
370	IMG00392.JPG	2.052	1.652	0	0	0	NaN
371	IMG00392.JPG	3.386	1.577	0	0	0	NaN
372	IMG00392.JPG	3.403	2.046	0	0	0	NaN
373	IMG00392.JPG	2.197	1.577	0	0	0	NaN
374	IMG00392.JPG	2.307	0.684	0	0	0	NaN
375	IMG00392.JPG	3.072	0.586	0	0	0	NaN
376	IMG00392.JPG	3.328	1.571	0	0	0	NaN
377	IMG00391.JPG	2.209	2.087	0	0	0	NaN
378	IMG00391.JPG	2.162	1.635	0	0	0	NaN
379	IMG00391.JPG	3.432	1.623	0	0	0	NaN
380	IMG00391.JPG	3.414	2.064	0	0	0	NaN
381	IMG00391.JPG	2.238	1.594	0	0	0	NaN
382	IMG00391.JPG	2.452	0.754	0	0	0	NaN
383	IMG00391.JPG	3.119	0.759	0	0	0	NaN
384	IMG00391.JPG	3.345	1.594	0	0	0	NaN
385	IMG00390.JPG	2.133	2.29	0	0	0	NaN
386	IMG00390.JPG	2.046	1.739	0	0	0	NaN
387	IMG00390.JPG	3.554	1.606	0	0	0	NaN
388	IMG00390.JPG	3.501	2.255	0	0	0	NaN
389	IMG00390.JPG	2.22	1.733	0	0	0	NaN
390	IMG00390.JPG	2.464	0.893	0	0	0	NaN
391	IMG00390.JPG	3.09	0.864	0	0	0	NaN
392	IMG00390.JPG	3.432	1.612	0	0	0	NaN
393	IMG00389.JPG	2.203	2.214	0	0	0	NaN
394	IMG00389.JPG	2.11	1.733	0	0	0	NaN
395	IMG00389.JPG	3.496	1.646	0	0	0	NaN
396	IMG00389.JPG	3.432	2.145	0	0	0	NaN
397	IMG00389.JPG	2.255	1.699	0	0	0	NaN
398	IMG00389.JPG	2.423	0.759	0	0	0	NaN
399	IMG00389.JPG	3.107	0.69	0	0	0	NaN
400	IMG00389.JPG	3.38	1.652	0	0	0	NaN
401	IMG00388.JPG	2.116	2.238	0	0	0	NaN
402	IMG00388.JPG	2.017	1.693	0	0	0	NaN
403	IMG00388.JPG	3.536	1.6	0	0	0	NaN
404	IMG00388.JPG	3.554	2.22	0	0	0	NaN
405	IMG00388.JPG	2.157	1.646	0	0	0	NaN
406	IMG00388.JPG	2.377	1.032	0	0	0	NaN
407	IMG00388.JPG	3.206	1.003	0	0	0	NaN
408	IMG00388.JPG	3.403	1.652	0	0	0	NaN
409	IMG00387.JPG	2.203	2.11	0	0	0	NaN
410	IMG00387.JPG	2.151	1.664	0	0	0	NaN
411	IMG00387.JPG	3.472	1.617	0	0	0	NaN
412	IMG00387.JPG	3.513	2.052	0	0	0	NaN
413	IMG00387.JPG	2.261	1.641	0	0	0	NaN
414	IMG00387.JPG	2.504	0.841	0	0	0	NaN
415	IMG00387.JPG	3.136	0.817	0	0	0	NaN
416	IMG00387.JPG	3.351	1.594	0	0	0	NaN
417	IMG00386.JPG	2.296	2.116	0	0	0	NaN
418	IMG00386.JPG	2.18	1.681	0	0	0	NaN
419	IMG00386.JPG	3.501	1.571	0	0	0	NaN
420	IMG00386.JPG	3.513	2.041	0	0	0	NaN
421	IMG00386.JPG	2.319	1.646	0	0	0	NaN
422	IMG00386.JPG	2.528	0.771	0	0	0	NaN
423	IMG00386.JPG	3.154	0.707	0	0	0	NaN
424	IMG00386.JPG	3.403	1.565	0	0	0	NaN
425	IMG00385.JPG	2.122	2.18	0	0	0	NaN
426	IMG00385.JPG	2.07	1.791	0	0	0	NaN
427	IMG00385.JPG	3.426	1.588	0	0	0	NaN
428	IMG00385.JPG	3.496	2	0	0	0	NaN
429	IMG00385.JPG	2.22	1.768	0	0	0	NaN
430	IMG00385.JPG	2.499	0.887	0	0	0	NaN
431	IMG00385.JPG	3.061	0.87	0	0	0	NaN
432	IMG00385.JPG	3.322	1.606	0	0	0	NaN
433	IMG00384.JPG	2.249	2.11	0	0	0	NaN
434	IMG00384.JPG	2.191	1.658	0	0	0	NaN
435	IMG00384.JPG	3.53	1.588	0	0	0	NaN
436	IMG00384.JPG	3.519	2.058	0	0	0	NaN
437	IMG00384.JPG	2.301	1.617	0	0	0	NaN
438	IMG00384.JPG	2.499	0.893	0	0	0	NaN
439	IMG00384.JPG	3.159	0.852	0	0	0	NaN
440	IMG00384.JPG	3.432	1.606	0	0	0	NaN
441	IMG00383.JPG	2.261	2.186	0	0	0	NaN
442	IMG00383.JPG	2.162	1.629	0	0	0	NaN
443	IMG00383.JPG	3.426	1.559	0	0	0	NaN
444	IMG00383.JPG	3.357	2.116	0	0	0	NaN
445	IMG00383.JPG	2.301	1.629	0	0	0	NaN
446	IMG00383.JPG	2.458	0.933	0	0	0	NaN
447	IMG00383.JPG	3.125	0.875	0	0	0	NaN
448	IMG00383.JPG	3.293	1.559	0	0	0	NaN
449	IMG00382.JPG	2.22	1.971	0	0	0	NaN
450	IMG00382.JPG	2.168	1.565	0	0	0	NaN
451	IMG00382.JPG	3.368	1.536	0	0	0	NaN
452	IMG00382.JPG	3.391	1.977	0	0	0	NaN
453	IMG00382.JPG	2.33	1.571	0	0	0	NaN
454	IMG00382.JPG	2.481	0.829	0	0	0	NaN
455	IMG00382.JPG	3.171	0.8	0	0	0	NaN
456	IMG00382.JPG	3.287	1.536	0	0	0	NaN
457	IMG00381.JPG	2.168	1.89	0	0	0	NaN
458	IMG00381.JPG	2.11	1.612	0	0	0	NaN
459	IMG00381.JPG	3.345	1.583	0	0	0	NaN
460	IMG00381.JPG	3.368	1.884	0	0	0	NaN
461	IMG00381.JPG	2.226	1.623	0	0	0	NaN
462	IMG00381.JPG	2.4	0.661	0	0	0	NaN
463	IMG00381.JPG	3.043	0.643	0	0	0	NaN
464	IMG00381.JPG	3.264	1.594	0	0	0	NaN
465	IMG00380.JPG	2.122	1.884	0	0	0	NaN
466	IMG00380.JPG	2.064	1.577	0	0	0	NaN
467	IMG00380.JPG	3.368	1.554	0	0	0	NaN
468	IMG00380.JPG	3.362	1.901	0	0	0	NaN
469	IMG00380.JPG	2.162	1.583	0	0	0	NaN
470	IMG00380.JPG	2.377	0.707	0	0	0	NaN
471	IMG00380.JPG	3.038	0.667	0	0	0	NaN
472	IMG00380.JPG	3.287	1.53	0	0	0	NaN
473	IMG00379.JPG	2.157	2	0	0	0	NaN
474	IMG00379.JPG	2.128	1.646	0	0	0	NaN
475	IMG00379.JPG	3.443	1.588	0	0	0	NaN
476	IMG00379.JPG	3.472	1.965	0	0	0	NaN
477	IMG00379.JPG	2.278	1.646	0	0	0	NaN
478	IMG00379.JPG	2.342	0.765	0	0	0	NaN
479	IMG00379.JPG	3.13	0.748	0	0	0	NaN
480	IMG00379.JPG	3.333	1.617	0	0	0	NaN
481	IMG00378.JPG	2.151	2.29	0	0	0	NaN
482	IMG00378.JPG	2.035	1.791	0	0	0	NaN
483	IMG00378.JPG	3.542	1.612	0	0	0	NaN
484	IMG00378.JPG	3.53	2.209	0	0	0	NaN
485	IMG00378.JPG	2.243	1.751	0	0	0	NaN
486	IMG00378.JPG	2.354	0.974	0	0	0	NaN
487	IMG00378.JPG	3.252	0.916	0	0	0	NaN
488	IMG00378.JPG	3.409	1.617	0	0	0	NaN
489	IMG00377.JPG	2.18	2.081	0	0	0	NaN
490	IMG00377.JPG	2.07	1.612	0	0	0	NaN
491	IMG00377.JPG	3.426	1.496	0	0	0	NaN
492	IMG00377.JPG	3.403	1.983	0	0	0	NaN
493	IMG00377.JPG	2.261	1.6	0	0	0	NaN
494	IMG00377.JPG	2.441	0.794	0	0	0	NaN
495	IMG00377.JPG	3.026	0.806	0	0	0	NaN
496	IMG00377.JPG	3.31	1.525	0	0	0	NaN
497	IMG00376.JPG	2.191	2.104	0	0	0	NaN
498	IMG00376.JPG	2.128	1.675	0	0	0	NaN
499	IMG00376.JPG	3.438	1.612	0	0	0	NaN
500	IMG00376.JPG	3.455	2.041	0	0	0	NaN
501	IMG00376.JPG	2.238	1.646	0	0	0	NaN
502	IMG00376.JPG	2.377	0.817	0	0	0	NaN
503	IMG00376.JPG	3.165	0.783	0	0	0	NaN
504	IMG00376.JPG	3.351	1.606	0	0	0	NaN
505	IMG00375.JPG	2.157	1.977	0	0	0	NaN
506	IMG00375.JPG	2.075	1.687	0	0	0	NaN
507	IMG00375.JPG	3.362	1.612	0	0	0	NaN
508	IMG00375.JPG	3.391	1.959	0	0	0	NaN
509	IMG00375.JPG	2.186	1.652	0	0	0	NaN
510	IMG00375.JPG	2.47	0.788	0	0	0	NaN
511	IMG00375.JPG	3.049	0.765	0	0	0	NaN
512	IMG00375.JPG	3.293	1.612	0	0	0	NaN
513	IMG00374.JPG	2.232	2.093	0	0	0	NaN
514	IMG00374.JPG	2.139	1.617	0	0	0	NaN
515	IMG00374.JPG	3.548	1.542	0	0	0	NaN
516	IMG00374.JPG	3.525	2	0	0	0	NaN
517	IMG00374.JPG	2.284	1.612	0	0	0	NaN
518	IMG00374.JPG	2.475	0.817	0	0	0	NaN
519	IMG00374.JPG	3.165	0.777	0	0	0	NaN
520	IMG00374.JPG	3.409	1.536	0	0	0	NaN
521	IMG00373.JPG	2.226	2.11	0	0	0	NaN
522	IMG00373.JPG	2.087	1.646	0	0	0	NaN
523	IMG00373.JPG	3.501	1.571	0	0	0	NaN
524	IMG00373.JPG	3.478	2.087	0	0	0	NaN
525	IMG00373.JPG	2.29	1.623	0	0	0	NaN
526	IMG00373.JPG	2.452	0.864	0	0	0	NaN
527	IMG00373.JPG	3.27	0.916	0	0	0	NaN
528	IMG00373.JPG	3.386	1.565	0	0	0	NaN
529	IMG00372.JPG	2.22	2.035	0	0	0	NaN
530	IMG00372.JPG	2.203	1.699	0	0	0	NaN
531	IMG00372.JPG	3.472	1.635	0	0	0	NaN
532	IMG00372.JPG	3.438	2.081	0	0	0	NaN
533	IMG00372.JPG	2.296	1.629	0	0	0	NaN
534	IMG00372.JPG	2.493	0.8	0	0	0	NaN
535	IMG00372.JPG	3.113	0.759	0	0	0	NaN
536	IMG00372.JPG	3.38	1.652	0	0	0	NaN
537	IMG00371.JPG	2.319	1.971	0	0	0	NaN
538	IMG00371.JPG	2.203	1.612	0	0	0	NaN
539	IMG00371.JPG	3.386	1.554	0	0	0	NaN
540	IMG00371.JPG	3.328	1.948	0	0	0	NaN
541	IMG00371.JPG	2.348	1.577	0	0	0	NaN
542	IMG00371.JPG	2.464	0.806	0	0	0	NaN
543	IMG00371.JPG	3.055	0.8	0	0	0	NaN
544	IMG00371.JPG	3.275	1.559	0	0	0	NaN
545	IMG00370.JPG	2.197	2.388	0	0	0	NaN
546	IMG00370.JPG	2.093	1.745	0	0	0	NaN
547	IMG00370.JPG	3.577	1.554	0	0	0	NaN
548	IMG00370.JPG	3.681	2.162	0	0	0	NaN
549	IMG00370.JPG	2.278	1.728	0	0	0	NaN
550	IMG00370.JPG	2.458	0.864	0	0	0	NaN
551	IMG00370.JPG	3.177	0.8	0	0	0	NaN
552	IMG00370.JPG	3.42	1.571	0	0	0	NaN
553	IMG00369.JPG	2.197	2.145	0	0	0	NaN
554	IMG00369.JPG	2.099	1.699	0	0	0	NaN
555	IMG00369.JPG	3.507	1.571	0	0	0	NaN
556	IMG00369.JPG	3.542	2.017	0	0	0	NaN
557	IMG00369.JPG	2.238	1.681	0	0	0	NaN
558	IMG00369.JPG	2.406	0.829	0	0	0	NaN
559	IMG00369.JPG	3.119	0.812	0	0	0	NaN
560	IMG00369.JPG	3.409	1.565	0	0	0	NaN
561	IMG00368.JPG	2.058	2.116	0	0	0	NaN
562	IMG00368.JPG	2.035	1.641	0	0	0	NaN
563	IMG00368.JPG	3.472	1.577	0	0	0	NaN
564	IMG00368.JPG	3.432	2.099	0	0	0	NaN
565	IMG00368.JPG	2.174	1.623	0	0	0	NaN
566	IMG00368.JPG	2.325	0.667	0	0	0	NaN
567	IMG00368.JPG	3.171	0.632	0	0	0	NaN
568	IMG00368.JPG	3.368	1.612	0	0	0	NaN
569	IMG00367.JPG	2.151	2.046	0	0	0	NaN
570	IMG00367.JPG	2.087	1.554	0	0	0	NaN
571	IMG00367.JPG	3.403	1.49	0	0	0	NaN
572	IMG00367.JPG	3.333	2.046	0	0	0	NaN
573	IMG00367.JPG	2.284	1.542	0	0	0	NaN
574	IMG00367.JPG	2.388	0.696	0	0	0	NaN
575	IMG00367.JPG	3.101	0.609	0	0	0	NaN
576	IMG00367.JPG	3.304	1.519	0	0	0	NaN
577	IMG00366.JPG	2.243	2.104	0	0	0	NaN
578	IMG00366.JPG	2.226	1.635	0	0	0	NaN
579	IMG00366.JPG	3.478	1.554	0	0	0	NaN
580	IMG00366.JPG	3.478	2.064	0	0	0	NaN
581	IMG00366.JPG	2.325	1.6	0	0	0	NaN
582	IMG00366.JPG	2.406	0.777	0	0	0	NaN
583	IMG00366.JPG	3.084	0.748	0	0	0	NaN
584	IMG00366.JPG	3.397	1.542	0	0	0	NaN
585	IMG00365.JPG	2.174	1.925	0	0	0	NaN
586	IMG00365.JPG	2.128	1.641	0	0	0	NaN
587	IMG00365.JPG	3.438	1.554	0	0	0	NaN
588	IMG00365.JPG	3.455	1.855	0	0	0	NaN
589	IMG00365.JPG	2.203	1.635	0	0	0	NaN
590	IMG00365.JPG	2.417	0.638	0	0	0	NaN
591	IMG00365.JPG	3.125	0.597	0	0	0	NaN
592	IMG00365.JPG	3.339	1.542	0	0	0	NaN
593	IMG00364.JPG	2.157	2.041	0	0	0	NaN
594	IMG00364.JPG	2.07	1.577	0	0	0	NaN
595	IMG00364.JPG	3.501	1.6	0	0	0	NaN
596	IMG00364.JPG	3.478	2.116	0	0	0	NaN
597	IMG00364.JPG	2.243	1.594	0	0	0	NaN
598	IMG00364.JPG	2.354	0.887	0	0	0	NaN
599	IMG00364.JPG	3.246	0.829	0	0	0	NaN
600	IMG00364.JPG	3.42	1.565	0	0	0	NaN
601	mIMG00363.tif	2.243	1.942	0	0	0	NaN
602	mIMG00363.tif	2.191	1.571	0	0	0	NaN
603	mIMG00363.tif	3.455	1.513	0	0	0	NaN
604	mIMG00363.tif	3.455	1.901	0	0	0	NaN
605	mIMG00363.tif	2.313	1.588	0	0	0	NaN
606	mIMG00363.tif	2.4	0.841	0	0	0	NaN
607	mIMG00363.tif	3.223	0.754	0	0	0	NaN
608	mIMG00363.tif	3.328	1.554	0	0	0	NaN
609	IMG00362.JPG	2.133	2.11	0	0	0	NaN
610	IMG00362.JPG	2.052	1.646	0	0	0	NaN
611	IMG00362.JPG	3.606	1.507	0	0	0	NaN
612	IMG00362.JPG	3.548	1.977	0	0	0	NaN
613	IMG00362.JPG	2.209	1.641	0	0	0	NaN
614	IMG00362.JPG	2.388	0.655	0	0	0	NaN
615	IMG00362.JPG	3.246	0.609	0	0	0	NaN
616	IMG00362.JPG	3.484	1.542	0	0	0	NaN
617	IMG00361.JPG	2.041	2.255	0	0	0	NaN
618	IMG00361.JPG	2.029	1.617	0	0	0	NaN
619	IMG00361.JPG	3.519	1.536	0	0	0	NaN
620	IMG00361.JPG	3.542	2.122	0	0	0	NaN
621	IMG00361.JPG	2.157	1.6	0	0	0	NaN
622	IMG00361.JPG	2.325	0.875	0	0	0	NaN
623	IMG00361.JPG	3.119	0.852	0	0	0	NaN
624	IMG00361.JPG	3.304	1.594	0	0	0	NaN
625	IMG00360.JPG	2.22	2.122	0	0	0	NaN
626	IMG00360.JPG	2.075	1.6	0	0	0	NaN
627	IMG00360.JPG	3.472	1.519	0	0	0	NaN
628	IMG00360.JPG	3.397	2.075	0	0	0	NaN
629	IMG00360.JPG	2.267	1.606	0	0	0	NaN
630	IMG00360.JPG	2.33	0.719	0	0	0	NaN
631	IMG00360.JPG	3.235	0.597	0	0	0	NaN
632	IMG00360.JPG	3.351	1.554	0	0	0	NaN
633	IMG00359.JPG	2.174	2.162	0	0	0	NaN
634	IMG00359.JPG	2.11	1.652	0	0	0	NaN
635	IMG00359.JPG	3.449	1.606	0	0	0	NaN
636	IMG00359.JPG	3.409	2.139	0	0	0	NaN
637	IMG00359.JPG	2.255	1.641	0	0	0	NaN
638	IMG00359.JPG	2.47	0.829	0	0	0	NaN
639	IMG00359.JPG	3.055	0.806	0	0	0	NaN
640	IMG00359.JPG	3.322	1.594	0	0	0	NaN
641	IMG00358.JPG	2.272	2.041	0	0	0	NaN
642	IMG00358.JPG	2.151	1.641	0	0	0	NaN
643	IMG00358.JPG	3.374	1.583	0	0	0	NaN
644	IMG00358.JPG	3.414	1.965	0	0	0	NaN
645	IMG00358.JPG	2.261	1.641	0	0	0	NaN
646	IMG00358.JPG	2.359	0.719	0	0	0	NaN
647	IMG00358.JPG	3.165	0.707	0	0	0	NaN
648	IMG00358.JPG	3.31	1.6	0	0	0	NaN
649	IMG00357.JPG	2.081	2.041	0	0	0	NaN
650	IMG00357.JPG	2.029	1.542	0	0	0	NaN
651	IMG00357.JPG	3.426	1.548	0	0	0	NaN
652	IMG00357.JPG	3.409	2.017	0	0	0	NaN
653	IMG00357.JPG	2.18	1.565	0	0	0	NaN
654	IMG00357.JPG	2.354	0.661	0	0	0	NaN
655	IMG00357.JPG	3.038	0.626	0	0	0	NaN
656	IMG00357.JPG	3.357	1.548	0	0	0	NaN
657	IMG00356.JPG	2.139	2.064	0	0	0	NaN
658	IMG00356.JPG	2.087	1.687	0	0	0	NaN
659	IMG00356.JPG	3.501	1.583	0	0	0	NaN
660	IMG00356.JPG	3.478	2.075	0	0	0	NaN
661	IMG00356.JPG	2.214	1.6	0	0	0	NaN
662	IMG00356.JPG	2.394	0.887	0	0	0	NaN
663	IMG00356.JPG	3.107	0.823	0	0	0	NaN
664	IMG00356.JPG	3.42	1.588	0	0	0	NaN
665	IMG00355.JPG	2.243	2.075	0	0	0	NaN
666	IMG00355.JPG	2.186	1.681	0	0	0	NaN
667	IMG00355.JPG	3.507	1.594	0	0	0	NaN
668	IMG00355.JPG	3.461	1.965	0	0	0	NaN
669	IMG00355.JPG	2.33	1.652	0	0	0	NaN
670	IMG00355.JPG	2.348	0.806	0	0	0	NaN
671	IMG00355.JPG	3.154	0.719	0	0	0	NaN
672	IMG00355.JPG	3.409	1.583	0	0	0	NaN
673	IMG00354.JPG	2.023	2.133	0	0	0	NaN
674	IMG00354.JPG	1.983	1.612	0	0	0	NaN
675	IMG00354.JPG	3.53	1.594	0	0	0	NaN
676	IMG00354.JPG	3.559	2.11	0	0	0	NaN
677	IMG00354.JPG	2.168	1.641	0	0	0	NaN
678	IMG00354.JPG	2.412	0.939	0	0	0	NaN
679	IMG00354.JPG	3.165	0.899	0	0	0	NaN
680	IMG00354.JPG	3.351	1.612	0	0	0	NaN
681	IMG00353.JPG	2.017	2.133	0	0	0	NaN
682	IMG00353.JPG	1.948	1.623	0	0	0	NaN
683	IMG00353.JPG	3.542	1.6	0	0	0	NaN
684	IMG00353.JPG	3.525	2.093	0	0	0	NaN
685	IMG00353.JPG	2.157	1.641	0	0	0	NaN
686	IMG00353.JPG	2.406	0.974	0	0	0	NaN
687	IMG00353.JPG	3.159	0.899	0	0	0	NaN
688	IMG00353.JPG	3.275	1.646	0	0	0	NaN
689	IMG00352.JPG	2.104	2.232	0	0	0	NaN
690	IMG00352.JPG	2	1.623	0	0	0	NaN
691	IMG00352.JPG	3.554	1.617	0	0	0	NaN
692	IMG00352.JPG	3.536	2.238	0	0	0	NaN
693	IMG00352.JPG	2.191	1.623	0	0	0	NaN
694	IMG00352.JPG	2.377	0.69	0	0	0	NaN
695	IMG00352.JPG	3.154	0.649	0	0	0	NaN
696	IMG00352.JPG	3.443	1.623	0	0	0	NaN
697	IMG00351.JPG	2.162	2.116	0	0	0	NaN
698	IMG00351.JPG	2.023	1.594	0	0	0	NaN
699	IMG00351.JPG	3.42	1.623	0	0	0	NaN
700	IMG00351.JPG	3.38	2.099	0	0	0	NaN
701	IMG00351.JPG	2.191	1.6	0	0	0	NaN
702	IMG00351.JPG	2.319	0.754	0	0	0	NaN
703	IMG00351.JPG	3.154	0.725	0	0	0	NaN
704	IMG00351.JPG	3.333	1.623	0	0	0	NaN
705	IMG00350.JPG	2.145	2.174	0	0	0	NaN
706	IMG00350.JPG	2.11	1.641	0	0	0	NaN
707	IMG00350.JPG	3.548	1.565	0	0	0	NaN
708	IMG00350.JPG	3.548	2.162	0	0	0	NaN
709	IMG00350.JPG	2.325	1.571	0	0	0	NaN
710	IMG00350.JPG	2.423	0.788	0	0	0	NaN
711	IMG00350.JPG	3.212	0.777	0	0	0	NaN
712	IMG00350.JPG	3.409	1.635	0	0	0	NaN
713	IMG00349.JPG	2.29	1.925	0	0	0	NaN
714	IMG00349.JPG	2.249	1.594	0	0	0	NaN
715	IMG00349.JPG	3.53	1.513	0	0	0	NaN
716	IMG00349.JPG	3.507	1.907	0	0	0	NaN
717	IMG00349.JPG	2.359	1.577	0	0	0	NaN
718	IMG00349.JPG	2.516	0.713	0	0	0	NaN
719	IMG00349.JPG	3.154	0.713	0	0	0	NaN
720	IMG00349.JPG	3.438	1.53	0	0	0	NaN
721	IMG00348.JPG	2.081	2.157	0	0	0	NaN
722	IMG00348.JPG	2.081	1.71	0	0	0	NaN
723	IMG00348.JPG	3.496	1.617	0	0	0	NaN
724	IMG00348.JPG	3.606	2.07	0	0	0	NaN
725	IMG00348.JPG	2.255	1.704	0	0	0	NaN
726	IMG00348.JPG	2.475	0.846	0	0	0	NaN
727	IMG00348.JPG	3.125	0.812	0	0	0	NaN
728	IMG00348.JPG	3.374	1.629	0	0	0	NaN
729	IMG00347.JPG	2.139	2.058	0	0	0	NaN
730	IMG00347.JPG	2.081	1.577	0	0	0	NaN
731	IMG00347.JPG	3.501	1.513	0	0	0	NaN
732	IMG00347.JPG	3.478	2.006	0	0	0	NaN
733	IMG00347.JPG	2.226	1.606	0	0	0	NaN
734	IMG00347.JPG	2.383	0.719	0	0	0	NaN
735	IMG00347.JPG	3.206	0.707	0	0	0	NaN
736	IMG00347.JPG	3.362	1.501	0	0	0	NaN
737	IMG00346.JPG	2.145	2.186	0	0	0	NaN
738	IMG00346.JPG	2.122	1.658	0	0	0	NaN
739	IMG00346.JPG	3.571	1.53	0	0	0	NaN
740	IMG00346.JPG	3.594	2.168	0	0	0	NaN
741	IMG00346.JPG	2.249	1.559	0	0	0	NaN
742	IMG00346.JPG	2.423	0.823	0	0	0	NaN
743	IMG00346.JPG	3.136	0.812	0	0	0	NaN
744	IMG00346.JPG	3.374	1.571	0	0	0	NaN
745	IMG00345.JPG	2.191	2.186	0	0	0	NaN
746	IMG00345.JPG	2.116	1.71	0	0	0	NaN
747	IMG00345.JPG	3.501	1.646	0	0	0	NaN
748	IMG00345.JPG	3.525	2.041	0	0	0	NaN
749	IMG00345.JPG	2.232	1.693	0	0	0	NaN
750	IMG00345.JPG	2.394	0.852	0	0	0	NaN
751	IMG00345.JPG	3.125	0.8	0	0	0	NaN
752	IMG00345.JPG	3.38	1.612	0	0	0	NaN
753	IMG00344.JPG	2.342	2.023	0	0	0	NaN
754	IMG00344.JPG	2.168	1.623	0	0	0	NaN
755	IMG00344.JPG	3.409	1.519	0	0	0	NaN
756	IMG00344.JPG	3.478	1.925	0	0	0	NaN
757	IMG00344.JPG	2.272	1.612	0	0	0	NaN
758	IMG00344.JPG	2.412	0.858	0	0	0	NaN
759	IMG00344.JPG	3.09	0.748	0	0	0	NaN
760	IMG00344.JPG	3.322	1.513	0	0	0	NaN
761	IMG00343.JPG	2.087	2.093	0	0	0	NaN
762	IMG00343.JPG	2.099	1.612	0	0	0	NaN
763	IMG00343.JPG	3.472	1.536	0	0	0	NaN
764	IMG00343.JPG	3.414	2.017	0	0	0	NaN
765	IMG00343.JPG	2.197	1.606	0	0	0	NaN
766	IMG00343.JPG	2.4	0.684	0	0	0	NaN
767	IMG00343.JPG	3.067	0.684	0	0	0	NaN
768	IMG00343.JPG	3.357	1.554	0	0	0	NaN
769	IMG00342.JPG	2.145	2.041	0	0	0	NaN
770	IMG00342.JPG	2.07	1.623	0	0	0	NaN
771	IMG00342.JPG	3.478	1.554	0	0	0	NaN
772	IMG00342.JPG	3.478	2.006	0	0	0	NaN
773	IMG00342.JPG	2.22	1.583	0	0	0	NaN
774	IMG00342.JPG	2.388	0.661	0	0	0	NaN
775	IMG00342.JPG	3.194	0.632	0	0	0	NaN
776	IMG00342.JPG	3.386	1.571	0	0	0	NaN
777	IMG00341.JPG	2.255	1.907	0	0	0	NaN
778	IMG00341.JPG	2.22	1.6	0	0	0	NaN
779	IMG00341.JPG	3.426	1.507	0	0	0	NaN
780	IMG00341.JPG	3.38	1.803	0	0	0	NaN
781	IMG00341.JPG	2.325	1.6	0	0	0	NaN
782	IMG00341.JPG	2.464	0.759	0	0	0	NaN
783	IMG00341.JPG	3.183	0.719	0	0	0	NaN
784	IMG00341.JPG	3.333	1.472	0	0	0	NaN
785	IMG00340.JPG	2.093	2.052	0	0	0	NaN
786	IMG00340.JPG	2.081	1.629	0	0	0	NaN
787	IMG00340.JPG	3.513	1.559	0	0	0	NaN
788	IMG00340.JPG	3.513	1.994	0	0	0	NaN
789	IMG00340.JPG	2.197	1.577	0	0	0	NaN
790	IMG00340.JPG	2.441	0.783	0	0	0	NaN
791	IMG00340.JPG	3.165	0.777	0	0	0	NaN
792	IMG00340.JPG	3.374	1.594	0	0	0	NaN
793	IMG00339.JPG	2.186	2.041	0	0	0	NaN
794	IMG00339.JPG	2.116	1.71	0	0	0	NaN
795	IMG00339.JPG	3.467	1.635	0	0	0	NaN
796	IMG00339.JPG	3.449	1.971	0	0	0	NaN
797	IMG00339.JPG	2.22	1.67	0	0	0	NaN
798	IMG00339.JPG	2.47	0.852	0	0	0	NaN
799	IMG00339.JPG	3.049	0.846	0	0	0	NaN
800	IMG00339.JPG	3.351	1.652	0	0	0	NaN
801	IMG00338.JPG	2.238	2.006	0	0	0	NaN
802	IMG00338.JPG	2.162	1.6	0	0	0	NaN
803	IMG00338.JPG	3.403	1.449	0	0	0	NaN
804	IMG00338.JPG	3.403	1.919	0	0	0	NaN
805	IMG00338.JPG	2.29	1.571	0	0	0	NaN
806	IMG00338.JPG	2.406	0.649	0	0	0	NaN
807	IMG00338.JPG	3.078	0.643	0	0	0	NaN
808	IMG00338.JPG	3.299	1.455	0	0	0	NaN
809	IMG00337.JPG	2.255	1.896	0	0	0	NaN
810	IMG00337.JPG	2.18	1.635	0	0	0	NaN
811	IMG00337.JPG	3.368	1.548	0	0	0	NaN
812	IMG00337.JPG	3.351	1.861	0	0	0	NaN
813	IMG00337.JPG	2.261	1.641	0	0	0	NaN
814	IMG00337.JPG	2.446	0.806	0	0	0	NaN
815	IMG00337.JPG	3.101	0.806	0	0	0	NaN
816	IMG00337.JPG	3.275	1.583	0	0	0	NaN
817	IMG00336.JPG	2.197	2.046	0	0	0	NaN
818	IMG00336.JPG	2.116	1.67	0	0	0	NaN
819	IMG00336.JPG	3.513	1.554	0	0	0	NaN
820	IMG00336.JPG	3.6	1.896	0	0	0	NaN
821	IMG00336.JPG	2.249	1.635	0	0	0	NaN
822	IMG00336.JPG	2.452	0.759	0	0	0	NaN
823	IMG00336.JPG	3.154	0.719	0	0	0	NaN
824	IMG00336.JPG	3.443	1.554	0	0	0	NaN
825	IMG00335.JPG	2.296	1.983	0	0	0	NaN
826	IMG00335.JPG	2.174	1.699	0	0	0	NaN
827	IMG00335.JPG	3.414	1.571	0	0	0	NaN
828	IMG00335.JPG	3.345	1.919	0	0	0	NaN
829	IMG00335.JPG	2.296	1.704	0	0	0	NaN
830	IMG00335.JPG	2.4	0.817	0	0	0	NaN
831	IMG00335.JPG	3.072	0.765	0	0	0	NaN
832	IMG00335.JPG	3.362	1.559	0	0	0	NaN
833	IMG00334.JPG	2.151	2.104	0	0	0	NaN
834	IMG00334.JPG	2.104	1.687	0	0	0	NaN
835	IMG00334.JPG	3.438	1.536	0	0	0	NaN
836	IMG00334.JPG	3.484	2.029	0	0	0	NaN
837	IMG00334.JPG	2.22	1.652	0	0	0	NaN
838	IMG00334.JPG	2.325	0.684	0	0	0	NaN
839	IMG00334.JPG	3.014	0.638	0	0	0	NaN
840	IMG00334.JPG	3.322	1.571	0	0	0	NaN
841	IMG00333.JPG	2.139	1.954	0	0	0	NaN
842	IMG00333.JPG	2.07	1.652	0	0	0	NaN
843	IMG00333.JPG	3.467	1.501	0	0	0	NaN
844	IMG00333.JPG	3.368	1.936	0	0	0	NaN
845	IMG00333.JPG	2.162	1.6	0	0	0	NaN
846	IMG00333.JPG	2.336	0.835	0	0	0	NaN
847	IMG00333.JPG	3.09	0.754	0	0	0	NaN
848	IMG00333.JPG	3.38	1.519	0	0	0	NaN
849	IMG00332.JPG	2.133	2.145	0	0	0	NaN
850	IMG00332.JPG	2.11	1.675	0	0	0	NaN
851	IMG00332.JPG	3.519	1.617	0	0	0	NaN
852	IMG00332.JPG	3.53	2.058	0	0	0	NaN
853	IMG00332.JPG	2.267	1.652	0	0	0	NaN
854	IMG00332.JPG	2.383	0.806	0	0	0	NaN
855	IMG00332.JPG	3.194	0.777	0	0	0	NaN
856	IMG00332.JPG	3.386	1.6	0	0	0	NaN
857	IMG00331.JPG	2.186	1.994	0	0	0	NaN
858	IMG00331.JPG	2.035	1.664	0	0	0	NaN
859	IMG00331.JPG	3.426	1.525	0	0	0	NaN
860	IMG00331.JPG	3.357	1.965	0	0	0	NaN
861	IMG00331.JPG	2.197	1.658	0	0	0	NaN
862	IMG00331.JPG	2.365	0.754	0	0	0	NaN
863	IMG00331.JPG	3.043	0.719	0	0	0	NaN
864	IMG00331.JPG	3.339	1.548	0	0	0	NaN
865	IMG00330.JPG	2.243	2.017	0	0	0	NaN
866	IMG00330.JPG	2.214	1.71	0	0	0	NaN
867	IMG00330.JPG	3.432	1.646	0	0	0	NaN
868	IMG00330.JPG	3.455	2.006	0	0	0	NaN
869	IMG00330.JPG	2.342	1.641	0	0	0	NaN
870	IMG00330.JPG	2.452	0.997	0	0	0	NaN
871	IMG00330.JPG	3.154	0.951	0	0	0	NaN
872	IMG00330.JPG	3.322	1.652	0	0	0	NaN
873	mIMG00329.tif	2.11	2.099	0	0	0	NaN
874	mIMG00329.tif	2.087	1.652	0	0	0	NaN
875	mIMG00329.tif	3.455	1.617	0	0	0	NaN
876	mIMG00329.tif	3.368	2.081	0	0	0	NaN
877	mIMG00329.tif	2.238	1.606	0	0	0	NaN
878	mIMG00329.tif	2.354	0.748	0	0	0	NaN
879	mIMG00329.tif	3.072	0.748	0	0	0	NaN
880	mIMG00329.tif	3.362	1.623	0	0	0	NaN