 	Label	X	Y	Circ.	AR	Round	Solidity
1	IMG02818.JPG	2.238	2.104	0	0	0	NaN
2	IMG02818.JPG	2.139	1.739	0	0	0	NaN
3	IMG02818.JPG	3.519	1.612	0	0	0	NaN
4	IMG02818.JPG	3.455	1.988	0	0	0	NaN
5	IMG02818.JPG	2.214	1.687	0	0	0	NaN
6	IMG02818.JPG	2.4	0.841	0	0	0	NaN
7	IMG02818.JPG	3.171	0.771	0	0	0	NaN
8	IMG02818.JPG	3.409	1.6	0	0	0	NaN
9	IMG02817.JPG	2.232	2.075	0	0	0	NaN
10	IMG02817.JPG	2.104	1.617	0	0	0	NaN
11	IMG02817.JPG	3.496	1.571	0	0	0	NaN
12	IMG02817.JPG	3.432	2.035	0	0	0	NaN
13	IMG02817.JPG	2.255	1.606	0	0	0	NaN
14	IMG02817.JPG	2.47	0.962	0	0	0	NaN
15	IMG02817.JPG	3.148	0.962	0	0	0	NaN
16	IMG02817.JPG	3.345	1.542	0	0	0	NaN
17	IMG02816.JPG	2.209	2.203	0	0	0	NaN
18	IMG02816.JPG	2.046	1.641	0	0	0	NaN
19	IMG02816.JPG	3.594	1.577	0	0	0	NaN
20	IMG02816.JPG	3.594	2.116	0	0	0	NaN
21	IMG02816.JPG	2.162	1.594	0	0	0	NaN
22	IMG02816.JPG	2.325	0.881	0	0	0	NaN
23	IMG02816.JPG	3.188	0.864	0	0	0	NaN
24	IMG02816.JPG	3.496	1.542	0	0	0	NaN
25	IMG02815.JPG	2.243	2.052	0	0	0	NaN
26	IMG02815.JPG	2.11	1.594	0	0	0	NaN
27	IMG02815.JPG	3.565	1.519	0	0	0	NaN
28	IMG02815.JPG	3.49	1.936	0	0	0	NaN
29	IMG02815.JPG	2.249	1.542	0	0	0	NaN
30	IMG02815.JPG	2.417	0.736	0	0	0	NaN
31	IMG02815.JPG	3.159	0.696	0	0	0	NaN
32	IMG02815.JPG	3.386	1.484	0	0	0	NaN
33	IMG02814.JPG	2.116	2.267	0	0	0	NaN
34	IMG02814.JPG	2.017	1.658	0	0	0	NaN
35	IMG02814.JPG	3.629	1.577	0	0	0	NaN
36	IMG02814.JPG	3.635	2.168	0	0	0	NaN
37	IMG02814.JPG	2.197	1.606	0	0	0	NaN
38	IMG02814.JPG	2.394	0.887	0	0	0	NaN
39	IMG02814.JPG	3.148	0.87	0	0	0	NaN
40	IMG02814.JPG	3.414	1.507	0	0	0	NaN
41	IMG02813.JPG	2.139	2.07	0	0	0	NaN
42	IMG02813.JPG	2.087	1.664	0	0	0	NaN
43	IMG02813.JPG	3.467	1.577	0	0	0	NaN
44	IMG02813.JPG	3.432	1.977	0	0	0	NaN
45	IMG02813.JPG	2.191	1.641	0	0	0	NaN
46	IMG02813.JPG	2.348	0.899	0	0	0	NaN
47	IMG02813.JPG	3.165	0.858	0	0	0	NaN
48	IMG02813.JPG	3.339	1.542	0	0	0	NaN
49	IMG02812.JPG	2.255	2.058	0	0	0	NaN
50	IMG02812.JPG	2.099	1.733	0	0	0	NaN
51	IMG02812.JPG	3.426	1.606	0	0	0	NaN
52	IMG02812.JPG	3.357	1.959	0	0	0	NaN
53	IMG02812.JPG	2.209	1.693	0	0	0	NaN
54	IMG02812.JPG	2.394	0.916	0	0	0	NaN
55	IMG02812.JPG	3.067	0.899	0	0	0	NaN
56	IMG02812.JPG	3.299	1.53	0	0	0	NaN
57	IMG02811.JPG	2.174	2.417	0	0	0	NaN
58	IMG02811.JPG	2.104	1.722	0	0	0	NaN
59	IMG02811.JPG	3.693	1.623	0	0	0	NaN
60	IMG02811.JPG	3.681	2.319	0	0	0	NaN
61	IMG02811.JPG	2.278	1.699	0	0	0	NaN
62	IMG02811.JPG	2.475	0.962	0	0	0	NaN
63	IMG02811.JPG	3.177	0.91	0	0	0	NaN
64	IMG02811.JPG	3.49	1.629	0	0	0	NaN
65	IMG02810.JPG	2.197	2.191	0	0	0	NaN
66	IMG02810.JPG	2.128	1.6	0	0	0	NaN
67	IMG02810.JPG	3.577	1.507	0	0	0	NaN
68	IMG02810.JPG	3.559	2.093	0	0	0	NaN
69	IMG02810.JPG	2.278	1.577	0	0	0	NaN
70	IMG02810.JPG	2.388	0.899	0	0	0	NaN
71	IMG02810.JPG	3.165	0.881	0	0	0	NaN
72	IMG02810.JPG	3.432	1.496	0	0	0	NaN
73	IMG02809.JPG	2.197	1.988	0	0	0	NaN
74	IMG02809.JPG	2.151	1.67	0	0	0	NaN
75	IMG02809.JPG	3.484	1.496	0	0	0	NaN
76	IMG02809.JPG	3.501	1.925	0	0	0	NaN
77	IMG02809.JPG	2.29	1.623	0	0	0	NaN
78	IMG02809.JPG	2.412	0.922	0	0	0	NaN
79	IMG02809.JPG	3.194	0.922	0	0	0	NaN
80	IMG02809.JPG	3.374	1.507	0	0	0	NaN
81	IMG02808.JPG	2.261	2.238	0	0	0	NaN
82	IMG02808.JPG	2.11	1.78	0	0	0	NaN
83	IMG02808.JPG	3.525	1.617	0	0	0	NaN
84	IMG02808.JPG	3.525	2.058	0	0	0	NaN
85	IMG02808.JPG	2.238	1.728	0	0	0	NaN
86	IMG02808.JPG	2.429	1.043	0	0	0	NaN
87	IMG02808.JPG	3.2	1.032	0	0	0	NaN
88	IMG02808.JPG	3.386	1.583	0	0	0	NaN
89	IMG02807.JPG	2.122	2.191	0	0	0	NaN
90	IMG02807.JPG	1.954	1.6	0	0	0	NaN
91	IMG02807.JPG	3.577	1.565	0	0	0	NaN
92	IMG02807.JPG	3.6	2.058	0	0	0	NaN
93	IMG02807.JPG	2.162	1.577	0	0	0	NaN
94	IMG02807.JPG	2.441	0.933	0	0	0	NaN
95	IMG02807.JPG	3.136	0.893	0	0	0	NaN
96	IMG02807.JPG	3.386	1.507	0	0	0	NaN
97	IMG02806.JPG	2.104	1.942	0	0	0	NaN
98	IMG02806.JPG	2.07	1.699	0	0	0	NaN
99	IMG02806.JPG	3.409	1.658	0	0	0	NaN
100	IMG02806.JPG	3.386	1.959	0	0	0	NaN
101	IMG02806.JPG	2.162	1.658	0	0	0	NaN
102	IMG02806.JPG	2.348	0.899	0	0	0	NaN
103	IMG02806.JPG	3.067	0.893	0	0	0	NaN
104	IMG02806.JPG	3.328	1.641	0	0	0	NaN
105	IMG02805.JPG	2.093	2.058	0	0	0	NaN
106	IMG02805.JPG	1.971	1.687	0	0	0	NaN
107	IMG02805.JPG	3.449	1.635	0	0	0	NaN
108	IMG02805.JPG	3.351	2.064	0	0	0	NaN
109	IMG02805.JPG	2.139	1.693	0	0	0	NaN
110	IMG02805.JPG	2.33	0.777	0	0	0	NaN
111	IMG02805.JPG	3.055	0.754	0	0	0	NaN
112	IMG02805.JPG	3.345	1.594	0	0	0	NaN
113	IMG02804.JPG	2.151	2.058	0	0	0	NaN
114	IMG02804.JPG	2.064	1.646	0	0	0	NaN
115	IMG02804.JPG	3.432	1.565	0	0	0	NaN
116	IMG02804.JPG	3.414	1.965	0	0	0	NaN
117	IMG02804.JPG	2.203	1.606	0	0	0	NaN
118	IMG02804.JPG	2.4	0.829	0	0	0	NaN
119	IMG02804.JPG	2.997	0.829	0	0	0	NaN
120	IMG02804.JPG	3.264	1.519	0	0	0	NaN
121	IMG02803.JPG	2.104	2.145	0	0	0	NaN
122	IMG02803.JPG	1.919	1.629	0	0	0	NaN
123	IMG02803.JPG	3.507	1.542	0	0	0	NaN
124	IMG02803.JPG	3.513	2.064	0	0	0	NaN
125	IMG02803.JPG	2.139	1.583	0	0	0	NaN
126	IMG02803.JPG	2.383	1.009	0	0	0	NaN
127	IMG02803.JPG	3.159	1.026	0	0	0	NaN
128	IMG02803.JPG	3.357	1.525	0	0	0	NaN
129	IMG02802.JPG	2	2.365	0	0	0	NaN
130	IMG02802.JPG	1.896	1.768	0	0	0	NaN
131	IMG02802.JPG	3.594	1.588	0	0	0	NaN
132	IMG02802.JPG	3.571	2.307	0	0	0	NaN
133	IMG02802.JPG	2.075	1.733	0	0	0	NaN
134	IMG02802.JPG	2.365	0.829	0	0	0	NaN
135	IMG02802.JPG	3.142	0.823	0	0	0	NaN
136	IMG02802.JPG	3.386	1.554	0	0	0	NaN
137	IMG02683.JPG	2.174	1.994	0	0	0	NaN
138	IMG02683.JPG	2.128	1.693	0	0	0	NaN
139	IMG02683.JPG	3.409	1.507	0	0	0	NaN
140	IMG02683.JPG	3.432	1.826	0	0	0	NaN
141	IMG02683.JPG	2.284	1.623	0	0	0	NaN
142	IMG02683.JPG	2.371	0.881	0	0	0	NaN
143	IMG02683.JPG	3.078	0.846	0	0	0	NaN
144	IMG02683.JPG	3.27	1.53	0	0	0	NaN
145	IMG02801.JPG	2.203	2.145	0	0	0	NaN
146	IMG02801.JPG	2.104	1.768	0	0	0	NaN
147	IMG02801.JPG	3.606	1.588	0	0	0	NaN
148	IMG02801.JPG	3.583	2.029	0	0	0	NaN
149	IMG02801.JPG	2.238	1.722	0	0	0	NaN
150	IMG02801.JPG	2.412	0.806	0	0	0	NaN
151	IMG02801.JPG	3.293	0.8	0	0	0	NaN
152	IMG02801.JPG	3.455	1.6	0	0	0	NaN
153	IMG02800.JPG	2.232	1.994	0	0	0	NaN
154	IMG02800.JPG	2.122	1.623	0	0	0	NaN
155	IMG02800.JPG	3.397	1.554	0	0	0	NaN
156	IMG02800.JPG	3.293	1.959	0	0	0	NaN
157	IMG02800.JPG	2.214	1.583	0	0	0	NaN
158	IMG02800.JPG	2.394	0.841	0	0	0	NaN
159	IMG02800.JPG	3.101	0.829	0	0	0	NaN
160	IMG02800.JPG	3.287	1.53	0	0	0	NaN
161	IMG02799.JPG	2.157	2.035	0	0	0	NaN
162	IMG02799.JPG	2.041	1.577	0	0	0	NaN
163	IMG02799.JPG	3.513	1.588	0	0	0	NaN
164	IMG02799.JPG	3.414	2.075	0	0	0	NaN
165	IMG02799.JPG	2.191	1.53	0	0	0	NaN
166	IMG02799.JPG	2.359	0.812	0	0	0	NaN
167	IMG02799.JPG	3.148	0.8	0	0	0	NaN
168	IMG02799.JPG	3.374	1.559	0	0	0	NaN
169	IMG02798.JPG	2.209	1.786	0	0	0	NaN
170	IMG02798.JPG	2.162	1.583	0	0	0	NaN
171	IMG02798.JPG	3.443	1.501	0	0	0	NaN
172	IMG02798.JPG	3.449	1.728	0	0	0	NaN
173	IMG02798.JPG	2.243	1.542	0	0	0	NaN
174	IMG02798.JPG	2.406	0.759	0	0	0	NaN
175	IMG02798.JPG	3.171	0.748	0	0	0	NaN
176	IMG02798.JPG	3.345	1.472	0	0	0	NaN
177	IMG02797.JPG	2.122	2.006	0	0	0	NaN
178	IMG02797.JPG	2.012	1.646	0	0	0	NaN
179	IMG02797.JPG	3.49	1.594	0	0	0	NaN
180	IMG02797.JPG	3.501	1.965	0	0	0	NaN
181	IMG02797.JPG	2.191	1.594	0	0	0	NaN
182	IMG02797.JPG	2.394	0.783	0	0	0	NaN
183	IMG02797.JPG	3.142	0.759	0	0	0	NaN
184	IMG02797.JPG	3.397	1.588	0	0	0	NaN
185	IMG02796.JPG	2.203	2.359	0	0	0	NaN
186	IMG02796.JPG	2.081	1.728	0	0	0	NaN
187	IMG02796.JPG	3.704	1.583	0	0	0	NaN
188	IMG02796.JPG	3.699	2.18	0	0	0	NaN
189	IMG02796.JPG	2.226	1.681	0	0	0	NaN
190	IMG02796.JPG	2.4	0.806	0	0	0	NaN
191	IMG02796.JPG	3.351	0.806	0	0	0	NaN
192	IMG02796.JPG	3.513	1.588	0	0	0	NaN
193	IMG02795.JPG	2.272	2.145	0	0	0	NaN
194	IMG02795.JPG	2.128	1.704	0	0	0	NaN
195	IMG02795.JPG	3.484	1.565	0	0	0	NaN
196	IMG02795.JPG	3.374	1.977	0	0	0	NaN
197	IMG02795.JPG	2.232	1.67	0	0	0	NaN
198	IMG02795.JPG	2.388	0.765	0	0	0	NaN
199	IMG02795.JPG	3.142	0.73	0	0	0	NaN
200	IMG02795.JPG	3.403	1.513	0	0	0	NaN
201	IMG02794.JPG	2.272	2.041	0	0	0	NaN
202	IMG02794.JPG	2.162	1.681	0	0	0	NaN
203	IMG02794.JPG	3.438	1.6	0	0	0	NaN
204	IMG02794.JPG	3.345	1.977	0	0	0	NaN
205	IMG02794.JPG	2.278	1.629	0	0	0	NaN
206	IMG02794.JPG	2.354	0.928	0	0	0	NaN
207	IMG02794.JPG	3.142	0.904	0	0	0	NaN
208	IMG02794.JPG	3.351	1.548	0	0	0	NaN
209	IMG02793.JPG	2.209	2.093	0	0	0	NaN
210	IMG02793.JPG	2.07	1.664	0	0	0	NaN
211	IMG02793.JPG	3.525	1.606	0	0	0	NaN
212	IMG02793.JPG	3.49	2.046	0	0	0	NaN
213	IMG02793.JPG	2.22	1.664	0	0	0	NaN
214	IMG02793.JPG	2.377	0.945	0	0	0	NaN
215	IMG02793.JPG	3.154	0.904	0	0	0	NaN
216	IMG02793.JPG	3.374	1.548	0	0	0	NaN
217	IMG02792.JPG	2.214	2.029	0	0	0	NaN
218	IMG02792.JPG	2.122	1.623	0	0	0	NaN
219	IMG02792.JPG	3.449	1.635	0	0	0	NaN
220	IMG02792.JPG	3.467	2.064	0	0	0	NaN
221	IMG02792.JPG	2.278	1.606	0	0	0	NaN
222	IMG02792.JPG	2.441	0.87	0	0	0	NaN
223	IMG02792.JPG	3.136	0.835	0	0	0	NaN
224	IMG02792.JPG	3.316	1.6	0	0	0	NaN
225	IMG02791.JPG	2.359	2.012	0	0	0	NaN
226	IMG02791.JPG	2.249	1.571	0	0	0	NaN
227	IMG02791.JPG	3.525	1.478	0	0	0	NaN
228	IMG02791.JPG	3.49	1.884	0	0	0	NaN
229	IMG02791.JPG	2.359	1.536	0	0	0	NaN
230	IMG02791.JPG	2.551	0.812	0	0	0	NaN
231	IMG02791.JPG	3.177	0.812	0	0	0	NaN
232	IMG02791.JPG	3.38	1.449	0	0	0	NaN
233	IMG02790.JPG	2.162	2.081	0	0	0	NaN
234	IMG02790.JPG	2.104	1.693	0	0	0	NaN
235	IMG02790.JPG	3.496	1.588	0	0	0	NaN
236	IMG02790.JPG	3.467	2.035	0	0	0	NaN
237	IMG02790.JPG	2.243	1.617	0	0	0	NaN
238	IMG02790.JPG	2.429	0.864	0	0	0	NaN
239	IMG02790.JPG	3.09	0.846	0	0	0	NaN
240	IMG02790.JPG	3.362	1.6	0	0	0	NaN
241	IMG02789.JPG	2.33	2.012	0	0	0	NaN
242	IMG02789.JPG	2.209	1.559	0	0	0	NaN
243	IMG02789.JPG	3.496	1.478	0	0	0	NaN
244	IMG02789.JPG	3.467	1.901	0	0	0	NaN
245	IMG02789.JPG	2.354	1.536	0	0	0	NaN
246	IMG02789.JPG	2.499	0.771	0	0	0	NaN
247	IMG02789.JPG	3.113	0.806	0	0	0	NaN
248	IMG02789.JPG	3.345	1.443	0	0	0	NaN
249	IMG02788.JPG	2.272	2.052	0	0	0	NaN
250	IMG02788.JPG	2.22	1.617	0	0	0	NaN
251	IMG02788.JPG	3.501	1.629	0	0	0	NaN
252	IMG02788.JPG	3.554	2.035	0	0	0	NaN
253	IMG02788.JPG	2.359	1.6	0	0	0	NaN
254	IMG02788.JPG	2.499	0.945	0	0	0	NaN
255	IMG02788.JPG	3.212	0.91	0	0	0	NaN
256	IMG02788.JPG	3.386	1.6	0	0	0	NaN
257	IMG02787.JPG	2.151	2.012	0	0	0	NaN
258	IMG02787.JPG	2.081	1.606	0	0	0	NaN
259	IMG02787.JPG	3.49	1.583	0	0	0	NaN
260	IMG02787.JPG	3.449	1.942	0	0	0	NaN
261	IMG02787.JPG	2.249	1.565	0	0	0	NaN
262	IMG02787.JPG	2.417	0.922	0	0	0	NaN
263	IMG02787.JPG	3.101	0.922	0	0	0	NaN
264	IMG02787.JPG	3.345	1.571	0	0	0	NaN
265	IMG02786.JPG	2.255	2.087	0	0	0	NaN
266	IMG02786.JPG	2.186	1.733	0	0	0	NaN
267	IMG02786.JPG	3.525	1.635	0	0	0	NaN
268	IMG02786.JPG	3.507	2.035	0	0	0	NaN
269	IMG02786.JPG	2.278	1.641	0	0	0	NaN
270	IMG02786.JPG	2.4	1.009	0	0	0	NaN
271	IMG02786.JPG	3.142	1.02	0	0	0	NaN
272	IMG02786.JPG	3.374	1.606	0	0	0	NaN
273	IMG02785.JPG	2.18	2.075	0	0	0	NaN
274	IMG02785.JPG	2.122	1.687	0	0	0	NaN
275	IMG02785.JPG	3.484	1.617	0	0	0	NaN
276	IMG02785.JPG	3.472	2.058	0	0	0	NaN
277	IMG02785.JPG	2.272	1.623	0	0	0	NaN
278	IMG02785.JPG	2.446	0.986	0	0	0	NaN
279	IMG02785.JPG	3.171	0.98	0	0	0	NaN
280	IMG02785.JPG	3.333	1.594	0	0	0	NaN
281	IMG02784.JPG	2.226	2	0	0	0	NaN
282	IMG02784.JPG	2.157	1.588	0	0	0	NaN
283	IMG02784.JPG	3.443	1.548	0	0	0	NaN
284	IMG02784.JPG	3.49	1.901	0	0	0	NaN
285	IMG02784.JPG	2.261	1.588	0	0	0	NaN
286	IMG02784.JPG	2.371	0.881	0	0	0	NaN
287	IMG02784.JPG	3.159	0.875	0	0	0	NaN
288	IMG02784.JPG	3.299	1.507	0	0	0	NaN
289	IMG02783.JPG	2.209	2.081	0	0	0	NaN
290	IMG02783.JPG	2.151	1.675	0	0	0	NaN
291	IMG02783.JPG	3.467	1.606	0	0	0	NaN
292	IMG02783.JPG	3.467	1.959	0	0	0	NaN
293	IMG02783.JPG	2.278	1.641	0	0	0	NaN
294	IMG02783.JPG	2.417	1.009	0	0	0	NaN
295	IMG02783.JPG	3.107	0.991	0	0	0	NaN
296	IMG02783.JPG	3.316	1.577	0	0	0	NaN
297	IMG02782.JPG	2.209	1.948	0	0	0	NaN
298	IMG02782.JPG	2.209	1.635	0	0	0	NaN
299	IMG02782.JPG	3.438	1.571	0	0	0	NaN
300	IMG02782.JPG	3.397	1.89	0	0	0	NaN
301	IMG02782.JPG	2.301	1.612	0	0	0	NaN
302	IMG02782.JPG	2.412	0.91	0	0	0	NaN
303	IMG02782.JPG	3.072	0.87	0	0	0	NaN
304	IMG02782.JPG	3.31	1.577	0	0	0	NaN
305	IMG02781.JPG	2.151	2.07	0	0	0	NaN
306	IMG02781.JPG	2.041	1.635	0	0	0	NaN
307	IMG02781.JPG	3.507	1.594	0	0	0	NaN
308	IMG02781.JPG	3.501	2.012	0	0	0	NaN
309	IMG02781.JPG	2.232	1.571	0	0	0	NaN
310	IMG02781.JPG	2.429	0.835	0	0	0	NaN
311	IMG02781.JPG	3.136	0.806	0	0	0	NaN
312	IMG02781.JPG	3.362	1.565	0	0	0	NaN
313	IMG02780.JPG	2.267	2.139	0	0	0	NaN
314	IMG02780.JPG	2.145	1.774	0	0	0	NaN
315	IMG02780.JPG	3.484	1.617	0	0	0	NaN
316	IMG02780.JPG	3.525	2.064	0	0	0	NaN
317	IMG02780.JPG	2.325	1.757	0	0	0	NaN
318	IMG02780.JPG	2.499	1.125	0	0	0	NaN
319	IMG02780.JPG	3.142	1.113	0	0	0	NaN
320	IMG02780.JPG	3.333	1.594	0	0	0	NaN
321	IMG02779.JPG	2.18	2.058	0	0	0	NaN
322	IMG02779.JPG	2.139	1.693	0	0	0	NaN
323	IMG02779.JPG	3.409	1.594	0	0	0	NaN
324	IMG02779.JPG	3.443	1.959	0	0	0	NaN
325	IMG02779.JPG	2.272	1.641	0	0	0	NaN
326	IMG02779.JPG	2.388	0.962	0	0	0	NaN
327	IMG02779.JPG	3.183	0.91	0	0	0	NaN
328	IMG02779.JPG	3.299	1.565	0	0	0	NaN
329	IMG02778.JPG	2.214	2.209	0	0	0	NaN
330	IMG02778.JPG	2.075	1.757	0	0	0	NaN
331	IMG02778.JPG	3.641	1.617	0	0	0	NaN
332	IMG02778.JPG	3.67	2.087	0	0	0	NaN
333	IMG02778.JPG	2.296	1.728	0	0	0	NaN
334	IMG02778.JPG	2.504	0.945	0	0	0	NaN
335	IMG02778.JPG	3.223	0.887	0	0	0	NaN
336	IMG02778.JPG	3.501	1.588	0	0	0	NaN
337	IMG02777.JPG	2.203	1.919	0	0	0	NaN
338	IMG02777.JPG	2.064	1.658	0	0	0	NaN
339	IMG02777.JPG	3.386	1.583	0	0	0	NaN
340	IMG02777.JPG	3.38	1.82	0	0	0	NaN
341	IMG02777.JPG	2.191	1.623	0	0	0	NaN
342	IMG02777.JPG	2.336	0.916	0	0	0	NaN
343	IMG02777.JPG	3.043	0.881	0	0	0	NaN
344	IMG02777.JPG	3.27	1.554	0	0	0	NaN
345	IMG02776.JPG	2.214	2.116	0	0	0	NaN
346	IMG02776.JPG	2.116	1.623	0	0	0	NaN
347	IMG02776.JPG	3.467	1.525	0	0	0	NaN
348	IMG02776.JPG	3.391	2.017	0	0	0	NaN
349	IMG02776.JPG	2.226	1.617	0	0	0	NaN
350	IMG02776.JPG	2.336	0.87	0	0	0	NaN
351	IMG02776.JPG	2.968	0.817	0	0	0	NaN
352	IMG02776.JPG	3.333	1.501	0	0	0	NaN
353	IMG02775.JPG	2.278	2.029	0	0	0	NaN
354	IMG02775.JPG	2.162	1.606	0	0	0	NaN
355	IMG02775.JPG	3.513	1.612	0	0	0	NaN
356	IMG02775.JPG	3.507	1.954	0	0	0	NaN
357	IMG02775.JPG	2.319	1.588	0	0	0	NaN
358	IMG02775.JPG	2.47	0.858	0	0	0	NaN
359	IMG02775.JPG	3.171	0.817	0	0	0	NaN
360	IMG02775.JPG	3.414	1.53	0	0	0	NaN
361	IMG02774.JPG	2.168	2.139	0	0	0	NaN
362	IMG02774.JPG	2.093	1.722	0	0	0	NaN
363	IMG02774.JPG	3.617	1.565	0	0	0	NaN
364	IMG02774.JPG	3.635	1.977	0	0	0	NaN
365	IMG02774.JPG	2.232	1.652	0	0	0	NaN
366	IMG02774.JPG	2.417	0.933	0	0	0	NaN
367	IMG02774.JPG	3.293	0.951	0	0	0	NaN
368	IMG02774.JPG	3.496	1.6	0	0	0	NaN
369	IMG02773.JPG	2.261	1.977	0	0	0	NaN
370	IMG02773.JPG	2.122	1.652	0	0	0	NaN
371	IMG02773.JPG	3.455	1.571	0	0	0	NaN
372	IMG02773.JPG	3.368	1.942	0	0	0	NaN
373	IMG02773.JPG	2.296	1.617	0	0	0	NaN
374	IMG02773.JPG	2.417	0.986	0	0	0	NaN
375	IMG02773.JPG	3.119	1.009	0	0	0	NaN
376	IMG02773.JPG	3.316	1.559	0	0	0	NaN
377	IMG02772.JPG	2.168	2.128	0	0	0	NaN
378	IMG02772.JPG	2.064	1.751	0	0	0	NaN
379	IMG02772.JPG	3.554	1.664	0	0	0	NaN
380	IMG02772.JPG	3.507	2.006	0	0	0	NaN
381	IMG02772.JPG	2.191	1.739	0	0	0	NaN
382	IMG02772.JPG	2.377	0.922	0	0	0	NaN
383	IMG02772.JPG	3.177	0.916	0	0	0	NaN
384	IMG02772.JPG	3.409	1.588	0	0	0	NaN
385	IMG02771.JPG	2.168	2.081	0	0	0	NaN
386	IMG02771.JPG	2.145	1.652	0	0	0	NaN
387	IMG02771.JPG	3.519	1.565	0	0	0	NaN
388	IMG02771.JPG	3.496	2.058	0	0	0	NaN
389	IMG02771.JPG	2.272	1.617	0	0	0	NaN
390	IMG02771.JPG	2.458	0.968	0	0	0	NaN
391	IMG02771.JPG	3.13	0.928	0	0	0	NaN
392	IMG02771.JPG	3.386	1.571	0	0	0	NaN
393	IMG02770.JPG	2.232	2.075	0	0	0	NaN
394	IMG02770.JPG	2.133	1.629	0	0	0	NaN
395	IMG02770.JPG	3.478	1.588	0	0	0	NaN
396	IMG02770.JPG	3.478	2.006	0	0	0	NaN
397	IMG02770.JPG	2.255	1.594	0	0	0	NaN
398	IMG02770.JPG	2.365	0.933	0	0	0	NaN
399	IMG02770.JPG	3.113	0.928	0	0	0	NaN
400	IMG02770.JPG	3.351	1.542	0	0	0	NaN
401	IMG02769.JPG	2.197	2.052	0	0	0	NaN
402	IMG02769.JPG	2.07	1.704	0	0	0	NaN
403	IMG02769.JPG	3.386	1.583	0	0	0	NaN
404	IMG02769.JPG	3.339	1.977	0	0	0	NaN
405	IMG02769.JPG	2.191	1.693	0	0	0	NaN
406	IMG02769.JPG	2.348	0.945	0	0	0	NaN
407	IMG02769.JPG	3.014	0.899	0	0	0	NaN
408	IMG02769.JPG	3.264	1.565	0	0	0	NaN
409	IMG02768.JPG	2.226	1.988	0	0	0	NaN
410	IMG02768.JPG	2.157	1.687	0	0	0	NaN
411	IMG02768.JPG	3.478	1.606	0	0	0	NaN
412	IMG02768.JPG	3.461	1.988	0	0	0	NaN
413	IMG02768.JPG	2.278	1.641	0	0	0	NaN
414	IMG02768.JPG	2.406	0.852	0	0	0	NaN
415	IMG02768.JPG	3.13	0.864	0	0	0	NaN
416	IMG02768.JPG	3.345	1.6	0	0	0	NaN
417	IMG02767.JPG	2.203	2.128	0	0	0	NaN
418	IMG02767.JPG	2.07	1.583	0	0	0	NaN
419	IMG02767.JPG	3.507	1.49	0	0	0	NaN
420	IMG02767.JPG	3.467	2.041	0	0	0	NaN
421	IMG02767.JPG	2.238	1.559	0	0	0	NaN
422	IMG02767.JPG	2.383	0.794	0	0	0	NaN
423	IMG02767.JPG	3.107	0.777	0	0	0	NaN
424	IMG02767.JPG	3.391	1.49	0	0	0	NaN
425	IMG02766.JPG	2.226	2.052	0	0	0	NaN
426	IMG02766.JPG	2.18	1.641	0	0	0	NaN
427	IMG02766.JPG	3.525	1.565	0	0	0	NaN
428	IMG02766.JPG	3.501	1.983	0	0	0	NaN
429	IMG02766.JPG	2.29	1.612	0	0	0	NaN
430	IMG02766.JPG	2.446	0.777	0	0	0	NaN
431	IMG02766.JPG	3.177	0.788	0	0	0	NaN
432	IMG02766.JPG	3.42	1.554	0	0	0	NaN
433	IMG02765.JPG	2.191	2.099	0	0	0	NaN
434	IMG02765.JPG	2.151	1.722	0	0	0	NaN
435	IMG02765.JPG	3.467	1.594	0	0	0	NaN
436	IMG02765.JPG	3.478	2.041	0	0	0	NaN
437	IMG02765.JPG	2.278	1.704	0	0	0	NaN
438	IMG02765.JPG	2.412	1.014	0	0	0	NaN
439	IMG02765.JPG	3.101	0.986	0	0	0	NaN
440	IMG02765.JPG	3.31	1.554	0	0	0	NaN
441	IMG02764.JPG	2.214	1.977	0	0	0	NaN
442	IMG02764.JPG	2.151	1.739	0	0	0	NaN
443	IMG02764.JPG	3.403	1.681	0	0	0	NaN
444	IMG02764.JPG	3.403	1.936	0	0	0	NaN
445	IMG02764.JPG	2.255	1.681	0	0	0	NaN
446	IMG02764.JPG	2.417	1.049	0	0	0	NaN
447	IMG02764.JPG	3.067	1.032	0	0	0	NaN
448	IMG02764.JPG	3.293	1.617	0	0	0	NaN
449	IMG02763.JPG	2.052	2.064	0	0	0	NaN
450	IMG02763.JPG	1.983	1.646	0	0	0	NaN
451	IMG02763.JPG	3.623	1.565	0	0	0	NaN
452	IMG02763.JPG	3.6	2.017	0	0	0	NaN
453	IMG02763.JPG	2.11	1.588	0	0	0	NaN
454	IMG02763.JPG	2.342	0.835	0	0	0	NaN
455	IMG02763.JPG	3.188	0.817	0	0	0	NaN
456	IMG02763.JPG	3.49	1.536	0	0	0	NaN
457	IMG02762.JPG	2.226	1.977	0	0	0	NaN
458	IMG02762.JPG	2.18	1.664	0	0	0	NaN
459	IMG02762.JPG	3.374	1.588	0	0	0	NaN
460	IMG02762.JPG	3.362	1.884	0	0	0	NaN
461	IMG02762.JPG	2.296	1.612	0	0	0	NaN
462	IMG02762.JPG	2.388	0.887	0	0	0	NaN
463	IMG02762.JPG	3.049	0.846	0	0	0	NaN
464	IMG02762.JPG	3.246	1.606	0	0	0	NaN
465	IMG02761.JPG	2.272	1.901	0	0	0	NaN
466	IMG02761.JPG	2.191	1.629	0	0	0	NaN
467	IMG02761.JPG	3.38	1.519	0	0	0	NaN
468	IMG02761.JPG	3.467	1.797	0	0	0	NaN
469	IMG02761.JPG	2.29	1.594	0	0	0	NaN
470	IMG02761.JPG	2.435	0.87	0	0	0	NaN
471	IMG02761.JPG	3.125	0.875	0	0	0	NaN
472	IMG02761.JPG	3.31	1.525	0	0	0	NaN
473	IMG02760.JPG	2.232	2.168	0	0	0	NaN
474	IMG02760.JPG	2.081	1.704	0	0	0	NaN
475	IMG02760.JPG	3.478	1.617	0	0	0	NaN
476	IMG02760.JPG	3.455	2.07	0	0	0	NaN
477	IMG02760.JPG	2.226	1.664	0	0	0	NaN
478	IMG02760.JPG	2.354	0.875	0	0	0	NaN
479	IMG02760.JPG	3.136	0.864	0	0	0	NaN
480	IMG02760.JPG	3.374	1.583	0	0	0	NaN
481	IMG02759.JPG	2.203	2	0	0	0	NaN
482	IMG02759.JPG	2.168	1.681	0	0	0	NaN
483	IMG02759.JPG	3.536	1.635	0	0	0	NaN
484	IMG02759.JPG	3.513	1.983	0	0	0	NaN
485	IMG02759.JPG	2.313	1.629	0	0	0	NaN
486	IMG02759.JPG	2.435	0.858	0	0	0	NaN
487	IMG02759.JPG	3.177	0.841	0	0	0	NaN
488	IMG02759.JPG	3.426	1.629	0	0	0	NaN
489	IMG02758.JPG	2.07	2.093	0	0	0	NaN
490	IMG02758.JPG	2.035	1.693	0	0	0	NaN
491	IMG02758.JPG	3.559	1.623	0	0	0	NaN
492	IMG02758.JPG	3.536	2.058	0	0	0	NaN
493	IMG02758.JPG	2.151	1.658	0	0	0	NaN
494	IMG02758.JPG	2.272	0.852	0	0	0	NaN
495	IMG02758.JPG	3.171	0.846	0	0	0	NaN
496	IMG02758.JPG	3.409	1.606	0	0	0	NaN
497	IMG02757.JPG	2.191	2.191	0	0	0	NaN
498	IMG02757.JPG	2.128	1.786	0	0	0	NaN
499	IMG02757.JPG	3.606	1.652	0	0	0	NaN
500	IMG02757.JPG	3.554	2.133	0	0	0	NaN
501	IMG02757.JPG	2.255	1.704	0	0	0	NaN
502	IMG02757.JPG	2.435	0.916	0	0	0	NaN
503	IMG02757.JPG	3.13	0.893	0	0	0	NaN
504	IMG02757.JPG	3.438	1.646	0	0	0	NaN
505	IMG02756.JPG	2.29	1.826	0	0	0	NaN
506	IMG02756.JPG	2.249	1.588	0	0	0	NaN
507	IMG02756.JPG	3.374	1.519	0	0	0	NaN
508	IMG02756.JPG	3.414	1.786	0	0	0	NaN
509	IMG02756.JPG	2.33	1.554	0	0	0	NaN
510	IMG02756.JPG	2.446	0.812	0	0	0	NaN
511	IMG02756.JPG	3.142	0.8	0	0	0	NaN
512	IMG02756.JPG	3.328	1.496	0	0	0	NaN
513	IMG02755.JPG	2.371	1.838	0	0	0	NaN
514	IMG02755.JPG	2.33	1.594	0	0	0	NaN
515	IMG02755.JPG	3.443	1.519	0	0	0	NaN
516	IMG02755.JPG	3.449	1.774	0	0	0	NaN
517	IMG02755.JPG	2.417	1.559	0	0	0	NaN
518	IMG02755.JPG	2.557	0.754	0	0	0	NaN
519	IMG02755.JPG	3.159	0.707	0	0	0	NaN
520	IMG02755.JPG	3.351	1.478	0	0	0	NaN
521	IMG02754.JPG	2.07	2.226	0	0	0	NaN
522	IMG02754.JPG	2.046	1.646	0	0	0	NaN
523	IMG02754.JPG	3.583	1.554	0	0	0	NaN
524	IMG02754.JPG	3.53	2.197	0	0	0	NaN
525	IMG02754.JPG	2.186	1.6	0	0	0	NaN
526	IMG02754.JPG	2.4	0.91	0	0	0	NaN
527	IMG02754.JPG	3.165	0.945	0	0	0	NaN
528	IMG02754.JPG	3.403	1.571	0	0	0	NaN
529	IMG02753.JPG	2.186	2.041	0	0	0	NaN
530	IMG02753.JPG	2.046	1.623	0	0	0	NaN
531	IMG02753.JPG	3.612	1.559	0	0	0	NaN
532	IMG02753.JPG	3.606	1.971	0	0	0	NaN
533	IMG02753.JPG	2.226	1.565	0	0	0	NaN
534	IMG02753.JPG	2.354	0.858	0	0	0	NaN
535	IMG02753.JPG	3.264	0.846	0	0	0	NaN
536	IMG02753.JPG	3.438	1.501	0	0	0	NaN
537	IMG02752.JPG	2.238	2.174	0	0	0	NaN
538	IMG02752.JPG	2.139	1.803	0	0	0	NaN
539	IMG02752.JPG	3.565	1.623	0	0	0	NaN
540	IMG02752.JPG	3.536	2.046	0	0	0	NaN
541	IMG02752.JPG	2.284	1.716	0	0	0	NaN
542	IMG02752.JPG	2.441	1.014	0	0	0	NaN
543	IMG02752.JPG	3.154	0.986	0	0	0	NaN
544	IMG02752.JPG	3.42	1.658	0	0	0	NaN
545	IMG02751.JPG	2.22	1.896	0	0	0	NaN
546	IMG02751.JPG	2.203	1.664	0	0	0	NaN
547	IMG02751.JPG	3.438	1.554	0	0	0	NaN
548	IMG02751.JPG	3.397	1.832	0	0	0	NaN
549	IMG02751.JPG	2.267	1.612	0	0	0	NaN
550	IMG02751.JPG	2.417	0.98	0	0	0	NaN
551	IMG02751.JPG	3.125	0.945	0	0	0	NaN
552	IMG02751.JPG	3.316	1.542	0	0	0	NaN
553	IMG02750.JPG	2.168	1.896	0	0	0	NaN
554	IMG02750.JPG	2.116	1.664	0	0	0	NaN
555	IMG02750.JPG	3.467	1.635	0	0	0	NaN
556	IMG02750.JPG	3.391	1.907	0	0	0	NaN
557	IMG02750.JPG	2.203	1.612	0	0	0	NaN
558	IMG02750.JPG	2.371	0.754	0	0	0	NaN
559	IMG02750.JPG	3.194	0.707	0	0	0	NaN
560	IMG02750.JPG	3.38	1.641	0	0	0	NaN
561	IMG02749.JPG	2.081	2.18	0	0	0	NaN
562	IMG02749.JPG	1.983	1.646	0	0	0	NaN
563	IMG02749.JPG	3.571	1.554	0	0	0	NaN
564	IMG02749.JPG	3.536	2.07	0	0	0	NaN
565	IMG02749.JPG	2.151	1.641	0	0	0	NaN
566	IMG02749.JPG	2.319	0.812	0	0	0	NaN
567	IMG02749.JPG	3.177	0.829	0	0	0	NaN
568	IMG02749.JPG	3.449	1.53	0	0	0	NaN
569	IMG02748.JPG	2.104	1.861	0	0	0	NaN
570	IMG02748.JPG	2.081	1.623	0	0	0	NaN
571	IMG02748.JPG	3.345	1.507	0	0	0	NaN
572	IMG02748.JPG	3.304	1.82	0	0	0	NaN
573	IMG02748.JPG	2.157	1.594	0	0	0	NaN
574	IMG02748.JPG	2.301	0.904	0	0	0	NaN
575	IMG02748.JPG	3.003	0.881	0	0	0	NaN
576	IMG02748.JPG	3.252	1.496	0	0	0	NaN
577	IMG02747.JPG	2.104	2.122	0	0	0	NaN
578	IMG02747.JPG	2.064	1.687	0	0	0	NaN
579	IMG02747.JPG	3.438	1.617	0	0	0	NaN
580	IMG02747.JPG	3.426	2.058	0	0	0	NaN
581	IMG02747.JPG	2.18	1.652	0	0	0	NaN
582	IMG02747.JPG	2.388	0.986	0	0	0	NaN
583	IMG02747.JPG	3.09	0.974	0	0	0	NaN
584	IMG02747.JPG	3.333	1.571	0	0	0	NaN
585	IMG02746.JPG	2.214	2.099	0	0	0	NaN
586	IMG02746.JPG	2.157	1.652	0	0	0	NaN
587	IMG02746.JPG	3.496	1.6	0	0	0	NaN
588	IMG02746.JPG	3.478	2.046	0	0	0	NaN
589	IMG02746.JPG	2.284	1.623	0	0	0	NaN
590	IMG02746.JPG	2.464	0.916	0	0	0	NaN
591	IMG02746.JPG	3.171	0.904	0	0	0	NaN
592	IMG02746.JPG	3.345	1.6	0	0	0	NaN
593	IMG02745.JPG	2.214	2.093	0	0	0	NaN
594	IMG02745.JPG	2.145	1.751	0	0	0	NaN
595	IMG02745.JPG	3.53	1.652	0	0	0	NaN
596	IMG02745.JPG	3.496	2.052	0	0	0	NaN
597	IMG02745.JPG	2.278	1.71	0	0	0	NaN
598	IMG02745.JPG	2.458	1.043	0	0	0	NaN
599	IMG02745.JPG	3.171	1.055	0	0	0	NaN
600	IMG02745.JPG	3.386	1.641	0	0	0	NaN
601	IMG02744.JPG	2.058	2.22	0	0	0	NaN
602	IMG02744.JPG	1.93	1.739	0	0	0	NaN
603	IMG02744.JPG	3.6	1.536	0	0	0	NaN
604	IMG02744.JPG	3.612	2.023	0	0	0	NaN
605	IMG02744.JPG	2.11	1.681	0	0	0	NaN
606	IMG02744.JPG	2.365	0.823	0	0	0	NaN
607	IMG02744.JPG	3.067	0.759	0	0	0	NaN
608	IMG02744.JPG	3.449	1.542	0	0	0	NaN
609	IMG02743.JPG	2.226	2.214	0	0	0	NaN
610	IMG02743.JPG	2.099	1.704	0	0	0	NaN
611	IMG02743.JPG	3.571	1.612	0	0	0	NaN
612	IMG02743.JPG	3.449	2.162	0	0	0	NaN
613	IMG02743.JPG	2.203	1.658	0	0	0	NaN
614	IMG02743.JPG	2.354	0.951	0	0	0	NaN
615	IMG02743.JPG	3.206	0.881	0	0	0	NaN
616	IMG02743.JPG	3.42	1.588	0	0	0	NaN
617	IMG02742.JPG	2.197	2.191	0	0	0	NaN
618	IMG02742.JPG	2.099	1.699	0	0	0	NaN
619	IMG02742.JPG	3.559	1.588	0	0	0	NaN
620	IMG02742.JPG	3.565	2.099	0	0	0	NaN
621	IMG02742.JPG	2.243	1.629	0	0	0	NaN
622	IMG02742.JPG	2.383	0.945	0	0	0	NaN
623	IMG02742.JPG	3.188	0.904	0	0	0	NaN
624	IMG02742.JPG	3.461	1.565	0	0	0	NaN
625	IMG02741.JPG	2.203	2.278	0	0	0	NaN
626	IMG02741.JPG	2.122	1.716	0	0	0	NaN
627	IMG02741.JPG	3.583	1.571	0	0	0	NaN
628	IMG02741.JPG	3.571	2.116	0	0	0	NaN
629	IMG02741.JPG	2.296	1.664	0	0	0	NaN
630	IMG02741.JPG	2.452	1.003	0	0	0	NaN
631	IMG02741.JPG	3.194	0.991	0	0	0	NaN
632	IMG02741.JPG	3.449	1.583	0	0	0	NaN
633	IMG02740.JPG	2.081	2.052	0	0	0	NaN
634	IMG02740.JPG	1.977	1.617	0	0	0	NaN
635	IMG02740.JPG	3.548	1.583	0	0	0	NaN
636	IMG02740.JPG	3.496	1.988	0	0	0	NaN
637	IMG02740.JPG	2.11	1.617	0	0	0	NaN
638	IMG02740.JPG	2.29	0.788	0	0	0	NaN
639	IMG02740.JPG	3.241	0.754	0	0	0	NaN
640	IMG02740.JPG	3.443	1.559	0	0	0	NaN
641	IMG02739.JPG	2.11	1.994	0	0	0	NaN
642	IMG02739.JPG	2.087	1.733	0	0	0	NaN
643	IMG02739.JPG	3.519	1.646	0	0	0	NaN
644	IMG02739.JPG	3.478	1.971	0	0	0	NaN
645	IMG02739.JPG	2.226	1.652	0	0	0	NaN
646	IMG02739.JPG	2.394	0.957	0	0	0	NaN
647	IMG02739.JPG	3.136	0.974	0	0	0	NaN
648	IMG02739.JPG	3.391	1.623	0	0	0	NaN
649	IMG02738.JPG	2.232	2.081	0	0	0	NaN
650	IMG02738.JPG	2.151	1.635	0	0	0	NaN
651	IMG02738.JPG	3.49	1.588	0	0	0	NaN
652	IMG02738.JPG	3.409	2	0	0	0	NaN
653	IMG02738.JPG	2.238	1.6	0	0	0	NaN
654	IMG02738.JPG	2.377	0.887	0	0	0	NaN
655	IMG02738.JPG	3.206	0.904	0	0	0	NaN
656	IMG02738.JPG	3.38	1.559	0	0	0	NaN
657	IMG02737.JPG	2.174	2.052	0	0	0	NaN
658	IMG02737.JPG	2.116	1.687	0	0	0	NaN
659	IMG02737.JPG	3.467	1.617	0	0	0	NaN
660	IMG02737.JPG	3.443	1.988	0	0	0	NaN
661	IMG02737.JPG	2.232	1.693	0	0	0	NaN
662	IMG02737.JPG	2.342	1.049	0	0	0	NaN
663	IMG02737.JPG	3.113	1.014	0	0	0	NaN
664	IMG02737.JPG	3.351	1.571	0	0	0	NaN
665	IMG02736.JPG	2.191	2.023	0	0	0	NaN
666	IMG02736.JPG	2.087	1.681	0	0	0	NaN
667	IMG02736.JPG	3.548	1.542	0	0	0	NaN
668	IMG02736.JPG	3.542	1.925	0	0	0	NaN
669	IMG02736.JPG	2.243	1.67	0	0	0	NaN
670	IMG02736.JPG	2.435	1.154	0	0	0	NaN
671	IMG02736.JPG	3.183	1.107	0	0	0	NaN
672	IMG02736.JPG	3.414	1.536	0	0	0	NaN
673	IMG02735.JPG	2.157	2.052	0	0	0	NaN
674	IMG02735.JPG	2.093	1.617	0	0	0	NaN
675	IMG02735.JPG	3.525	1.577	0	0	0	NaN
676	IMG02735.JPG	3.49	2.07	0	0	0	NaN
677	IMG02735.JPG	2.214	1.588	0	0	0	NaN
678	IMG02735.JPG	2.417	0.852	0	0	0	NaN
679	IMG02735.JPG	3.177	0.864	0	0	0	NaN
680	IMG02735.JPG	3.409	1.548	0	0	0	NaN
681	IMG02734.JPG	2.226	2.151	0	0	0	NaN
682	IMG02734.JPG	2.104	1.786	0	0	0	NaN
683	IMG02734.JPG	3.53	1.658	0	0	0	NaN
684	IMG02734.JPG	3.536	1.988	0	0	0	NaN
685	IMG02734.JPG	2.214	1.722	0	0	0	NaN
686	IMG02734.JPG	2.307	0.939	0	0	0	NaN
687	IMG02734.JPG	3.119	0.881	0	0	0	NaN
688	IMG02734.JPG	3.403	1.559	0	0	0	NaN
689	IMG02733.JPG	2.267	2.046	0	0	0	NaN
690	IMG02733.JPG	2.157	1.652	0	0	0	NaN
691	IMG02733.JPG	3.536	1.513	0	0	0	NaN
692	IMG02733.JPG	3.513	1.901	0	0	0	NaN
693	IMG02733.JPG	2.284	1.6	0	0	0	NaN
694	IMG02733.JPG	2.412	0.991	0	0	0	NaN
695	IMG02733.JPG	3.217	0.945	0	0	0	NaN
696	IMG02733.JPG	3.409	1.472	0	0	0	NaN
697	IMG02732.JPG	2.11	2.041	0	0	0	NaN
698	IMG02732.JPG	2.058	1.623	0	0	0	NaN
699	IMG02732.JPG	3.571	1.559	0	0	0	NaN
700	IMG02732.JPG	3.577	1.977	0	0	0	NaN
701	IMG02732.JPG	2.139	1.588	0	0	0	NaN
702	IMG02732.JPG	2.388	0.696	0	0	0	NaN
703	IMG02732.JPG	3.171	0.696	0	0	0	NaN
704	IMG02732.JPG	3.455	1.577	0	0	0	NaN
705	IMG02731.JPG	2.232	1.884	0	0	0	NaN
706	IMG02731.JPG	2.22	1.594	0	0	0	NaN
707	IMG02731.JPG	3.496	1.577	0	0	0	NaN
708	IMG02731.JPG	3.478	1.855	0	0	0	NaN
709	IMG02731.JPG	2.348	1.583	0	0	0	NaN
710	IMG02731.JPG	2.499	0.881	0	0	0	NaN
711	IMG02731.JPG	3.194	0.846	0	0	0	NaN
712	IMG02731.JPG	3.357	1.525	0	0	0	NaN
713	IMG02730.JPG	2.243	1.983	0	0	0	NaN
714	IMG02730.JPG	2.075	1.559	0	0	0	NaN
715	IMG02730.JPG	3.472	1.507	0	0	0	NaN
716	IMG02730.JPG	3.42	1.89	0	0	0	NaN
717	IMG02730.JPG	2.272	1.542	0	0	0	NaN
718	IMG02730.JPG	2.423	0.928	0	0	0	NaN
719	IMG02730.JPG	3.09	0.922	0	0	0	NaN
720	IMG02730.JPG	3.299	1.484	0	0	0	NaN
721	IMG02729.JPG	2.128	2.336	0	0	0	NaN
722	IMG02729.JPG	2	1.652	0	0	0	NaN
723	IMG02729.JPG	3.629	1.588	0	0	0	NaN
724	IMG02729.JPG	3.6	2.29	0	0	0	NaN
725	IMG02729.JPG	2.186	1.658	0	0	0	NaN
726	IMG02729.JPG	2.452	0.974	0	0	0	NaN
727	IMG02729.JPG	3.212	0.986	0	0	0	NaN
728	IMG02729.JPG	3.414	1.6	0	0	0	NaN
729	IMG02728.JPG	2.296	1.959	0	0	0	NaN
730	IMG02728.JPG	2.214	1.623	0	0	0	NaN
731	IMG02728.JPG	3.554	1.588	0	0	0	NaN
732	IMG02728.JPG	3.542	1.907	0	0	0	NaN
733	IMG02728.JPG	2.342	1.617	0	0	0	NaN
734	IMG02728.JPG	2.58	0.893	0	0	0	NaN
735	IMG02728.JPG	3.275	0.864	0	0	0	NaN
736	IMG02728.JPG	3.455	1.542	0	0	0	NaN
737	IMG02727.JPG	2.267	2.272	0	0	0	NaN
738	IMG02727.JPG	2.186	1.774	0	0	0	NaN
739	IMG02727.JPG	3.623	1.658	0	0	0	NaN
740	IMG02727.JPG	3.617	2.104	0	0	0	NaN
741	IMG02727.JPG	2.336	1.699	0	0	0	NaN
742	IMG02727.JPG	2.539	0.974	0	0	0	NaN
743	IMG02727.JPG	3.241	0.974	0	0	0	NaN
744	IMG02727.JPG	3.484	1.646	0	0	0	NaN
745	IMG02726.JPG	2.174	2.099	0	0	0	NaN
746	IMG02726.JPG	2.052	1.728	0	0	0	NaN
747	IMG02726.JPG	3.519	1.577	0	0	0	NaN
748	IMG02726.JPG	3.484	1.988	0	0	0	NaN
749	IMG02726.JPG	2.191	1.617	0	0	0	NaN
750	IMG02726.JPG	2.325	0.841	0	0	0	NaN
751	IMG02726.JPG	3.13	0.864	0	0	0	NaN
752	IMG02726.JPG	3.397	1.559	0	0	0	NaN
753	IMG02725.JPG	2.243	2.11	0	0	0	NaN
754	IMG02725.JPG	2.186	1.774	0	0	0	NaN
755	IMG02725.JPG	3.588	1.623	0	0	0	NaN
756	IMG02725.JPG	3.542	1.936	0	0	0	NaN
757	IMG02725.JPG	2.29	1.757	0	0	0	NaN
758	IMG02725.JPG	2.429	1.061	0	0	0	NaN
759	IMG02725.JPG	3.171	1.032	0	0	0	NaN
760	IMG02725.JPG	3.438	1.606	0	0	0	NaN
761	IMG02724.JPG	2.104	2.035	0	0	0	NaN
762	IMG02724.JPG	2.006	1.658	0	0	0	NaN
763	IMG02724.JPG	3.472	1.594	0	0	0	NaN
764	IMG02724.JPG	3.414	1.965	0	0	0	NaN
765	IMG02724.JPG	2.128	1.629	0	0	0	NaN
766	IMG02724.JPG	2.307	0.817	0	0	0	NaN
767	IMG02724.JPG	3.107	0.783	0	0	0	NaN
768	IMG02724.JPG	3.345	1.565	0	0	0	NaN
769	IMG02723.JPG	2.232	1.983	0	0	0	NaN
770	IMG02723.JPG	2.145	1.67	0	0	0	NaN
771	IMG02723.JPG	3.525	1.606	0	0	0	NaN
772	IMG02723.JPG	3.472	1.936	0	0	0	NaN
773	IMG02723.JPG	2.255	1.658	0	0	0	NaN
774	IMG02723.JPG	2.377	0.823	0	0	0	NaN
775	IMG02723.JPG	3.171	0.759	0	0	0	NaN
776	IMG02723.JPG	3.426	1.612	0	0	0	NaN
777	IMG02722.JPG	2.133	2.255	0	0	0	NaN
778	IMG02722.JPG	1.965	1.762	0	0	0	NaN
779	IMG02722.JPG	3.501	1.629	0	0	0	NaN
780	IMG02722.JPG	3.455	1.983	0	0	0	NaN
781	IMG02722.JPG	2.122	1.728	0	0	0	NaN
782	IMG02722.JPG	2.365	1.026	0	0	0	NaN
783	IMG02722.JPG	3.13	1.02	0	0	0	NaN
784	IMG02722.JPG	3.333	1.565	0	0	0	NaN
785	IMG02721.JPG	2.301	2.023	0	0	0	NaN
786	IMG02721.JPG	2.18	1.606	0	0	0	NaN
787	IMG02721.JPG	3.542	1.548	0	0	0	NaN
788	IMG02721.JPG	3.426	1.971	0	0	0	NaN
789	IMG02721.JPG	2.307	1.594	0	0	0	NaN
790	IMG02721.JPG	2.481	0.748	0	0	0	NaN
791	IMG02721.JPG	3.136	0.73	0	0	0	NaN
792	IMG02721.JPG	3.38	1.472	0	0	0	NaN
793	IMG02720.JPG	2.255	1.843	0	0	0	NaN
794	IMG02720.JPG	2.191	1.583	0	0	0	NaN
795	IMG02720.JPG	3.443	1.554	0	0	0	NaN
796	IMG02720.JPG	3.409	1.843	0	0	0	NaN
797	IMG02720.JPG	2.336	1.565	0	0	0	NaN
798	IMG02720.JPG	2.481	0.945	0	0	0	NaN
799	IMG02720.JPG	3.171	0.945	0	0	0	NaN
800	IMG02720.JPG	3.333	1.559	0	0	0	NaN
801	IMG02719.JPG	2.284	2.11	0	0	0	NaN
802	IMG02719.JPG	2.162	1.67	0	0	0	NaN
803	IMG02719.JPG	3.617	1.6	0	0	0	NaN
804	IMG02719.JPG	3.594	2.058	0	0	0	NaN
805	IMG02719.JPG	2.296	1.646	0	0	0	NaN
806	IMG02719.JPG	2.412	1.072	0	0	0	NaN
807	IMG02719.JPG	3.171	1.032	0	0	0	NaN
808	IMG02719.JPG	3.449	1.629	0	0	0	NaN
809	IMG02718.JPG	2.22	2.023	0	0	0	NaN
810	IMG02718.JPG	2.133	1.658	0	0	0	NaN
811	IMG02718.JPG	3.559	1.496	0	0	0	NaN
812	IMG02718.JPG	3.559	1.925	0	0	0	NaN
813	IMG02718.JPG	2.272	1.6	0	0	0	NaN
814	IMG02718.JPG	2.441	0.904	0	0	0	NaN
815	IMG02718.JPG	3.229	0.893	0	0	0	NaN
816	IMG02718.JPG	3.461	1.49	0	0	0	NaN
817	IMG02717.JPG	2.157	2.226	0	0	0	NaN
818	IMG02717.JPG	2.11	1.774	0	0	0	NaN
819	IMG02717.JPG	3.559	1.594	0	0	0	NaN
820	IMG02717.JPG	3.519	2.116	0	0	0	NaN
821	IMG02717.JPG	2.191	1.635	0	0	0	NaN
822	IMG02717.JPG	2.359	0.835	0	0	0	NaN
823	IMG02717.JPG	3.183	0.8	0	0	0	NaN
824	IMG02717.JPG	3.386	1.583	0	0	0	NaN
825	IMG02716.JPG	2.203	1.867	0	0	0	NaN
826	IMG02716.JPG	2.151	1.617	0	0	0	NaN
827	IMG02716.JPG	3.461	1.571	0	0	0	NaN
828	IMG02716.JPG	3.414	1.849	0	0	0	NaN
829	IMG02716.JPG	2.296	1.583	0	0	0	NaN
830	IMG02716.JPG	2.446	0.806	0	0	0	NaN
831	IMG02716.JPG	3.107	0.812	0	0	0	NaN
832	IMG02716.JPG	3.328	1.554	0	0	0	NaN
833	IMG02715.JPG	2.046	2.099	0	0	0	NaN
834	IMG02715.JPG	2.006	1.6	0	0	0	NaN
835	IMG02715.JPG	3.449	1.577	0	0	0	NaN
836	IMG02715.JPG	3.426	2.058	0	0	0	NaN
837	IMG02715.JPG	2.139	1.559	0	0	0	NaN
838	IMG02715.JPG	2.33	0.788	0	0	0	NaN
839	IMG02715.JPG	3.038	0.812	0	0	0	NaN
840	IMG02715.JPG	3.339	1.542	0	0	0	NaN
841	IMG02714.JPG	2.272	1.838	0	0	0	NaN
842	IMG02714.JPG	2.209	1.583	0	0	0	NaN
843	IMG02714.JPG	3.426	1.548	0	0	0	NaN
844	IMG02714.JPG	3.391	1.878	0	0	0	NaN
845	IMG02714.JPG	2.301	1.565	0	0	0	NaN
846	IMG02714.JPG	2.47	0.835	0	0	0	NaN
847	IMG02714.JPG	3.171	0.829	0	0	0	NaN
848	IMG02714.JPG	3.322	1.542	0	0	0	NaN
849	IMG02713.JPG	2.255	2.157	0	0	0	NaN
850	IMG02713.JPG	1.983	1.716	0	0	0	NaN
851	IMG02713.JPG	3.461	1.617	0	0	0	NaN
852	IMG02713.JPG	3.478	2.023	0	0	0	NaN
853	IMG02713.JPG	2.168	1.687	0	0	0	NaN
854	IMG02713.JPG	2.452	0.719	0	0	0	NaN
855	IMG02713.JPG	3.09	0.725	0	0	0	NaN
856	IMG02713.JPG	3.316	1.583	0	0	0	NaN
857	IMG02712.JPG	2	2.168	0	0	0	NaN
858	IMG02712.JPG	1.93	1.559	0	0	0	NaN
859	IMG02712.JPG	3.583	1.519	0	0	0	NaN
860	IMG02712.JPG	3.548	2.133	0	0	0	NaN
861	IMG02712.JPG	2.116	1.571	0	0	0	NaN
862	IMG02712.JPG	2.348	0.817	0	0	0	NaN
863	IMG02712.JPG	3.148	0.817	0	0	0	NaN
864	IMG02712.JPG	3.391	1.536	0	0	0	NaN
865	IMG02711.JPG	2.307	2.006	0	0	0	NaN
866	IMG02711.JPG	2.139	1.664	0	0	0	NaN
867	IMG02711.JPG	3.449	1.548	0	0	0	NaN
868	IMG02711.JPG	3.339	1.965	0	0	0	NaN
869	IMG02711.JPG	2.238	1.606	0	0	0	NaN
870	IMG02711.JPG	2.417	0.864	0	0	0	NaN
871	IMG02711.JPG	3.194	0.87	0	0	0	NaN
872	IMG02711.JPG	3.386	1.542	0	0	0	NaN
873	IMG02710.JPG	2.186	2.046	0	0	0	NaN
874	IMG02710.JPG	2.116	1.559	0	0	0	NaN
875	IMG02710.JPG	3.554	1.548	0	0	0	NaN
876	IMG02710.JPG	3.496	2.041	0	0	0	NaN
877	IMG02710.JPG	2.255	1.542	0	0	0	NaN
878	IMG02710.JPG	2.504	0.864	0	0	0	NaN
879	IMG02710.JPG	3.217	0.846	0	0	0	NaN
880	IMG02710.JPG	3.432	1.542	0	0	0	NaN
881	IMG02709.JPG	2.209	2.18	0	0	0	NaN
882	IMG02709.JPG	2.116	1.716	0	0	0	NaN
883	IMG02709.JPG	3.525	1.641	0	0	0	NaN
884	IMG02709.JPG	3.519	2.168	0	0	0	NaN
885	IMG02709.JPG	2.226	1.693	0	0	0	NaN
886	IMG02709.JPG	2.365	0.91	0	0	0	NaN
887	IMG02709.JPG	3.032	0.87	0	0	0	NaN
888	IMG02709.JPG	3.38	1.623	0	0	0	NaN
889	IMG02708.JPG	2.099	1.977	0	0	0	NaN
890	IMG02708.JPG	1.988	1.577	0	0	0	NaN
891	IMG02708.JPG	3.368	1.478	0	0	0	NaN
892	IMG02708.JPG	3.368	1.832	0	0	0	NaN
893	IMG02708.JPG	2.093	1.571	0	0	0	NaN
894	IMG02708.JPG	2.267	0.748	0	0	0	NaN
895	IMG02708.JPG	3.038	0.725	0	0	0	NaN
896	IMG02708.JPG	3.304	1.461	0	0	0	NaN
897	IMG02707.JPG	2.203	2.029	0	0	0	NaN
898	IMG02707.JPG	2.139	1.693	0	0	0	NaN
899	IMG02707.JPG	3.519	1.606	0	0	0	NaN
900	IMG02707.JPG	3.519	1.913	0	0	0	NaN
901	IMG02707.JPG	2.22	1.664	0	0	0	NaN
902	IMG02707.JPG	2.441	1.02	0	0	0	NaN
903	IMG02707.JPG	3.159	1.038	0	0	0	NaN
904	IMG02707.JPG	3.409	1.565	0	0	0	NaN
905	IMG02706.JPG	2.151	2.093	0	0	0	NaN
906	IMG02706.JPG	2.07	1.606	0	0	0	NaN
907	IMG02706.JPG	3.513	1.536	0	0	0	NaN
908	IMG02706.JPG	3.467	2.052	0	0	0	NaN
909	IMG02706.JPG	2.214	1.629	0	0	0	NaN
910	IMG02706.JPG	2.406	0.887	0	0	0	NaN
911	IMG02706.JPG	3.043	0.887	0	0	0	NaN
912	IMG02706.JPG	3.38	1.525	0	0	0	NaN
913	IMG02705.JPG	2.174	2.348	0	0	0	NaN
914	IMG02705.JPG	2.052	1.716	0	0	0	NaN
915	IMG02705.JPG	3.641	1.658	0	0	0	NaN
916	IMG02705.JPG	3.629	2.226	0	0	0	NaN
917	IMG02705.JPG	2.197	1.675	0	0	0	NaN
918	IMG02705.JPG	2.365	0.945	0	0	0	NaN
919	IMG02705.JPG	3.2	0.951	0	0	0	NaN
920	IMG02705.JPG	3.472	1.623	0	0	0	NaN
921	IMG02704.JPG	2.284	2.104	0	0	0	NaN
922	IMG02704.JPG	2.18	1.797	0	0	0	NaN
923	IMG02704.JPG	3.501	1.577	0	0	0	NaN
924	IMG02704.JPG	3.49	1.977	0	0	0	NaN
925	IMG02704.JPG	2.301	1.733	0	0	0	NaN
926	IMG02704.JPG	2.458	1.038	0	0	0	NaN
927	IMG02704.JPG	3.13	1.049	0	0	0	NaN
928	IMG02704.JPG	3.397	1.6	0	0	0	NaN
929	IMG02703.JPG	2.783	2.058	0	0	0	NaN
930	IMG02703.JPG	2.586	1.559	0	0	0	NaN
931	IMG02703.JPG	3.629	1.542	0	0	0	NaN
932	IMG02703.JPG	3.612	2.046	0	0	0	NaN
933	IMG02703.JPG	2.672	1.577	0	0	0	NaN
934	IMG02703.JPG	2.464	0.8	0	0	0	NaN
935	IMG02703.JPG	3.264	0.783	0	0	0	NaN
936	IMG02703.JPG	3.449	1.559	0	0	0	NaN
937	IMG02702.JPG	2.209	2.145	0	0	0	NaN
938	IMG02702.JPG	2.122	1.774	0	0	0	NaN
939	IMG02702.JPG	3.501	1.658	0	0	0	NaN
940	IMG02702.JPG	3.49	2.046	0	0	0	NaN
941	IMG02702.JPG	2.232	1.71	0	0	0	NaN
942	IMG02702.JPG	2.406	0.939	0	0	0	NaN
943	IMG02702.JPG	3.159	0.875	0	0	0	NaN
944	IMG02702.JPG	3.414	1.623	0	0	0	NaN
945	IMG02701.JPG	2.238	2.07	0	0	0	NaN
946	IMG02701.JPG	2.174	1.71	0	0	0	NaN
947	IMG02701.JPG	3.472	1.6	0	0	0	NaN
948	IMG02701.JPG	3.472	1.971	0	0	0	NaN
949	IMG02701.JPG	2.301	1.704	0	0	0	NaN
950	IMG02701.JPG	2.388	1.061	0	0	0	NaN
951	IMG02701.JPG	3.235	1.009	0	0	0	NaN
952	IMG02701.JPG	3.38	1.577	0	0	0	NaN
953	IMG02700.JPG	2.099	2.087	0	0	0	NaN
954	IMG02700.JPG	2	1.664	0	0	0	NaN
955	IMG02700.JPG	3.507	1.594	0	0	0	NaN
956	IMG02700.JPG	3.472	2.023	0	0	0	NaN
957	IMG02700.JPG	2.128	1.641	0	0	0	NaN
958	IMG02700.JPG	2.394	0.904	0	0	0	NaN
959	IMG02700.JPG	3.188	0.893	0	0	0	NaN
960	IMG02700.JPG	3.368	1.606	0	0	0	NaN
961	IMG02699.JPG	2.284	2.064	0	0	0	NaN
962	IMG02699.JPG	2.11	1.664	0	0	0	NaN
963	IMG02699.JPG	3.443	1.571	0	0	0	NaN
964	IMG02699.JPG	3.432	1.936	0	0	0	NaN
965	IMG02699.JPG	2.232	1.612	0	0	0	NaN
966	IMG02699.JPG	2.406	0.945	0	0	0	NaN
967	IMG02699.JPG	3.113	0.939	0	0	0	NaN
968	IMG02699.JPG	3.351	1.559	0	0	0	NaN
969	IMG02698.JPG	2.099	1.872	0	0	0	NaN
970	IMG02698.JPG	2.046	1.559	0	0	0	NaN
971	IMG02698.JPG	3.548	1.565	0	0	0	NaN
972	IMG02698.JPG	3.542	1.907	0	0	0	NaN
973	IMG02698.JPG	2.139	1.565	0	0	0	NaN
974	IMG02698.JPG	2.406	0.835	0	0	0	NaN
975	IMG02698.JPG	3.194	0.852	0	0	0	NaN
976	IMG02698.JPG	3.461	1.565	0	0	0	NaN
977	IMG02697.JPG	2.243	2.052	0	0	0	NaN
978	IMG02697.JPG	2.128	1.699	0	0	0	NaN
979	IMG02697.JPG	3.461	1.617	0	0	0	NaN
980	IMG02697.JPG	3.449	1.971	0	0	0	NaN
981	IMG02697.JPG	2.261	1.583	0	0	0	NaN
982	IMG02697.JPG	2.475	0.783	0	0	0	NaN
983	IMG02697.JPG	3.09	0.812	0	0	0	NaN
984	IMG02697.JPG	3.328	1.554	0	0	0	NaN
985	IMG02696.JPG	2.226	1.797	0	0	0	NaN
986	IMG02696.JPG	2.203	1.6	0	0	0	NaN
987	IMG02696.JPG	3.345	1.565	0	0	0	NaN
988	IMG02696.JPG	3.357	1.797	0	0	0	NaN
989	IMG02696.JPG	2.284	1.571	0	0	0	NaN
990	IMG02696.JPG	2.377	0.887	0	0	0	NaN
991	IMG02696.JPG	2.962	0.841	0	0	0	NaN
992	IMG02696.JPG	3.264	1.548	0	0	0	NaN
993	IMG02695.JPG	2.151	2.099	0	0	0	NaN
994	IMG02695.JPG	1.948	1.791	0	0	0	NaN
995	IMG02695.JPG	3.606	1.699	0	0	0	NaN
996	IMG02695.JPG	3.501	2.075	0	0	0	NaN
997	IMG02695.JPG	2.07	1.716	0	0	0	NaN
998	IMG02695.JPG	2.272	0.823	0	0	0	NaN
999	IMG02695.JPG	3.084	0.754	0	0	0	NaN
1000	IMG02695.JPG	3.449	1.629	0	0	0	NaN
1001	IMG02694.JPG	2.18	2.197	0	0	0	NaN
1002	IMG02694.JPG	2.041	1.693	0	0	0	NaN
1003	IMG02694.JPG	3.594	1.658	0	0	0	NaN
1004	IMG02694.JPG	3.513	2.128	0	0	0	NaN
1005	IMG02694.JPG	2.209	1.658	0	0	0	NaN
1006	IMG02694.JPG	2.377	0.713	0	0	0	NaN
1007	IMG02694.JPG	3.212	0.684	0	0	0	NaN
1008	IMG02694.JPG	3.414	1.623	0	0	0	NaN
1009	IMG02693.JPG	2.168	2.029	0	0	0	NaN
1010	IMG02693.JPG	2.122	1.687	0	0	0	NaN
1011	IMG02693.JPG	3.536	1.617	0	0	0	NaN
1012	IMG02693.JPG	3.513	1.954	0	0	0	NaN
1013	IMG02693.JPG	2.203	1.658	0	0	0	NaN
1014	IMG02693.JPG	2.359	0.893	0	0	0	NaN
1015	IMG02693.JPG	3.165	0.846	0	0	0	NaN
1016	IMG02693.JPG	3.455	1.583	0	0	0	NaN
1017	IMG02692.JPG	2.157	1.994	0	0	0	NaN
1018	IMG02692.JPG	2.064	1.664	0	0	0	NaN
1019	IMG02692.JPG	3.426	1.583	0	0	0	NaN
1020	IMG02692.JPG	3.357	1.954	0	0	0	NaN
1021	IMG02692.JPG	2.186	1.652	0	0	0	NaN
1022	IMG02692.JPG	2.319	0.852	0	0	0	NaN
1023	IMG02692.JPG	3.061	0.864	0	0	0	NaN
1024	IMG02692.JPG	3.299	1.577	0	0	0	NaN
1025	IMG02691.JPG	1.977	2.139	0	0	0	NaN
1026	IMG02691.JPG	2	1.716	0	0	0	NaN
1027	IMG02691.JPG	3.548	1.675	0	0	0	NaN
1028	IMG02691.JPG	3.617	2.041	0	0	0	NaN
1029	IMG02691.JPG	2.174	1.722	0	0	0	NaN
1030	IMG02691.JPG	2.348	0.962	0	0	0	NaN
1031	IMG02691.JPG	3.072	0.887	0	0	0	NaN
1032	IMG02691.JPG	3.328	1.594	0	0	0	NaN
1033	IMG02690.JPG	2.174	1.913	0	0	0	NaN
1034	IMG02690.JPG	2.151	1.571	0	0	0	NaN
1035	IMG02690.JPG	3.571	1.525	0	0	0	NaN
1036	IMG02690.JPG	3.554	1.913	0	0	0	NaN
1037	IMG02690.JPG	2.284	1.6	0	0	0	NaN
1038	IMG02690.JPG	2.51	0.835	0	0	0	NaN
1039	IMG02690.JPG	3.217	0.841	0	0	0	NaN
1040	IMG02690.JPG	3.438	1.513	0	0	0	NaN
1041	IMG02689.JPG	2.07	2.255	0	0	0	NaN
1042	IMG02689.JPG	1.93	1.739	0	0	0	NaN
1043	IMG02689.JPG	3.728	1.635	0	0	0	NaN
1044	IMG02689.JPG	3.67	2.151	0	0	0	NaN
1045	IMG02689.JPG	2.128	1.687	0	0	0	NaN
1046	IMG02689.JPG	2.371	0.788	0	0	0	NaN
1047	IMG02689.JPG	3.241	0.783	0	0	0	NaN
1048	IMG02689.JPG	3.519	1.594	0	0	0	NaN
1049	IMG02688.JPG	2.232	2.174	0	0	0	NaN
1050	IMG02688.JPG	2.139	1.728	0	0	0	NaN
1051	IMG02688.JPG	3.565	1.53	0	0	0	NaN
1052	IMG02688.JPG	3.617	2.023	0	0	0	NaN
1053	IMG02688.JPG	2.29	1.704	0	0	0	NaN
1054	IMG02688.JPG	2.475	0.951	0	0	0	NaN
1055	IMG02688.JPG	3.119	0.933	0	0	0	NaN
1056	IMG02688.JPG	3.386	1.542	0	0	0	NaN
1057	IMG02687.JPG	2.07	2.128	0	0	0	NaN
1058	IMG02687.JPG	2	1.507	0	0	0	NaN
1059	IMG02687.JPG	3.594	1.467	0	0	0	NaN
1060	IMG02687.JPG	3.53	2.133	0	0	0	NaN
1061	IMG02687.JPG	2.168	1.496	0	0	0	NaN
1062	IMG02687.JPG	2.371	0.823	0	0	0	NaN
1063	IMG02687.JPG	3.165	0.823	0	0	0	NaN
1064	IMG02687.JPG	3.449	1.496	0	0	0	NaN
1065	IMG02686.JPG	2.133	1.994	0	0	0	NaN
1066	IMG02686.JPG	2.064	1.658	0	0	0	NaN
1067	IMG02686.JPG	3.478	1.548	0	0	0	NaN
1068	IMG02686.JPG	3.478	1.878	0	0	0	NaN
1069	IMG02686.JPG	2.133	1.658	0	0	0	NaN
1070	IMG02686.JPG	2.284	0.841	0	0	0	NaN
1071	IMG02686.JPG	3.107	0.783	0	0	0	NaN
1072	IMG02686.JPG	3.357	1.542	0	0	0	NaN
1073	IMG02685.JPG	2.157	1.994	0	0	0	NaN
1074	IMG02685.JPG	2.087	1.71	0	0	0	NaN
1075	IMG02685.JPG	3.536	1.588	0	0	0	NaN
1076	IMG02685.JPG	3.484	1.954	0	0	0	NaN
1077	IMG02685.JPG	2.18	1.635	0	0	0	NaN
1078	IMG02685.JPG	2.336	0.73	0	0	0	NaN
1079	IMG02685.JPG	3.113	0.707	0	0	0	NaN
1080	IMG02685.JPG	3.426	1.565	0	0	0	NaN
1081	IMG02684.JPG	2.238	2.116	0	0	0	NaN
1082	IMG02684.JPG	2.186	1.757	0	0	0	NaN
1083	IMG02684.JPG	3.588	1.629	0	0	0	NaN
1084	IMG02684.JPG	3.554	2.035	0	0	0	NaN
1085	IMG02684.JPG	2.301	1.71	0	0	0	NaN
1086	IMG02684.JPG	2.435	1.032	0	0	0	NaN
1087	IMG02684.JPG	3.212	0.997	0	0	0	NaN
1088	IMG02684.JPG	3.461	1.617	0	0	0	NaN