 	Label	X	Y	Circ.	AR	Round	Solidity
1	IMG01212.JPG	2.151	1.959	0	0	0	NaN
2	IMG01212.JPG	2.099	1.629	0	0	0	NaN
3	IMG01212.JPG	3.362	1.559	0	0	0	NaN
4	IMG01212.JPG	3.293	1.942	0	0	0	NaN
5	IMG01212.JPG	2.209	1.606	0	0	0	NaN
6	IMG01212.JPG	2.365	0.736	0	0	0	NaN
7	IMG01212.JPG	3.101	0.701	0	0	0	NaN
8	IMG01212.JPG	3.258	1.6	0	0	0	NaN
9	IMG01322.JPG	2.325	1.925	0	0	0	NaN
10	IMG01322.JPG	2.214	1.6	0	0	0	NaN
11	IMG01322.JPG	3.351	1.554	0	0	0	NaN
12	IMG01322.JPG	3.316	1.901	0	0	0	NaN
13	IMG01322.JPG	2.336	1.6	0	0	0	NaN
14	IMG01322.JPG	2.475	0.812	0	0	0	NaN
15	IMG01322.JPG	3.078	0.783	0	0	0	NaN
16	IMG01322.JPG	3.264	1.565	0	0	0	NaN
17	IMG01321.JPG	2.249	1.983	0	0	0	NaN
18	IMG01321.JPG	2.168	1.745	0	0	0	NaN
19	IMG01321.JPG	3.42	1.652	0	0	0	NaN
20	IMG01321.JPG	3.374	2	0	0	0	NaN
21	IMG01321.JPG	2.255	1.71	0	0	0	NaN
22	IMG01321.JPG	2.481	0.887	0	0	0	NaN
23	IMG01321.JPG	3.078	0.875	0	0	0	NaN
24	IMG01321.JPG	3.316	1.675	0	0	0	NaN
25	IMG01320.JPG	2.319	1.994	0	0	0	NaN
26	IMG01320.JPG	2.272	1.751	0	0	0	NaN
27	IMG01320.JPG	3.513	1.67	0	0	0	NaN
28	IMG01320.JPG	3.449	2.006	0	0	0	NaN
29	IMG01320.JPG	2.348	1.687	0	0	0	NaN
30	IMG01320.JPG	2.545	0.87	0	0	0	NaN
31	IMG01320.JPG	3.171	0.846	0	0	0	NaN
32	IMG01320.JPG	3.438	1.687	0	0	0	NaN
33	IMG01319.JPG	2.186	1.907	0	0	0	NaN
34	IMG01319.JPG	2.133	1.681	0	0	0	NaN
35	IMG01319.JPG	3.386	1.641	0	0	0	NaN
36	IMG01319.JPG	3.362	1.959	0	0	0	NaN
37	IMG01319.JPG	2.249	1.6	0	0	0	NaN
38	IMG01319.JPG	2.481	0.725	0	0	0	NaN
39	IMG01319.JPG	3.136	0.73	0	0	0	NaN
40	IMG01319.JPG	3.304	1.664	0	0	0	NaN
41	IMG01318.JPG	2.319	1.901	0	0	0	NaN
42	IMG01318.JPG	2.209	1.617	0	0	0	NaN
43	IMG01318.JPG	3.357	1.565	0	0	0	NaN
44	IMG01318.JPG	3.316	1.919	0	0	0	NaN
45	IMG01318.JPG	2.33	1.577	0	0	0	NaN
46	IMG01318.JPG	2.499	0.812	0	0	0	NaN
47	IMG01318.JPG	3.096	0.788	0	0	0	NaN
48	IMG01318.JPG	3.252	1.577	0	0	0	NaN
49	IMG01317.JPG	2.18	1.942	0	0	0	NaN
50	IMG01317.JPG	2.145	1.658	0	0	0	NaN
51	IMG01317.JPG	3.374	1.583	0	0	0	NaN
52	IMG01317.JPG	3.374	1.861	0	0	0	NaN
53	IMG01317.JPG	2.249	1.658	0	0	0	NaN
54	IMG01317.JPG	2.383	0.817	0	0	0	NaN
55	IMG01317.JPG	3.038	0.783	0	0	0	NaN
56	IMG01317.JPG	3.281	1.594	0	0	0	NaN
57	IMG01316.JPG	2.261	1.971	0	0	0	NaN
58	IMG01316.JPG	2.226	1.739	0	0	0	NaN
59	IMG01316.JPG	3.42	1.652	0	0	0	NaN
60	IMG01316.JPG	3.409	1.983	0	0	0	NaN
61	IMG01316.JPG	2.33	1.641	0	0	0	NaN
62	IMG01316.JPG	2.51	0.875	0	0	0	NaN
63	IMG01316.JPG	3.165	0.835	0	0	0	NaN
64	IMG01316.JPG	3.362	1.67	0	0	0	NaN
65	IMG01315.JPG	2.296	1.983	0	0	0	NaN
66	IMG01315.JPG	2.232	1.757	0	0	0	NaN
67	IMG01315.JPG	3.432	1.623	0	0	0	NaN
68	IMG01315.JPG	3.461	1.942	0	0	0	NaN
69	IMG01315.JPG	2.359	1.681	0	0	0	NaN
70	IMG01315.JPG	2.475	0.91	0	0	0	NaN
71	IMG01315.JPG	3.13	0.858	0	0	0	NaN
72	IMG01315.JPG	3.339	1.646	0	0	0	NaN
73	IMG01314.JPG	2.394	1.872	0	0	0	NaN
74	IMG01314.JPG	2.319	1.559	0	0	0	NaN
75	IMG01314.JPG	3.409	1.554	0	0	0	NaN
76	IMG01314.JPG	3.351	1.872	0	0	0	NaN
77	IMG01314.JPG	2.417	1.571	0	0	0	NaN
78	IMG01314.JPG	2.545	0.748	0	0	0	NaN
79	IMG01314.JPG	3.154	0.754	0	0	0	NaN
80	IMG01314.JPG	3.293	1.559	0	0	0	NaN
81	IMG01313.JPG	2.29	1.896	0	0	0	NaN
82	IMG01313.JPG	2.22	1.6	0	0	0	NaN
83	IMG01313.JPG	3.397	1.583	0	0	0	NaN
84	IMG01313.JPG	3.374	1.849	0	0	0	NaN
85	IMG01313.JPG	2.325	1.612	0	0	0	NaN
86	IMG01313.JPG	2.539	0.823	0	0	0	NaN
87	IMG01313.JPG	3.142	0.794	0	0	0	NaN
88	IMG01313.JPG	3.316	1.565	0	0	0	NaN
89	IMG01312.JPG	2.255	2	0	0	0	NaN
90	IMG01312.JPG	2.197	1.646	0	0	0	NaN
91	IMG01312.JPG	3.403	1.571	0	0	0	NaN
92	IMG01312.JPG	3.38	1.959	0	0	0	NaN
93	IMG01312.JPG	2.29	1.635	0	0	0	NaN
94	IMG01312.JPG	2.458	0.835	0	0	0	NaN
95	IMG01312.JPG	3.078	0.783	0	0	0	NaN
96	IMG01312.JPG	3.322	1.577	0	0	0	NaN
97	IMG01311.JPG	2.029	2.093	0	0	0	NaN
98	IMG01311.JPG	2.017	1.635	0	0	0	NaN
99	IMG01311.JPG	3.548	1.617	0	0	0	NaN
100	IMG01311.JPG	3.519	2.07	0	0	0	NaN
101	IMG01311.JPG	2.139	1.629	0	0	0	NaN
102	IMG01311.JPG	2.33	0.788	0	0	0	NaN
103	IMG01311.JPG	3.142	0.748	0	0	0	NaN
104	IMG01311.JPG	3.426	1.606	0	0	0	NaN
105	IMG01310.JPG	2.174	1.983	0	0	0	NaN
106	IMG01310.JPG	2.151	1.588	0	0	0	NaN
107	IMG01310.JPG	3.455	1.629	0	0	0	NaN
108	IMG01310.JPG	3.42	2.029	0	0	0	NaN
109	IMG01310.JPG	2.272	1.571	0	0	0	NaN
110	IMG01310.JPG	2.464	0.719	0	0	0	NaN
111	IMG01310.JPG	3.101	0.696	0	0	0	NaN
112	IMG01310.JPG	3.368	1.629	0	0	0	NaN
113	IMG01309.JPG	2.052	2.157	0	0	0	NaN
114	IMG01309.JPG	2.006	1.693	0	0	0	NaN
115	IMG01309.JPG	3.362	1.548	0	0	0	NaN
116	IMG01309.JPG	3.281	2.104	0	0	0	NaN
117	IMG01309.JPG	2.157	1.652	0	0	0	NaN
118	IMG01309.JPG	2.307	0.678	0	0	0	NaN
119	IMG01309.JPG	2.974	0.667	0	0	0	NaN
120	IMG01309.JPG	3.223	1.583	0	0	0	NaN
121	IMG01308.JPG	2.249	2.255	0	0	0	NaN
122	IMG01308.JPG	2.168	1.67	0	0	0	NaN
123	IMG01308.JPG	3.577	1.635	0	0	0	NaN
124	IMG01308.JPG	3.525	2.214	0	0	0	NaN
125	IMG01308.JPG	2.325	1.664	0	0	0	NaN
126	IMG01308.JPG	2.481	0.817	0	0	0	NaN
127	IMG01308.JPG	3.154	0.777	0	0	0	NaN
128	IMG01308.JPG	3.432	1.635	0	0	0	NaN
129	IMG01307.JPG	2.243	2.116	0	0	0	NaN
130	IMG01307.JPG	2.174	1.739	0	0	0	NaN
131	IMG01307.JPG	3.519	1.704	0	0	0	NaN
132	IMG01307.JPG	3.49	2.064	0	0	0	NaN
133	IMG01307.JPG	2.313	1.704	0	0	0	NaN
134	IMG01307.JPG	2.574	0.835	0	0	0	NaN
135	IMG01307.JPG	3.177	0.829	0	0	0	NaN
136	IMG01307.JPG	3.403	1.635	0	0	0	NaN
137	IMG01306.JPG	2.197	1.971	0	0	0	NaN
138	IMG01306.JPG	2.133	1.652	0	0	0	NaN
139	IMG01306.JPG	3.426	1.536	0	0	0	NaN
140	IMG01306.JPG	3.403	1.896	0	0	0	NaN
141	IMG01306.JPG	2.249	1.623	0	0	0	NaN
142	IMG01306.JPG	2.429	0.887	0	0	0	NaN
143	IMG01306.JPG	3.096	0.852	0	0	0	NaN
144	IMG01306.JPG	3.322	1.519	0	0	0	NaN
145	IMG01305.JPG	2.232	2.006	0	0	0	NaN
146	IMG01305.JPG	2.18	1.664	0	0	0	NaN
147	IMG01305.JPG	3.49	1.606	0	0	0	NaN
148	IMG01305.JPG	3.42	2.087	0	0	0	NaN
149	IMG01305.JPG	2.307	1.629	0	0	0	NaN
150	IMG01305.JPG	2.493	0.748	0	0	0	NaN
151	IMG01305.JPG	3.159	0.707	0	0	0	NaN
152	IMG01305.JPG	3.374	1.571	0	0	0	NaN
153	IMG01304.JPG	2.139	2.07	0	0	0	NaN
154	IMG01304.JPG	2.052	1.67	0	0	0	NaN
155	IMG01304.JPG	3.397	1.652	0	0	0	NaN
156	IMG01304.JPG	3.397	2.006	0	0	0	NaN
157	IMG01304.JPG	2.203	1.646	0	0	0	NaN
158	IMG01304.JPG	2.429	0.812	0	0	0	NaN
159	IMG01304.JPG	3.003	0.783	0	0	0	NaN
160	IMG01304.JPG	3.27	1.594	0	0	0	NaN
161	IMG01303.JPG	2.249	2.017	0	0	0	NaN
162	IMG01303.JPG	2.145	1.6	0	0	0	NaN
163	IMG01303.JPG	3.484	1.525	0	0	0	NaN
164	IMG01303.JPG	3.467	1.977	0	0	0	NaN
165	IMG01303.JPG	2.232	1.583	0	0	0	NaN
166	IMG01303.JPG	2.423	0.742	0	0	0	NaN
167	IMG01303.JPG	3.177	0.719	0	0	0	NaN
168	IMG01303.JPG	3.386	1.525	0	0	0	NaN
169	IMG01302.JPG	2.133	2.064	0	0	0	NaN
170	IMG01302.JPG	2.139	1.646	0	0	0	NaN
171	IMG01302.JPG	3.391	1.583	0	0	0	NaN
172	IMG01302.JPG	3.455	1.954	0	0	0	NaN
173	IMG01302.JPG	2.238	1.617	0	0	0	NaN
174	IMG01302.JPG	2.522	0.881	0	0	0	NaN
175	IMG01302.JPG	3.154	0.87	0	0	0	NaN
176	IMG01302.JPG	3.293	1.577	0	0	0	NaN
177	IMG01301.JPG	2.174	2.023	0	0	0	NaN
178	IMG01301.JPG	2.087	1.681	0	0	0	NaN
179	IMG01301.JPG	3.368	1.629	0	0	0	NaN
180	IMG01301.JPG	3.357	1.988	0	0	0	NaN
181	IMG01301.JPG	2.203	1.635	0	0	0	NaN
182	IMG01301.JPG	2.441	0.806	0	0	0	NaN
183	IMG01301.JPG	3.096	0.777	0	0	0	NaN
184	IMG01301.JPG	3.31	1.6	0	0	0	NaN
185	IMG01300.JPG	2.261	2.041	0	0	0	NaN
186	IMG01300.JPG	2.128	1.681	0	0	0	NaN
187	IMG01300.JPG	3.478	1.594	0	0	0	NaN
188	IMG01300.JPG	3.391	2	0	0	0	NaN
189	IMG01300.JPG	2.267	1.664	0	0	0	NaN
190	IMG01300.JPG	2.452	0.783	0	0	0	NaN
191	IMG01300.JPG	3.217	0.742	0	0	0	NaN
192	IMG01300.JPG	3.403	1.6	0	0	0	NaN
193	IMG01299.JPG	2.238	1.948	0	0	0	NaN
194	IMG01299.JPG	2.157	1.635	0	0	0	NaN
195	IMG01299.JPG	3.409	1.583	0	0	0	NaN
196	IMG01299.JPG	3.409	1.954	0	0	0	NaN
197	IMG01299.JPG	2.261	1.606	0	0	0	NaN
198	IMG01299.JPG	2.464	0.713	0	0	0	NaN
199	IMG01299.JPG	3.148	0.655	0	0	0	NaN
200	IMG01299.JPG	3.31	1.571	0	0	0	NaN
201	IMG01298.JPG	2.174	1.93	0	0	0	NaN
202	IMG01298.JPG	2.099	1.606	0	0	0	NaN
203	IMG01298.JPG	3.409	1.53	0	0	0	NaN
204	IMG01298.JPG	3.362	1.901	0	0	0	NaN
205	IMG01298.JPG	2.226	1.565	0	0	0	NaN
206	IMG01298.JPG	2.383	0.632	0	0	0	NaN
207	IMG01298.JPG	3.067	0.62	0	0	0	NaN
208	IMG01298.JPG	3.293	1.519	0	0	0	NaN
209	IMG01297.JPG	2.191	1.948	0	0	0	NaN
210	IMG01297.JPG	2.07	1.6	0	0	0	NaN
211	IMG01297.JPG	3.438	1.571	0	0	0	NaN
212	IMG01297.JPG	3.339	1.971	0	0	0	NaN
213	IMG01297.JPG	2.186	1.565	0	0	0	NaN
214	IMG01297.JPG	2.464	0.748	0	0	0	NaN
215	IMG01297.JPG	3.148	0.713	0	0	0	NaN
216	IMG01297.JPG	3.322	1.513	0	0	0	NaN
217	IMG01296.JPG	2.255	1.988	0	0	0	NaN
218	IMG01296.JPG	2.197	1.6	0	0	0	NaN
219	IMG01296.JPG	3.368	1.565	0	0	0	NaN
220	IMG01296.JPG	3.357	2.041	0	0	0	NaN
221	IMG01296.JPG	2.325	1.623	0	0	0	NaN
222	IMG01296.JPG	2.493	0.904	0	0	0	NaN
223	IMG01296.JPG	3.136	0.899	0	0	0	NaN
224	IMG01296.JPG	3.275	1.594	0	0	0	NaN
225	IMG01295.JPG	2.261	2.023	0	0	0	NaN
226	IMG01295.JPG	2.174	1.646	0	0	0	NaN
227	IMG01295.JPG	3.461	1.646	0	0	0	NaN
228	IMG01295.JPG	3.426	1.977	0	0	0	NaN
229	IMG01295.JPG	2.29	1.652	0	0	0	NaN
230	IMG01295.JPG	2.528	0.87	0	0	0	NaN
231	IMG01295.JPG	3.13	0.835	0	0	0	NaN
232	IMG01295.JPG	3.351	1.565	0	0	0	NaN
233	IMG01294.JPG	2.214	1.994	0	0	0	NaN
234	IMG01294.JPG	2.104	1.606	0	0	0	NaN
235	IMG01294.JPG	3.455	1.519	0	0	0	NaN
236	IMG01294.JPG	3.414	1.896	0	0	0	NaN
237	IMG01294.JPG	2.209	1.606	0	0	0	NaN
238	IMG01294.JPG	2.394	0.661	0	0	0	NaN
239	IMG01294.JPG	3.003	0.661	0	0	0	NaN
240	IMG01294.JPG	3.345	1.525	0	0	0	NaN
241	IMG01293.JPG	2.226	2.052	0	0	0	NaN
242	IMG01293.JPG	2.157	1.629	0	0	0	NaN
243	IMG01293.JPG	3.351	1.594	0	0	0	NaN
244	IMG01293.JPG	3.287	2.012	0	0	0	NaN
245	IMG01293.JPG	2.278	1.571	0	0	0	NaN
246	IMG01293.JPG	2.406	0.858	0	0	0	NaN
247	IMG01293.JPG	3.107	0.823	0	0	0	NaN
248	IMG01293.JPG	3.246	1.583	0	0	0	NaN
249	IMG01292.JPG	2.203	2	0	0	0	NaN
250	IMG01292.JPG	2.122	1.67	0	0	0	NaN
251	IMG01292.JPG	3.467	1.594	0	0	0	NaN
252	IMG01292.JPG	3.432	1.988	0	0	0	NaN
253	IMG01292.JPG	2.232	1.617	0	0	0	NaN
254	IMG01292.JPG	2.429	0.841	0	0	0	NaN
255	IMG01292.JPG	3.136	0.794	0	0	0	NaN
256	IMG01292.JPG	3.38	1.594	0	0	0	NaN
257	IMG01291.JPG	2.168	2.035	0	0	0	NaN
258	IMG01291.JPG	2.099	1.629	0	0	0	NaN
259	IMG01291.JPG	3.438	1.583	0	0	0	NaN
260	IMG01291.JPG	3.461	1.983	0	0	0	NaN
261	IMG01291.JPG	2.243	1.617	0	0	0	NaN
262	IMG01291.JPG	2.458	0.748	0	0	0	NaN
263	IMG01291.JPG	3.078	0.719	0	0	0	NaN
264	IMG01291.JPG	3.351	1.571	0	0	0	NaN
265	IMG01290.JPG	2.133	2.22	0	0	0	NaN
266	IMG01290.JPG	2.041	1.733	0	0	0	NaN
267	IMG01290.JPG	3.472	1.629	0	0	0	NaN
268	IMG01290.JPG	3.403	2.157	0	0	0	NaN
269	IMG01290.JPG	2.191	1.704	0	0	0	NaN
270	IMG01290.JPG	2.446	0.887	0	0	0	NaN
271	IMG01290.JPG	3.078	0.817	0	0	0	NaN
272	IMG01290.JPG	3.339	1.629	0	0	0	NaN
273	IMG01289.JPG	2.197	2.174	0	0	0	NaN
274	IMG01289.JPG	2.081	1.751	0	0	0	NaN
275	IMG01289.JPG	3.577	1.652	0	0	0	NaN
276	IMG01289.JPG	3.496	2.11	0	0	0	NaN
277	IMG01289.JPG	2.203	1.675	0	0	0	NaN
278	IMG01289.JPG	2.487	0.812	0	0	0	NaN
279	IMG01289.JPG	3.212	0.771	0	0	0	NaN
280	IMG01289.JPG	3.49	1.617	0	0	0	NaN
281	IMG01288.JPG	2.203	2.145	0	0	0	NaN
282	IMG01288.JPG	2.087	1.786	0	0	0	NaN
283	IMG01288.JPG	3.467	1.675	0	0	0	NaN
284	IMG01288.JPG	3.461	2.052	0	0	0	NaN
285	IMG01288.JPG	2.249	1.687	0	0	0	NaN
286	IMG01288.JPG	2.452	0.841	0	0	0	NaN
287	IMG01288.JPG	3.101	0.817	0	0	0	NaN
288	IMG01288.JPG	3.374	1.623	0	0	0	NaN
289	IMG01287.JPG	2.133	2.087	0	0	0	NaN
290	IMG01287.JPG	1.977	1.687	0	0	0	NaN
291	IMG01287.JPG	3.501	1.554	0	0	0	NaN
292	IMG01287.JPG	3.455	2.029	0	0	0	NaN
293	IMG01287.JPG	2.133	1.652	0	0	0	NaN
294	IMG01287.JPG	2.278	0.643	0	0	0	NaN
295	IMG01287.JPG	3.078	0.626	0	0	0	NaN
296	IMG01287.JPG	3.391	1.53	0	0	0	NaN
297	IMG01286.JPG	2.145	1.965	0	0	0	NaN
298	IMG01286.JPG	2.116	1.629	0	0	0	NaN
299	IMG01286.JPG	3.461	1.577	0	0	0	NaN
300	IMG01286.JPG	3.449	1.959	0	0	0	NaN
301	IMG01286.JPG	2.238	1.594	0	0	0	NaN
302	IMG01286.JPG	2.441	0.777	0	0	0	NaN
303	IMG01286.JPG	3.096	0.725	0	0	0	NaN
304	IMG01286.JPG	3.357	1.577	0	0	0	NaN
305	IMG01285.JPG	2.162	1.965	0	0	0	NaN
306	IMG01285.JPG	2.128	1.635	0	0	0	NaN
307	IMG01285.JPG	3.38	1.577	0	0	0	NaN
308	IMG01285.JPG	3.38	1.925	0	0	0	NaN
309	IMG01285.JPG	2.209	1.612	0	0	0	NaN
310	IMG01285.JPG	2.394	0.8	0	0	0	NaN
311	IMG01285.JPG	3.043	0.736	0	0	0	NaN
312	IMG01285.JPG	3.275	1.588	0	0	0	NaN
313	IMG01284.JPG	2.174	1.936	0	0	0	NaN
314	IMG01284.JPG	2.133	1.646	0	0	0	NaN
315	IMG01284.JPG	3.391	1.617	0	0	0	NaN
316	IMG01284.JPG	3.368	1.93	0	0	0	NaN
317	IMG01284.JPG	2.261	1.617	0	0	0	NaN
318	IMG01284.JPG	2.475	0.928	0	0	0	NaN
319	IMG01284.JPG	3.061	0.91	0	0	0	NaN
320	IMG01284.JPG	3.281	1.577	0	0	0	NaN
321	IMG01283.JPG	2.232	2	0	0	0	NaN
322	IMG01283.JPG	2.168	1.658	0	0	0	NaN
323	IMG01283.JPG	3.397	1.6	0	0	0	NaN
324	IMG01283.JPG	3.357	1.977	0	0	0	NaN
325	IMG01283.JPG	2.29	1.629	0	0	0	NaN
326	IMG01283.JPG	2.377	0.667	0	0	0	NaN
327	IMG01283.JPG	3.217	0.661	0	0	0	NaN
328	IMG01283.JPG	3.31	1.559	0	0	0	NaN
329	IMG01282.JPG	2.319	1.977	0	0	0	NaN
330	IMG01282.JPG	2.226	1.588	0	0	0	NaN
331	IMG01282.JPG	3.443	1.612	0	0	0	NaN
332	IMG01282.JPG	3.386	2.029	0	0	0	NaN
333	IMG01282.JPG	2.336	1.583	0	0	0	NaN
334	IMG01282.JPG	2.562	0.893	0	0	0	NaN
335	IMG01282.JPG	3.165	0.864	0	0	0	NaN
336	IMG01282.JPG	3.351	1.594	0	0	0	NaN
337	IMG01281.JPG	2.267	1.971	0	0	0	NaN
338	IMG01281.JPG	2.145	1.623	0	0	0	NaN
339	IMG01281.JPG	3.449	1.588	0	0	0	NaN
340	IMG01281.JPG	3.339	2.029	0	0	0	NaN
341	IMG01281.JPG	2.284	1.554	0	0	0	NaN
342	IMG01281.JPG	2.522	0.713	0	0	0	NaN
343	IMG01281.JPG	3.183	0.667	0	0	0	NaN
344	IMG01281.JPG	3.322	1.577	0	0	0	NaN
345	IMG01280.JPG	2.261	1.959	0	0	0	NaN
346	IMG01280.JPG	2.133	1.606	0	0	0	NaN
347	IMG01280.JPG	3.461	1.588	0	0	0	NaN
348	IMG01280.JPG	3.397	1.965	0	0	0	NaN
349	IMG01280.JPG	2.267	1.588	0	0	0	NaN
350	IMG01280.JPG	2.441	0.707	0	0	0	NaN
351	IMG01280.JPG	3.154	0.667	0	0	0	NaN
352	IMG01280.JPG	3.333	1.583	0	0	0	NaN
353	IMG01279.JPG	2.145	2.099	0	0	0	NaN
354	IMG01279.JPG	2.075	1.641	0	0	0	NaN
355	IMG01279.JPG	3.403	1.577	0	0	0	NaN
356	IMG01279.JPG	3.386	2.075	0	0	0	NaN
357	IMG01279.JPG	2.232	1.612	0	0	0	NaN
358	IMG01279.JPG	2.441	0.87	0	0	0	NaN
359	IMG01279.JPG	3.02	0.829	0	0	0	NaN
360	IMG01279.JPG	3.275	1.548	0	0	0	NaN
361	IMG01278.JPG	2.278	1.948	0	0	0	NaN
362	IMG01278.JPG	2.139	1.606	0	0	0	NaN
363	IMG01278.JPG	3.443	1.519	0	0	0	NaN
364	IMG01278.JPG	3.443	1.901	0	0	0	NaN
365	IMG01278.JPG	2.243	1.577	0	0	0	NaN
366	IMG01278.JPG	2.452	0.829	0	0	0	NaN
367	IMG01278.JPG	3.113	0.823	0	0	0	NaN
368	IMG01278.JPG	3.38	1.507	0	0	0	NaN
369	IMG01277.JPG	2.261	2.035	0	0	0	NaN
370	IMG01277.JPG	2.168	1.728	0	0	0	NaN
371	IMG01277.JPG	3.391	1.658	0	0	0	NaN
372	IMG01277.JPG	3.304	2.023	0	0	0	NaN
373	IMG01277.JPG	2.272	1.67	0	0	0	NaN
374	IMG01277.JPG	2.481	0.812	0	0	0	NaN
375	IMG01277.JPG	3.072	0.771	0	0	0	NaN
376	IMG01277.JPG	3.299	1.641	0	0	0	NaN
377	IMG01276.JPG	2.284	1.971	0	0	0	NaN
378	IMG01276.JPG	2.278	1.693	0	0	0	NaN
379	IMG01276.JPG	3.513	1.559	0	0	0	NaN
380	IMG01276.JPG	3.467	1.971	0	0	0	NaN
381	IMG01276.JPG	2.388	1.635	0	0	0	NaN
382	IMG01276.JPG	2.557	0.788	0	0	0	NaN
383	IMG01276.JPG	3.142	0.8	0	0	0	NaN
384	IMG01276.JPG	3.432	1.583	0	0	0	NaN
385	IMG01275.JPG	2.209	2.099	0	0	0	NaN
386	IMG01275.JPG	2.081	1.687	0	0	0	NaN
387	IMG01275.JPG	3.426	1.675	0	0	0	NaN
388	IMG01275.JPG	3.339	2.052	0	0	0	NaN
389	IMG01275.JPG	2.226	1.658	0	0	0	NaN
390	IMG01275.JPG	2.452	0.916	0	0	0	NaN
391	IMG01275.JPG	3.032	0.899	0	0	0	NaN
392	IMG01275.JPG	3.328	1.594	0	0	0	NaN
393	IMG01274.JPG	2.151	2.214	0	0	0	NaN
394	IMG01274.JPG	2.081	1.623	0	0	0	NaN
395	IMG01274.JPG	3.501	1.513	0	0	0	NaN
396	IMG01274.JPG	3.496	2.093	0	0	0	NaN
397	IMG01274.JPG	2.232	1.6	0	0	0	NaN
398	IMG01274.JPG	2.446	0.748	0	0	0	NaN
399	IMG01274.JPG	3.107	0.73	0	0	0	NaN
400	IMG01274.JPG	3.362	1.53	0	0	0	NaN
401	IMG01273.JPG	2.325	2.122	0	0	0	NaN
402	IMG01273.JPG	2.255	1.681	0	0	0	NaN
403	IMG01273.JPG	3.629	1.548	0	0	0	NaN
404	IMG01273.JPG	3.565	2.087	0	0	0	NaN
405	IMG01273.JPG	2.342	1.658	0	0	0	NaN
406	IMG01273.JPG	2.574	0.812	0	0	0	NaN
407	IMG01273.JPG	3.206	0.8	0	0	0	NaN
408	IMG01273.JPG	3.519	1.571	0	0	0	NaN
409	IMG01272.JPG	2.209	1.948	0	0	0	NaN
410	IMG01272.JPG	2.168	1.652	0	0	0	NaN
411	IMG01272.JPG	3.397	1.542	0	0	0	NaN
412	IMG01272.JPG	3.426	1.884	0	0	0	NaN
413	IMG01272.JPG	2.267	1.641	0	0	0	NaN
414	IMG01272.JPG	2.417	0.881	0	0	0	NaN
415	IMG01272.JPG	3.119	0.852	0	0	0	NaN
416	IMG01272.JPG	3.293	1.554	0	0	0	NaN
417	IMG01271.JPG	2.081	2.064	0	0	0	NaN
418	IMG01271.JPG	2.052	1.67	0	0	0	NaN
419	IMG01271.JPG	3.391	1.588	0	0	0	NaN
420	IMG01271.JPG	3.322	2.075	0	0	0	NaN
421	IMG01271.JPG	2.232	1.6	0	0	0	NaN
422	IMG01271.JPG	2.446	0.887	0	0	0	NaN
423	IMG01271.JPG	3.043	0.87	0	0	0	NaN
424	IMG01271.JPG	3.281	1.612	0	0	0	NaN
425	IMG01270.JPG	2.255	2	0	0	0	NaN
426	IMG01270.JPG	2.226	1.699	0	0	0	NaN
427	IMG01270.JPG	3.438	1.594	0	0	0	NaN
428	IMG01270.JPG	3.414	1.959	0	0	0	NaN
429	IMG01270.JPG	2.342	1.681	0	0	0	NaN
430	IMG01270.JPG	2.47	0.904	0	0	0	NaN
431	IMG01270.JPG	3.096	0.858	0	0	0	NaN
432	IMG01270.JPG	3.351	1.594	0	0	0	NaN
433	IMG01269.JPG	2.325	1.913	0	0	0	NaN
434	IMG01269.JPG	2.197	1.588	0	0	0	NaN
435	IMG01269.JPG	3.507	1.583	0	0	0	NaN
436	IMG01269.JPG	3.42	1.913	0	0	0	NaN
437	IMG01269.JPG	2.284	1.565	0	0	0	NaN
438	IMG01269.JPG	2.533	0.777	0	0	0	NaN
439	IMG01269.JPG	3.159	0.759	0	0	0	NaN
440	IMG01269.JPG	3.414	1.554	0	0	0	NaN
441	IMG01268.JPG	2.29	1.878	0	0	0	NaN
442	IMG01268.JPG	2.22	1.606	0	0	0	NaN
443	IMG01268.JPG	3.403	1.588	0	0	0	NaN
444	IMG01268.JPG	3.345	1.878	0	0	0	NaN
445	IMG01268.JPG	2.284	1.559	0	0	0	NaN
446	IMG01268.JPG	2.522	0.748	0	0	0	NaN
447	IMG01268.JPG	3.125	0.719	0	0	0	NaN
448	IMG01268.JPG	3.322	1.583	0	0	0	NaN
449	IMG01267.JPG	2.29	2.099	0	0	0	NaN
450	IMG01267.JPG	2.191	1.664	0	0	0	NaN
451	IMG01267.JPG	3.426	1.629	0	0	0	NaN
452	IMG01267.JPG	3.443	2.093	0	0	0	NaN
453	IMG01267.JPG	2.325	1.652	0	0	0	NaN
454	IMG01267.JPG	2.493	0.916	0	0	0	NaN
455	IMG01267.JPG	3.13	0.858	0	0	0	NaN
456	IMG01267.JPG	3.339	1.623	0	0	0	NaN
457	IMG01266.JPG	2.232	1.896	0	0	0	NaN
458	IMG01266.JPG	2.139	1.606	0	0	0	NaN
459	IMG01266.JPG	3.345	1.577	0	0	0	NaN
460	IMG01266.JPG	3.287	1.884	0	0	0	NaN
461	IMG01266.JPG	2.226	1.565	0	0	0	NaN
462	IMG01266.JPG	2.429	0.719	0	0	0	NaN
463	IMG01266.JPG	3.055	0.701	0	0	0	NaN
464	IMG01266.JPG	3.27	1.559	0	0	0	NaN
465	IMG01265.JPG	2.249	2.052	0	0	0	NaN
466	IMG01265.JPG	2.133	1.629	0	0	0	NaN
467	IMG01265.JPG	3.472	1.565	0	0	0	NaN
468	IMG01265.JPG	3.449	2	0	0	0	NaN
469	IMG01265.JPG	2.272	1.641	0	0	0	NaN
470	IMG01265.JPG	2.522	0.904	0	0	0	NaN
471	IMG01265.JPG	3.113	0.875	0	0	0	NaN
472	IMG01265.JPG	3.357	1.548	0	0	0	NaN
473	IMG01264.JPG	2.191	2.116	0	0	0	NaN
474	IMG01264.JPG	2.157	1.67	0	0	0	NaN
475	IMG01264.JPG	3.426	1.594	0	0	0	NaN
476	IMG01264.JPG	3.403	2.116	0	0	0	NaN
477	IMG01264.JPG	2.226	1.612	0	0	0	NaN
478	IMG01264.JPG	2.458	0.939	0	0	0	NaN
479	IMG01264.JPG	3.072	0.904	0	0	0	NaN
480	IMG01264.JPG	3.293	1.617	0	0	0	NaN
481	IMG01263.JPG	2.191	2.093	0	0	0	NaN
482	IMG01263.JPG	2.186	1.71	0	0	0	NaN
483	IMG01263.JPG	3.635	1.565	0	0	0	NaN
484	IMG01263.JPG	3.612	2.087	0	0	0	NaN
485	IMG01263.JPG	2.284	1.635	0	0	0	NaN
486	IMG01263.JPG	2.545	0.765	0	0	0	NaN
487	IMG01263.JPG	3.235	0.748	0	0	0	NaN
488	IMG01263.JPG	3.525	1.594	0	0	0	NaN
489	IMG01262.JPG	2.22	2.023	0	0	0	NaN
490	IMG01262.JPG	2.116	1.664	0	0	0	NaN
491	IMG01262.JPG	3.426	1.606	0	0	0	NaN
492	IMG01262.JPG	3.438	1.965	0	0	0	NaN
493	IMG01262.JPG	2.226	1.641	0	0	0	NaN
494	IMG01262.JPG	2.458	0.794	0	0	0	NaN
495	IMG01262.JPG	3.084	0.8	0	0	0	NaN
496	IMG01262.JPG	3.316	1.559	0	0	0	NaN
497	IMG01261.JPG	2.209	2.023	0	0	0	NaN
498	IMG01261.JPG	2.151	1.646	0	0	0	NaN
499	IMG01261.JPG	3.501	1.548	0	0	0	NaN
500	IMG01261.JPG	3.472	1.965	0	0	0	NaN
501	IMG01261.JPG	2.243	1.635	0	0	0	NaN
502	IMG01261.JPG	2.493	0.701	0	0	0	NaN
503	IMG01261.JPG	3.159	0.643	0	0	0	NaN
504	IMG01261.JPG	3.391	1.53	0	0	0	NaN
505	IMG01260.JPG	2.081	2.313	0	0	0	NaN
506	IMG01260.JPG	1.988	1.635	0	0	0	NaN
507	IMG01260.JPG	3.496	1.6	0	0	0	NaN
508	IMG01260.JPG	3.548	2.214	0	0	0	NaN
509	IMG01260.JPG	2.151	1.687	0	0	0	NaN
510	IMG01260.JPG	2.394	0.875	0	0	0	NaN
511	IMG01260.JPG	3.09	0.829	0	0	0	NaN
512	IMG01260.JPG	3.362	1.594	0	0	0	NaN
513	IMG01259.JPG	2.261	1.983	0	0	0	NaN
514	IMG01259.JPG	2.203	1.652	0	0	0	NaN
515	IMG01259.JPG	3.351	1.623	0	0	0	NaN
516	IMG01259.JPG	3.304	1.925	0	0	0	NaN
517	IMG01259.JPG	2.296	1.646	0	0	0	NaN
518	IMG01259.JPG	2.504	0.87	0	0	0	NaN
519	IMG01259.JPG	3.009	0.852	0	0	0	NaN
520	IMG01259.JPG	3.281	1.6	0	0	0	NaN
521	IMG01258.JPG	2.133	1.977	0	0	0	NaN
522	IMG01258.JPG	2.046	1.594	0	0	0	NaN
523	IMG01258.JPG	3.478	1.6	0	0	0	NaN
524	IMG01258.JPG	3.443	1.959	0	0	0	NaN
525	IMG01258.JPG	2.214	1.559	0	0	0	NaN
526	IMG01258.JPG	2.429	0.748	0	0	0	NaN
527	IMG01258.JPG	3.13	0.742	0	0	0	NaN
528	IMG01258.JPG	3.38	1.583	0	0	0	NaN
529	IMG01257.JPG	2.116	2.186	0	0	0	NaN
530	IMG01257.JPG	2.087	1.739	0	0	0	NaN
531	IMG01257.JPG	3.583	1.617	0	0	0	NaN
532	IMG01257.JPG	3.594	2.099	0	0	0	NaN
533	IMG01257.JPG	2.214	1.693	0	0	0	NaN
534	IMG01257.JPG	2.493	0.846	0	0	0	NaN
535	IMG01257.JPG	3.235	0.817	0	0	0	NaN
536	IMG01257.JPG	3.496	1.646	0	0	0	NaN
537	IMG01256.JPG	2.162	1.942	0	0	0	NaN
538	IMG01256.JPG	2.128	1.606	0	0	0	NaN
539	IMG01256.JPG	3.449	1.519	0	0	0	NaN
540	IMG01256.JPG	3.386	1.901	0	0	0	NaN
541	IMG01256.JPG	2.238	1.6	0	0	0	NaN
542	IMG01256.JPG	2.516	0.678	0	0	0	NaN
543	IMG01256.JPG	3.107	0.649	0	0	0	NaN
544	IMG01256.JPG	3.357	1.53	0	0	0	NaN
545	IMG01255.JPG	2.168	1.942	0	0	0	NaN
546	IMG01255.JPG	2.104	1.693	0	0	0	NaN
547	IMG01255.JPG	3.478	1.606	0	0	0	NaN
548	IMG01255.JPG	3.467	1.925	0	0	0	NaN
549	IMG01255.JPG	2.186	1.658	0	0	0	NaN
550	IMG01255.JPG	2.394	0.794	0	0	0	NaN
551	IMG01255.JPG	3.072	0.754	0	0	0	NaN
552	IMG01255.JPG	3.397	1.571	0	0	0	NaN
553	IMG01254.JPG	2.191	2.006	0	0	0	NaN
554	IMG01254.JPG	2.104	1.704	0	0	0	NaN
555	IMG01254.JPG	3.49	1.623	0	0	0	NaN
556	IMG01254.JPG	3.467	1.942	0	0	0	NaN
557	IMG01254.JPG	2.197	1.652	0	0	0	NaN
558	IMG01254.JPG	2.406	0.812	0	0	0	NaN
559	IMG01254.JPG	3.096	0.748	0	0	0	NaN
560	IMG01254.JPG	3.403	1.594	0	0	0	NaN
561	IMG01253.JPG	2.214	2.006	0	0	0	NaN
562	IMG01253.JPG	2.151	1.646	0	0	0	NaN
563	IMG01253.JPG	3.438	1.606	0	0	0	NaN
564	IMG01253.JPG	3.438	1.965	0	0	0	NaN
565	IMG01253.JPG	2.226	1.623	0	0	0	NaN
566	IMG01253.JPG	2.441	0.73	0	0	0	NaN
567	IMG01253.JPG	3.183	0.684	0	0	0	NaN
568	IMG01253.JPG	3.351	1.612	0	0	0	NaN
569	IMG01252.JPG	2.145	2.104	0	0	0	NaN
570	IMG01252.JPG	2	1.658	0	0	0	NaN
571	IMG01252.JPG	3.536	1.652	0	0	0	NaN
572	IMG01252.JPG	3.478	2.052	0	0	0	NaN
573	IMG01252.JPG	2.099	1.623	0	0	0	NaN
574	IMG01252.JPG	2.342	0.667	0	0	0	NaN
575	IMG01252.JPG	3.107	0.626	0	0	0	NaN
576	IMG01252.JPG	3.409	1.594	0	0	0	NaN
577	IMG01251.JPG	2.081	2.075	0	0	0	NaN
578	IMG01251.JPG	2.012	1.699	0	0	0	NaN
579	IMG01251.JPG	3.53	1.6	0	0	0	NaN
580	IMG01251.JPG	3.53	2.023	0	0	0	NaN
581	IMG01251.JPG	2.145	1.67	0	0	0	NaN
582	IMG01251.JPG	2.487	0.701	0	0	0	NaN
583	IMG01251.JPG	3.084	0.655	0	0	0	NaN
584	IMG01251.JPG	3.426	1.594	0	0	0	NaN
585	IMG01250.JPG	2.278	2.006	0	0	0	NaN
586	IMG01250.JPG	2.174	1.623	0	0	0	NaN
587	IMG01250.JPG	3.438	1.559	0	0	0	NaN
588	IMG01250.JPG	3.391	1.965	0	0	0	NaN
589	IMG01250.JPG	2.296	1.617	0	0	0	NaN
590	IMG01250.JPG	2.452	0.846	0	0	0	NaN
591	IMG01250.JPG	3.078	0.817	0	0	0	NaN
592	IMG01250.JPG	3.345	1.559	0	0	0	NaN
593	IMG01249.JPG	2.209	1.965	0	0	0	NaN
594	IMG01249.JPG	2.186	1.623	0	0	0	NaN
595	IMG01249.JPG	3.42	1.571	0	0	0	NaN
596	IMG01249.JPG	3.374	2.017	0	0	0	NaN
597	IMG01249.JPG	2.319	1.577	0	0	0	NaN
598	IMG01249.JPG	2.522	0.713	0	0	0	NaN
599	IMG01249.JPG	3.125	0.684	0	0	0	NaN
600	IMG01249.JPG	3.304	1.588	0	0	0	NaN
601	IMG01248.JPG	2.145	2.104	0	0	0	NaN
602	IMG01248.JPG	2.035	1.617	0	0	0	NaN
603	IMG01248.JPG	3.542	1.577	0	0	0	NaN
604	IMG01248.JPG	3.507	2.11	0	0	0	NaN
605	IMG01248.JPG	2.151	1.6	0	0	0	NaN
606	IMG01248.JPG	2.446	0.719	0	0	0	NaN
607	IMG01248.JPG	3.223	0.684	0	0	0	NaN
608	IMG01248.JPG	3.455	1.536	0	0	0	NaN
609	IMG01247.JPG	2.11	1.936	0	0	0	NaN
610	IMG01247.JPG	2.064	1.641	0	0	0	NaN
611	IMG01247.JPG	3.501	1.594	0	0	0	NaN
612	IMG01247.JPG	3.478	1.867	0	0	0	NaN
613	IMG01247.JPG	2.186	1.612	0	0	0	NaN
614	IMG01247.JPG	2.493	0.736	0	0	0	NaN
615	IMG01247.JPG	3.194	0.73	0	0	0	NaN
616	IMG01247.JPG	3.409	1.571	0	0	0	NaN
617	IMG01246.JPG	2.139	2.122	0	0	0	NaN
618	IMG01246.JPG	2.058	1.681	0	0	0	NaN
619	IMG01246.JPG	3.565	1.571	0	0	0	NaN
620	IMG01246.JPG	3.507	2.046	0	0	0	NaN
621	IMG01246.JPG	2.18	1.594	0	0	0	NaN
622	IMG01246.JPG	2.458	0.672	0	0	0	NaN
623	IMG01246.JPG	3.188	0.643	0	0	0	NaN
624	IMG01246.JPG	3.467	1.542	0	0	0	NaN
625	IMG01245.JPG	2.11	1.971	0	0	0	NaN
626	IMG01245.JPG	2.07	1.646	0	0	0	NaN
627	IMG01245.JPG	3.455	1.606	0	0	0	NaN
628	IMG01245.JPG	3.438	1.948	0	0	0	NaN
629	IMG01245.JPG	2.174	1.612	0	0	0	NaN
630	IMG01245.JPG	2.423	0.783	0	0	0	NaN
631	IMG01245.JPG	3.055	0.765	0	0	0	NaN
632	IMG01245.JPG	3.351	1.6	0	0	0	NaN
633	IMG01244.JPG	2.209	2.041	0	0	0	NaN
634	IMG01244.JPG	2.162	1.687	0	0	0	NaN
635	IMG01244.JPG	3.403	1.594	0	0	0	NaN
636	IMG01244.JPG	3.351	2	0	0	0	NaN
637	IMG01244.JPG	2.278	1.681	0	0	0	NaN
638	IMG01244.JPG	2.441	0.945	0	0	0	NaN
639	IMG01244.JPG	3.096	0.922	0	0	0	NaN
640	IMG01244.JPG	3.299	1.583	0	0	0	NaN
641	IMG01243.JPG	2.272	1.948	0	0	0	NaN
642	IMG01243.JPG	2.168	1.652	0	0	0	NaN
643	IMG01243.JPG	3.362	1.6	0	0	0	NaN
644	IMG01243.JPG	3.333	1.896	0	0	0	NaN
645	IMG01243.JPG	2.272	1.617	0	0	0	NaN
646	IMG01243.JPG	2.429	0.852	0	0	0	NaN
647	IMG01243.JPG	3.154	0.812	0	0	0	NaN
648	IMG01243.JPG	3.275	1.571	0	0	0	NaN
649	IMG01242.JPG	2.064	2.162	0	0	0	NaN
650	IMG01242.JPG	2.035	1.664	0	0	0	NaN
651	IMG01242.JPG	3.432	1.612	0	0	0	NaN
652	IMG01242.JPG	3.42	2.116	0	0	0	NaN
653	IMG01242.JPG	2.186	1.583	0	0	0	NaN
654	IMG01242.JPG	2.441	0.8	0	0	0	NaN
655	IMG01242.JPG	3.119	0.759	0	0	0	NaN
656	IMG01242.JPG	3.322	1.606	0	0	0	NaN
657	IMG01241.JPG	2.116	2.157	0	0	0	NaN
658	IMG01241.JPG	2.087	1.71	0	0	0	NaN
659	IMG01241.JPG	3.455	1.606	0	0	0	NaN
660	IMG01241.JPG	3.478	2.041	0	0	0	NaN
661	IMG01241.JPG	2.209	1.675	0	0	0	NaN
662	IMG01241.JPG	2.412	0.875	0	0	0	NaN
663	IMG01241.JPG	3.061	0.858	0	0	0	NaN
664	IMG01241.JPG	3.368	1.606	0	0	0	NaN
665	IMG01240.JPG	2.139	2.029	0	0	0	NaN
666	IMG01240.JPG	2.075	1.71	0	0	0	NaN
667	IMG01240.JPG	3.49	1.641	0	0	0	NaN
668	IMG01240.JPG	3.461	2.046	0	0	0	NaN
669	IMG01240.JPG	2.22	1.646	0	0	0	NaN
670	IMG01240.JPG	2.475	0.829	0	0	0	NaN
671	IMG01240.JPG	3.101	0.812	0	0	0	NaN
672	IMG01240.JPG	3.345	1.681	0	0	0	NaN
673	IMG01239.JPG	2.052	2.22	0	0	0	NaN
674	IMG01239.JPG	1.971	1.791	0	0	0	NaN
675	IMG01239.JPG	3.571	1.699	0	0	0	NaN
676	IMG01239.JPG	3.519	2.174	0	0	0	NaN
677	IMG01239.JPG	2.116	1.675	0	0	0	NaN
678	IMG01239.JPG	2.417	0.904	0	0	0	NaN
679	IMG01239.JPG	3.13	0.852	0	0	0	NaN
680	IMG01239.JPG	3.449	1.681	0	0	0	NaN
681	IMG01238.JPG	2.232	1.948	0	0	0	NaN
682	IMG01238.JPG	2.128	1.646	0	0	0	NaN
683	IMG01238.JPG	3.42	1.548	0	0	0	NaN
684	IMG01238.JPG	3.403	1.919	0	0	0	NaN
685	IMG01238.JPG	2.249	1.588	0	0	0	NaN
686	IMG01238.JPG	2.441	0.73	0	0	0	NaN
687	IMG01238.JPG	3.119	0.713	0	0	0	NaN
688	IMG01238.JPG	3.351	1.559	0	0	0	NaN
689	IMG01237.JPG	2.139	2.128	0	0	0	NaN
690	IMG01237.JPG	2.058	1.704	0	0	0	NaN
691	IMG01237.JPG	3.478	1.617	0	0	0	NaN
692	IMG01237.JPG	3.472	2.07	0	0	0	NaN
693	IMG01237.JPG	2.174	1.675	0	0	0	NaN
694	IMG01237.JPG	2.417	0.765	0	0	0	NaN
695	IMG01237.JPG	3.113	0.742	0	0	0	NaN
696	IMG01237.JPG	3.38	1.6	0	0	0	NaN
697	IMG01236.JPG	2.151	2.116	0	0	0	NaN
698	IMG01236.JPG	2.064	1.704	0	0	0	NaN
699	IMG01236.JPG	3.484	1.623	0	0	0	NaN
700	IMG01236.JPG	3.443	2.07	0	0	0	NaN
701	IMG01236.JPG	2.203	1.635	0	0	0	NaN
702	IMG01236.JPG	2.412	0.8	0	0	0	NaN
703	IMG01236.JPG	3.107	0.788	0	0	0	NaN
704	IMG01236.JPG	3.374	1.594	0	0	0	NaN
705	IMG01235.JPG	2.133	2.093	0	0	0	NaN
706	IMG01235.JPG	2	1.757	0	0	0	NaN
707	IMG01235.JPG	3.548	1.641	0	0	0	NaN
708	IMG01235.JPG	3.449	2.075	0	0	0	NaN
709	IMG01235.JPG	2.197	1.664	0	0	0	NaN
710	IMG01235.JPG	2.417	0.823	0	0	0	NaN
711	IMG01235.JPG	3.09	0.8	0	0	0	NaN
712	IMG01235.JPG	3.403	1.635	0	0	0	NaN
713	IMG01234.JPG	2.139	2.052	0	0	0	NaN
714	IMG01234.JPG	2.075	1.635	0	0	0	NaN
715	IMG01234.JPG	3.467	1.583	0	0	0	NaN
716	IMG01234.JPG	3.403	2.041	0	0	0	NaN
717	IMG01234.JPG	2.232	1.612	0	0	0	NaN
718	IMG01234.JPG	2.348	0.87	0	0	0	NaN
719	IMG01234.JPG	3.148	0.823	0	0	0	NaN
720	IMG01234.JPG	3.328	1.588	0	0	0	NaN
721	IMG01233.JPG	2.046	2.104	0	0	0	NaN
722	IMG01233.JPG	2.023	1.71	0	0	0	NaN
723	IMG01233.JPG	3.461	1.675	0	0	0	NaN
724	IMG01233.JPG	3.449	2.128	0	0	0	NaN
725	IMG01233.JPG	2.128	1.675	0	0	0	NaN
726	IMG01233.JPG	2.412	0.684	0	0	0	NaN
727	IMG01233.JPG	3.119	0.701	0	0	0	NaN
728	IMG01233.JPG	3.362	1.612	0	0	0	NaN
729	IMG01232.JPG	2.145	1.983	0	0	0	NaN
730	IMG01232.JPG	2.081	1.612	0	0	0	NaN
731	IMG01232.JPG	3.461	1.583	0	0	0	NaN
732	IMG01232.JPG	3.414	1.93	0	0	0	NaN
733	IMG01232.JPG	2.197	1.577	0	0	0	NaN
734	IMG01232.JPG	2.435	0.8	0	0	0	NaN
735	IMG01232.JPG	3.049	0.765	0	0	0	NaN
736	IMG01232.JPG	3.339	1.559	0	0	0	NaN
737	IMG01231.JPG	2.087	1.983	0	0	0	NaN
738	IMG01231.JPG	2.052	1.612	0	0	0	NaN
739	IMG01231.JPG	3.467	1.588	0	0	0	NaN
740	IMG01231.JPG	3.501	1.954	0	0	0	NaN
741	IMG01231.JPG	2.168	1.594	0	0	0	NaN
742	IMG01231.JPG	2.423	0.812	0	0	0	NaN
743	IMG01231.JPG	3.032	0.794	0	0	0	NaN
744	IMG01231.JPG	3.362	1.588	0	0	0	NaN
745	IMG01230.JPG	2.174	2.064	0	0	0	NaN
746	IMG01230.JPG	2.168	1.641	0	0	0	NaN
747	IMG01230.JPG	3.501	1.548	0	0	0	NaN
748	IMG01230.JPG	3.513	2.041	0	0	0	NaN
749	IMG01230.JPG	2.278	1.606	0	0	0	NaN
750	IMG01230.JPG	2.435	0.707	0	0	0	NaN
751	IMG01230.JPG	3.078	0.684	0	0	0	NaN
752	IMG01230.JPG	3.403	1.565	0	0	0	NaN
753	IMG01229.JPG	2.058	2.214	0	0	0	NaN
754	IMG01229.JPG	1.971	1.704	0	0	0	NaN
755	IMG01229.JPG	3.513	1.629	0	0	0	NaN
756	IMG01229.JPG	3.53	2.104	0	0	0	NaN
757	IMG01229.JPG	2.116	1.658	0	0	0	NaN
758	IMG01229.JPG	2.446	0.742	0	0	0	NaN
759	IMG01229.JPG	3.125	0.736	0	0	0	NaN
760	IMG01229.JPG	3.397	1.664	0	0	0	NaN
761	IMG01228.JPG	2.139	1.942	0	0	0	NaN
762	IMG01228.JPG	2.099	1.652	0	0	0	NaN
763	IMG01228.JPG	3.368	1.617	0	0	0	NaN
764	IMG01228.JPG	3.397	1.948	0	0	0	NaN
765	IMG01228.JPG	2.203	1.629	0	0	0	NaN
766	IMG01228.JPG	2.412	0.806	0	0	0	NaN
767	IMG01228.JPG	3.142	0.788	0	0	0	NaN
768	IMG01228.JPG	3.31	1.588	0	0	0	NaN
769	IMG01227.JPG	2.07	1.925	0	0	0	NaN
770	IMG01227.JPG	2.093	1.559	0	0	0	NaN
771	IMG01227.JPG	3.501	1.606	0	0	0	NaN
772	IMG01227.JPG	3.455	1.994	0	0	0	NaN
773	IMG01227.JPG	2.186	1.548	0	0	0	NaN
774	IMG01227.JPG	2.51	0.707	0	0	0	NaN
775	IMG01227.JPG	3.229	0.725	0	0	0	NaN
776	IMG01227.JPG	3.391	1.617	0	0	0	NaN
777	IMG01226.JPG	2.232	1.919	0	0	0	NaN
778	IMG01226.JPG	2.209	1.606	0	0	0	NaN
779	IMG01226.JPG	3.542	1.612	0	0	0	NaN
780	IMG01226.JPG	3.519	1.942	0	0	0	NaN
781	IMG01226.JPG	2.301	1.565	0	0	0	NaN
782	IMG01226.JPG	2.475	0.73	0	0	0	NaN
783	IMG01226.JPG	3.212	0.713	0	0	0	NaN
784	IMG01226.JPG	3.432	1.588	0	0	0	NaN
785	IMG01225.JPG	2.081	2.214	0	0	0	NaN
786	IMG01225.JPG	1.977	1.699	0	0	0	NaN
787	IMG01225.JPG	3.536	1.617	0	0	0	NaN
788	IMG01225.JPG	3.478	2.099	0	0	0	NaN
789	IMG01225.JPG	2.145	1.675	0	0	0	NaN
790	IMG01225.JPG	2.522	0.841	0	0	0	NaN
791	IMG01225.JPG	3.13	0.823	0	0	0	NaN
792	IMG01225.JPG	3.403	1.617	0	0	0	NaN
793	IMG01224.JPG	2.145	1.971	0	0	0	NaN
794	IMG01224.JPG	2.081	1.641	0	0	0	NaN
795	IMG01224.JPG	3.484	1.559	0	0	0	NaN
796	IMG01224.JPG	3.478	1.901	0	0	0	NaN
797	IMG01224.JPG	2.191	1.617	0	0	0	NaN
798	IMG01224.JPG	2.406	0.73	0	0	0	NaN
799	IMG01224.JPG	3.101	0.661	0	0	0	NaN
800	IMG01224.JPG	3.357	1.554	0	0	0	NaN
801	IMG01223.JPG	2.11	2.058	0	0	0	NaN
802	IMG01223.JPG	2.087	1.6	0	0	0	NaN
803	IMG01223.JPG	3.513	1.6	0	0	0	NaN
804	IMG01223.JPG	3.432	2.058	0	0	0	NaN
805	IMG01223.JPG	2.162	1.583	0	0	0	NaN
806	IMG01223.JPG	2.33	0.759	0	0	0	NaN
807	IMG01223.JPG	3.217	0.736	0	0	0	NaN
808	IMG01223.JPG	3.432	1.623	0	0	0	NaN
809	IMG01222.JPG	2.307	2	0	0	0	NaN
810	IMG01222.JPG	2.191	1.675	0	0	0	NaN
811	IMG01222.JPG	3.368	1.588	0	0	0	NaN
812	IMG01222.JPG	3.339	1.965	0	0	0	NaN
813	IMG01222.JPG	2.307	1.635	0	0	0	NaN
814	IMG01222.JPG	2.522	0.87	0	0	0	NaN
815	IMG01222.JPG	3.072	0.817	0	0	0	NaN
816	IMG01222.JPG	3.275	1.565	0	0	0	NaN
817	IMG01221.JPG	2.197	2.017	0	0	0	NaN
818	IMG01221.JPG	2.174	1.693	0	0	0	NaN
819	IMG01221.JPG	3.438	1.583	0	0	0	NaN
820	IMG01221.JPG	3.443	1.977	0	0	0	NaN
821	IMG01221.JPG	2.29	1.687	0	0	0	NaN
822	IMG01221.JPG	2.452	0.858	0	0	0	NaN
823	IMG01221.JPG	3.067	0.817	0	0	0	NaN
824	IMG01221.JPG	3.322	1.559	0	0	0	NaN
825	IMG01220.JPG	2.064	2.052	0	0	0	NaN
826	IMG01220.JPG	2.058	1.675	0	0	0	NaN
827	IMG01220.JPG	3.455	1.612	0	0	0	NaN
828	IMG01220.JPG	3.455	2.029	0	0	0	NaN
829	IMG01220.JPG	2.168	1.652	0	0	0	NaN
830	IMG01220.JPG	2.423	0.875	0	0	0	NaN
831	IMG01220.JPG	3.096	0.858	0	0	0	NaN
832	IMG01220.JPG	3.345	1.646	0	0	0	NaN
833	IMG01219.JPG	2.157	2.081	0	0	0	NaN
834	IMG01219.JPG	2.093	1.606	0	0	0	NaN
835	IMG01219.JPG	3.397	1.583	0	0	0	NaN
836	IMG01219.JPG	3.351	2.058	0	0	0	NaN
837	IMG01219.JPG	2.191	1.571	0	0	0	NaN
838	IMG01219.JPG	2.412	0.719	0	0	0	NaN
839	IMG01219.JPG	3.084	0.69	0	0	0	NaN
840	IMG01219.JPG	3.304	1.577	0	0	0	NaN
841	IMG01218.JPG	2.18	1.977	0	0	0	NaN
842	IMG01218.JPG	2.186	1.71	0	0	0	NaN
843	IMG01218.JPG	3.443	1.693	0	0	0	NaN
844	IMG01218.JPG	3.397	1.971	0	0	0	NaN
845	IMG01218.JPG	2.296	1.681	0	0	0	NaN
846	IMG01218.JPG	2.429	0.87	0	0	0	NaN
847	IMG01218.JPG	3.101	0.829	0	0	0	NaN
848	IMG01218.JPG	3.333	1.646	0	0	0	NaN
849	IMG01217.JPG	2.07	2.139	0	0	0	NaN
850	IMG01217.JPG	2.017	1.617	0	0	0	NaN
851	IMG01217.JPG	3.554	1.583	0	0	0	NaN
852	IMG01217.JPG	3.501	2.075	0	0	0	NaN
853	IMG01217.JPG	2.162	1.6	0	0	0	NaN
854	IMG01217.JPG	2.441	0.794	0	0	0	NaN
855	IMG01217.JPG	3.13	0.759	0	0	0	NaN
856	IMG01217.JPG	3.397	1.623	0	0	0	NaN
857	IMG01216.JPG	2.058	2.052	0	0	0	NaN
858	IMG01216.JPG	2.052	1.612	0	0	0	NaN
859	IMG01216.JPG	3.519	1.571	0	0	0	NaN
860	IMG01216.JPG	3.559	2.023	0	0	0	NaN
861	IMG01216.JPG	2.191	1.583	0	0	0	NaN
862	IMG01216.JPG	2.493	0.713	0	0	0	NaN
863	IMG01216.JPG	3.084	0.719	0	0	0	NaN
864	IMG01216.JPG	3.426	1.588	0	0	0	NaN
865	IMG01215.JPG	2.203	1.948	0	0	0	NaN
866	IMG01215.JPG	2.133	1.577	0	0	0	NaN
867	IMG01215.JPG	3.339	1.548	0	0	0	NaN
868	IMG01215.JPG	3.287	1.89	0	0	0	NaN
869	IMG01215.JPG	2.249	1.525	0	0	0	NaN
870	IMG01215.JPG	2.435	0.754	0	0	0	NaN
871	IMG01215.JPG	3.078	0.736	0	0	0	NaN
872	IMG01215.JPG	3.241	1.542	0	0	0	NaN
873	IMG01214.JPG	2.017	2.029	0	0	0	NaN
874	IMG01214.JPG	2.081	1.646	0	0	0	NaN
875	IMG01214.JPG	3.507	1.6	0	0	0	NaN
876	IMG01214.JPG	3.554	2.052	0	0	0	NaN
877	IMG01214.JPG	2.186	1.623	0	0	0	NaN
878	IMG01214.JPG	2.441	0.858	0	0	0	NaN
879	IMG01214.JPG	3.148	0.846	0	0	0	NaN
880	IMG01214.JPG	3.409	1.629	0	0	0	NaN
881	IMG01213.JPG	2.197	2.041	0	0	0	NaN
882	IMG01213.JPG	2.087	1.733	0	0	0	NaN
883	IMG01213.JPG	3.478	1.606	0	0	0	NaN
884	IMG01213.JPG	3.478	1.948	0	0	0	NaN
885	IMG01213.JPG	2.18	1.67	0	0	0	NaN
886	IMG01213.JPG	2.348	0.835	0	0	0	NaN
887	IMG01213.JPG	3.101	0.742	0	0	0	NaN
888	IMG01213.JPG	3.386	1.577	0	0	0	NaN